"T","Kappa","Y","alpha","eps1","eps2","rho1","rho2","lam"
"1",281,0,1,0.4,0.64,0.54,0.009,0.87,0
"2",281,0.05,1,0.4,0.64,0.54,0.009,0.87,0
"3",281,0.1,1,0.4,0.64,0.54,0.009,0.87,0.073064385485345
"4",281,0.15,1,0.4,0.64,0.54,0.009,0.87,0.0730224395754332
"5",281,0.2,1,0.4,0.64,0.54,0.009,0.87,0.435928912479906
"6",281,0.25,1,0.4,0.64,0.54,0.009,0.87,0.509733900447025
"7",281,0.3,1,0.4,0.64,0.54,0.009,0.87,0.578700304375325
"8",281,0.35,1,0.4,0.64,0.54,0.009,0.87,0.62395626317573
"9",281,0.4,1,0.4,0.64,0.54,0.009,0.87,0.695153345140227
"10",281,0.45,1,0.4,0.64,0.54,0.009,0.87,0.754264693053984
"11",281,0.5,1,0.4,0.64,0.54,0.009,0.87,0.782564797433126
"12",281,0.55,1,0.4,0.64,0.54,0.009,0.87,0.806642154932513
"13",281,0.6,1,0.4,0.64,0.54,0.009,0.87,0.823106811063865
"14",281,0.65,1,0.4,0.64,0.54,0.009,0.87,0.85658712128055
"15",281,0.7,1,0.4,0.64,0.54,0.009,0.87,0.952285788223092
"16",281,0.75,1,0.4,0.64,0.54,0.009,0.87,0.987298322245099
"17",281,0.8,1,0.4,0.64,0.54,0.009,0.87,0.980173722938916
"18",281,0.85,1,0.4,0.64,0.54,0.009,0.87,0.966410200397472
"19",281,0.9,1,0.4,0.64,0.54,0.009,0.87,0.944453435748084
"20",281,0.95,1,0.4,0.64,0.54,0.009,0.87,0.909488353469771
"21",281,1,1,0.4,0.64,0.54,0.009,0.87,0.845681608690357
"22",281.5,0,1,0.4,0.64,0.54,0.009,0.87,0
"23",281.5,0.05,1,0.4,0.64,0.54,0.009,0.87,0
"24",281.5,0.1,1,0.4,0.64,0.54,0.009,0.87,0.0666585573784721
"25",281.5,0.15,1,0.4,0.64,0.54,0.009,0.87,0.0666168486675353
"26",281.5,0.2,1,0.4,0.64,0.54,0.009,0.87,0.42577701387586
"27",281.5,0.25,1,0.4,0.64,0.54,0.009,0.87,0.499589167400273
"28",281.5,0.3,1,0.4,0.64,0.54,0.009,0.87,0.568463534061278
"29",281.5,0.35,1,0.4,0.64,0.54,0.009,0.87,0.617758500483726
"30",281.5,0.4,1,0.4,0.64,0.54,0.009,0.87,0.701585009690821
"31",281.5,0.45,1,0.4,0.64,0.54,0.009,0.87,0.752006542773688
"32",281.5,0.5,1,0.4,0.64,0.54,0.009,0.87,0.783453490987182
"33",281.5,0.55,1,0.4,0.64,0.54,0.009,0.87,0.801997563811171
"34",281.5,0.6,1,0.4,0.64,0.54,0.009,0.87,0.823636006245211
"35",281.5,0.65,1,0.4,0.64,0.54,0.009,0.87,0.8954932879183
"36",281.5,0.7,1,0.4,0.64,0.54,0.009,0.87,1.00085593977145
"37",281.5,0.75,1,0.4,0.64,0.54,0.009,0.87,1.00455956954852
"38",281.5,0.8,1,0.4,0.64,0.54,0.009,0.87,0.995505342094986
"39",281.5,0.85,1,0.4,0.64,0.54,0.009,0.87,0.979904780992132
"40",281.5,0.9,1,0.4,0.64,0.54,0.009,0.87,0.954996008373211
"41",281.5,0.95,1,0.4,0.64,0.54,0.009,0.87,0.915176028782471
"42",281.5,1,1,0.4,0.64,0.54,0.009,0.87,0.840724197871786
"43",282,0,1,0.4,0.64,0.54,0.009,0.87,0
"44",282,0.05,1,0.4,0.64,0.54,0.009,0.87,0
"45",282,0.1,1,0.4,0.64,0.54,0.009,0.87,0.0606398066557211
"46",282,0.15,1,0.4,0.64,0.54,0.009,0.87,0.0605985963787877
"47",282,0.2,1,0.4,0.64,0.54,0.009,0.87,0.415726903455516
"48",282,0.25,1,0.4,0.64,0.54,0.009,0.87,0.489789685308495
"49",282,0.3,1,0.4,0.64,0.54,0.009,0.87,0.559458529329567
"50",282,0.35,1,0.4,0.64,0.54,0.009,0.87,0.616377063541905
"51",282,0.4,1,0.4,0.64,0.54,0.009,0.87,0.707948339167538
"52",282,0.45,1,0.4,0.64,0.54,0.009,0.87,0.746786216645607
"53",282,0.5,1,0.4,0.64,0.54,0.009,0.87,0.778557255383241
"54",282,0.55,1,0.4,0.64,0.54,0.009,0.87,0.799026315841936
"55",282,0.6,1,0.4,0.64,0.54,0.009,0.87,0.83432777560791
"56",282,0.65,1,0.4,0.64,0.54,0.009,0.87,0.968852131040147
"57",282,0.7,1,0.4,0.64,0.54,0.009,0.87,1.02536690852893
"58",282,0.75,1,0.4,0.64,0.54,0.009,0.87,1.02196034990004
"59",282,0.8,1,0.4,0.64,0.54,0.009,0.87,1.01179819610812
"60",282,0.85,1,0.4,0.64,0.54,0.009,0.87,0.994366894501389
"61",282,0.9,1,0.4,0.64,0.54,0.009,0.87,0.966481120610787
"62",282,0.95,1,0.4,0.64,0.54,0.009,0.87,0.921560428063936
"63",282,1,1,0.4,0.64,0.54,0.009,0.87,0.835641847281769
"64",282.5,0,1,0.4,0.64,0.54,0.009,0.87,0
"65",282.5,0.05,1,0.4,0.64,0.54,0.009,0.87,0
"66",282.5,0.1,1,0.4,0.64,0.54,0.009,0.87,0.0550018650931485
"67",282.5,0.15,1,0.4,0.64,0.54,0.009,0.87,0.0549614633377388
"68",282.5,0.2,1,0.4,0.64,0.54,0.009,0.87,0.405826029564367
"69",282.5,0.25,1,0.4,0.64,0.54,0.009,0.87,0.480482227099945
"70",282.5,0.3,1,0.4,0.64,0.54,0.009,0.87,0.552223657649718
"71",282.5,0.35,1,0.4,0.64,0.54,0.009,0.87,0.620163965270844
"72",282.5,0.4,1,0.4,0.64,0.54,0.009,0.87,0.709704380882742
"73",282.5,0.45,1,0.4,0.64,0.54,0.009,0.87,0.741376995611024
"74",282.5,0.5,1,0.4,0.64,0.54,0.009,0.87,0.766285060062614
"75",282.5,0.55,1,0.4,0.64,0.54,0.009,0.87,0.792213854116599
"76",282.5,0.6,1,0.4,0.64,0.54,0.009,0.87,0.866368394005932
"77",282.5,0.65,1,0.4,0.64,0.54,0.009,0.87,1.02935974201407
"78",282.5,0.7,1,0.4,0.64,0.54,0.009,0.87,1.04466390624897
"79",282.5,0.75,1,0.4,0.64,0.54,0.009,0.87,1.04016071958475
"80",282.5,0.8,1,0.4,0.64,0.54,0.009,0.87,1.02894557422928
"81",282.5,0.85,1,0.4,0.64,0.54,0.009,0.87,1.00973795495038
"82",282.5,0.9,1,0.4,0.64,0.54,0.009,0.87,0.978785869688873
"83",282.5,0.95,1,0.4,0.64,0.54,0.009,0.87,0.928650251575473
"84",282.5,1,1,0.4,0.64,0.54,0.009,0.87,0.830432983617156
"85",283,0,1,0.4,0.64,0.54,0.009,0.87,0
"86",283,0.05,1,0.4,0.64,0.54,0.009,0.87,0
"87",283,0.1,1,0.4,0.64,0.54,0.009,0.87,0.0497370427977088
"88",283,0.15,1,0.4,0.64,0.54,0.009,0.87,0.0496978061422857
"89",283,0.2,1,0.4,0.64,0.54,0.009,0.87,0.396114011339611
"90",283,0.25,1,0.4,0.64,0.54,0.009,0.87,0.471790962618992
"91",283,0.3,1,0.4,0.64,0.54,0.009,0.87,0.547179146433179
"92",283,0.35,1,0.4,0.64,0.54,0.009,0.87,0.627605282958824
"93",283,0.4,1,0.4,0.64,0.54,0.009,0.87,0.691710226298286
"94",283,0.45,1,0.4,0.64,0.54,0.009,0.87,0.737214444554986
"95",283,0.5,1,0.4,0.64,0.54,0.009,0.87,0.764129996292979
"96",283,0.55,1,0.4,0.64,0.54,0.009,0.87,0.797508523725914
"97",283,0.6,1,0.4,0.64,0.54,0.009,0.87,0.928991100468687
"98",283,0.65,1,0.4,0.64,0.54,0.009,0.87,1.06006764651737
"99",283,0.7,1,0.4,0.64,0.54,0.009,0.87,1.0638115973584
"100",283,0.75,1,0.4,0.64,0.54,0.009,0.87,1.0589174698499
"101",283,0.8,1,0.4,0.64,0.54,0.009,0.87,1.04680108836827
"102",283,0.85,1,0.4,0.64,0.54,0.009,0.87,1.02565141753705
"103",283,0.9,1,0.4,0.64,0.54,0.009,0.87,0.991684109128207
"104",283,0.95,1,0.4,0.64,0.54,0.009,0.87,0.936213288899573
"105",283,1,1,0.4,0.64,0.54,0.009,0.87,0.825096095815789
"106",283.5,0,1,0.4,0.64,0.54,0.009,0.87,0
"107",283.5,0.05,1,0.4,0.64,0.54,0.009,0.87,0
"108",283.5,0.1,1,0.4,0.64,0.54,0.009,0.87,0.0448363112088755
"109",283.5,0.15,1,0.4,0.64,0.54,0.009,0.87,0.0447986344165158
"110",283.5,0.2,1,0.4,0.64,0.54,0.009,0.87,0.296170726573066
"111",283.5,0.25,1,0.4,0.64,0.54,0.009,0.87,0.408338727076999
"112",283.5,0.3,1,0.4,0.64,0.54,0.009,0.87,0.497620092378809
"113",283.5,0.35,1,0.4,0.64,0.54,0.009,0.87,0.607837360668267
"114",283.5,0.4,1,0.4,0.64,0.54,0.009,0.87,0.687973153647594
"115",283.5,0.45,1,0.4,0.64,0.54,0.009,0.87,0.721717038394498
"116",283.5,0.5,1,0.4,0.64,0.54,0.009,0.87,0.754097448568389
"117",283.5,0.55,1,0.4,0.64,0.54,0.009,0.87,0.804065608813252
"118",283.5,0.6,1,0.4,0.64,0.54,0.009,0.87,1.00872772939843
"119",283.5,0.65,1,0.4,0.64,0.54,0.009,0.87,1.08063071042794
"120",283.5,0.7,1,0.4,0.64,0.54,0.009,0.87,1.08291703721028
"121",283.5,0.75,1,0.4,0.64,0.54,0.009,0.87,1.0778864672581
"122",283.5,0.8,1,0.4,0.64,0.54,0.009,0.87,1.06481966465079
"123",283.5,0.85,1,0.4,0.64,0.54,0.009,0.87,1.04200208700683
"124",283.5,0.9,1,0.4,0.64,0.54,0.009,0.87,1.00498561627628
"125",283.5,0.95,1,0.4,0.64,0.54,0.009,0.87,0.944199989713242
"126",283.5,1,1,0.4,0.64,0.54,0.009,0.87,0.819629740408961
"127",284,0,1,0.4,0.64,0.54,0.009,0.87,0
"128",284,0.05,1,0.4,0.64,0.54,0.009,0.87,0
"129",284,0.1,1,0.4,0.64,0.54,0.009,0.87,0.0402893983962953
"130",284,0.15,1,0.4,0.64,0.54,0.009,0.87,0.0402536986232937
"131",284,0.2,1,0.4,0.64,0.54,0.009,0.87,0.28794637426211
"132",284,0.25,1,0.4,0.64,0.54,0.009,0.87,0.400228975802381
"133",284,0.3,1,0.4,0.64,0.54,0.009,0.87,0.497567683019881
"134",284,0.35,1,0.4,0.64,0.54,0.009,0.87,0.614016154877231
"135",284,0.4,1,0.4,0.64,0.54,0.009,0.87,0.665773887004906
"136",284,0.45,1,0.4,0.64,0.54,0.009,0.87,0.706120003442626
"137",284,0.5,1,0.4,0.64,0.54,0.009,0.87,0.746022528566898
"138",284,0.55,1,0.4,0.64,0.54,0.009,0.87,0.815800678289749
"139",284,0.6,1,0.4,0.64,0.54,0.009,0.87,1.06676729273485
"140",284,0.65,1,0.4,0.64,0.54,0.009,0.87,1.09940455837498
"141",284,0.7,1,0.4,0.64,0.54,0.009,0.87,1.10183241902676
"142",284,0.75,1,0.4,0.64,0.54,0.009,0.87,1.09661488567945
"143",284,0.8,1,0.4,0.64,0.54,0.009,0.87,1.08264374602807
"144",284,0.85,1,0.4,0.64,0.54,0.009,0.87,1.05825849745577
"145",284,0.9,1,0.4,0.64,0.54,0.009,0.87,1.01843509461137
"146",284,0.95,1,0.4,0.64,0.54,0.009,0.87,0.95244161806863
"147",284,1,1,0.4,0.64,0.54,0.009,0.87,0.814032547037803
"148",284.5,0,1,0.4,0.64,0.54,0.009,0.87,0
"149",284.5,0.05,1,0.4,0.64,0.54,0.009,0.87,0
"150",284.5,0.1,1,0.4,0.64,0.54,0.009,0.87,0.0360848956483731
"151",284.5,0.15,1,0.4,0.64,0.54,0.009,0.87,0.0360515884938206
"152",284.5,0.2,1,0.4,0.64,0.54,0.009,0.87,0.280048539188309
"153",284.5,0.25,1,0.4,0.64,0.54,0.009,0.87,0.393333932556349
"154",284.5,0.3,1,0.4,0.64,0.54,0.009,0.87,0.499830318757143
"155",284.5,0.35,1,0.4,0.64,0.54,0.009,0.87,0.616888965334273
"156",284.5,0.4,1,0.4,0.64,0.54,0.009,0.87,0.665141359141065
"157",284.5,0.45,1,0.4,0.64,0.54,0.009,0.87,0.691241619664802
"158",284.5,0.5,1,0.4,0.64,0.54,0.009,0.87,0.726194538203019
"159",284.5,0.55,1,0.4,0.64,0.54,0.009,0.87,0.846719964090877
"160",284.5,0.6,1,0.4,0.64,0.54,0.009,0.87,1.09886597539837
"161",284.5,0.65,1,0.4,0.64,0.54,0.009,0.87,1.11681659149176
"162",284.5,0.7,1,0.4,0.64,0.54,0.009,0.87,1.11966081562756
"163",284.5,0.75,1,0.4,0.64,0.54,0.009,0.87,1.11454597228677
"164",284.5,0.8,1,0.4,0.64,0.54,0.009,0.87,1.09996138819135
"165",284.5,0.85,1,0.4,0.64,0.54,0.009,0.87,1.07398656924889
"166",284.5,0.9,1,0.4,0.64,0.54,0.009,0.87,1.03164526771707
"167",284.5,0.95,1,0.4,0.64,0.54,0.009,0.87,0.960845859942179
"168",284.5,1,1,0.4,0.64,0.54,0.009,0.87,0.808303224128978
"169",285,0,1,0.4,0.64,0.54,0.009,0.87,0
"170",285,0.05,1,0.4,0.64,0.54,0.009,0.87,0
"171",285,0.1,1,0.4,0.64,0.54,0.009,0.87,0.0322103741513844
"172",285,0.15,1,0.4,0.64,0.54,0.009,0.87,0.0321798424911461
"173",285,0.2,1,0.4,0.64,0.54,0.009,0.87,0.272486565123841
"174",285,0.25,1,0.4,0.64,0.54,0.009,0.87,0.387430028037623
"175",285,0.3,1,0.4,0.64,0.54,0.009,0.87,0.447836363798742
"176",285,0.35,1,0.4,0.64,0.54,0.009,0.87,0.587387924634241
"177",285,0.4,1,0.4,0.64,0.54,0.009,0.87,0.643953219006996
"178",285,0.45,1,0.4,0.64,0.54,0.009,0.87,0.677956668225134
"179",285,0.5,1,0.4,0.64,0.54,0.009,0.87,0.723295958105494
"180",285,0.55,1,0.4,0.64,0.54,0.009,0.87,0.878973509727095
"181",285,0.6,1,0.4,0.64,0.54,0.009,0.87,1.11798506638293
"182",285,0.65,1,0.4,0.64,0.54,0.009,0.87,1.13228791414355
"183",285,0.7,1,0.4,0.64,0.54,0.009,0.87,1.13613018582465
"184",285,0.75,1,0.4,0.64,0.54,0.009,0.87,1.13104571006264
"185",285,0.8,1,0.4,0.64,0.54,0.009,0.87,1.11585543699534
"186",285,0.85,1,0.4,0.64,0.54,0.009,0.87,1.08864775954637
"187",285,0.9,1,0.4,0.64,0.54,0.009,0.87,1.04416858799627
"188",285,0.95,1,0.4,0.64,0.54,0.009,0.87,0.969880530772023
"189",285,1,1,0.4,0.64,0.54,0.009,0.87,0.802440564724115
"190",285.5,0,1,0.4,0.64,0.54,0.009,0.87,0
"191",285.5,0.05,1,0.4,0.64,0.54,0.009,0.87,0
"192",285.5,0.1,1,0.4,0.64,0.54,0.009,0.87,0
"193",285.5,0.15,1,0.4,0.64,0.54,0.009,0.87,0.028625069105428
"194",285.5,0.2,1,0.4,0.64,0.54,0.009,0.87,0.265230898015603
"195",285.5,0.25,1,0.4,0.64,0.54,0.009,0.87,0.382001907728928
"196",285.5,0.3,1,0.4,0.64,0.54,0.009,0.87,0.452738084677447
"197",285.5,0.35,1,0.4,0.64,0.54,0.009,0.87,0.552575168375858
"198",285.5,0.4,1,0.4,0.64,0.54,0.009,0.87,0.622496168745534
"199",285.5,0.45,1,0.4,0.64,0.54,0.009,0.87,0.66716375265944
"200",285.5,0.5,1,0.4,0.64,0.54,0.009,0.87,0.705392926660793
"201",285.5,0.55,1,0.4,0.64,0.54,0.009,0.87,0.903280279514966
"202",285.5,0.6,1,0.4,0.64,0.54,0.009,0.87,1.13122490826815
"203",285.5,0.65,1,0.4,0.64,0.54,0.009,0.87,1.1452715492542
"204",285.5,0.7,1,0.4,0.64,0.54,0.009,0.87,1.1502316181713
"205",285.5,0.75,1,0.4,0.64,0.54,0.009,0.87,1.14534843654148
"206",285.5,0.8,1,0.4,0.64,0.54,0.009,0.87,1.12991789640584
"207",285.5,0.85,1,0.4,0.64,0.54,0.009,0.87,1.10149890343354
"208",285.5,0.9,1,0.4,0.64,0.54,0.009,0.87,1.05551820676811
"209",285.5,0.95,1,0.4,0.64,0.54,0.009,0.87,0.981386253788387
"210",285.5,1,1,0.4,0.64,0.54,0.009,0.87,0.796443452456432
"211",286,0,1,0.4,0.64,0.54,0.009,0.87,0
"212",286,0.05,1,0.4,0.64,0.54,0.009,0.87,0
"213",286,0.1,1,0.4,0.64,0.54,0.009,0.87,0
"214",286,0.15,1,0.4,0.64,0.54,0.009,0.87,0.0253730805722692
"215",286,0.2,1,0.4,0.64,0.54,0.009,0.87,0.258206280188323
"216",286,0.25,1,0.4,0.64,0.54,0.009,0.87,0.312724762479917
"217",286,0.3,1,0.4,0.64,0.54,0.009,0.87,0.387900785362773
"218",286,0.35,1,0.4,0.64,0.54,0.009,0.87,0.556210164776183
"219",286,0.4,1,0.4,0.64,0.54,0.009,0.87,0.601182935566197
"220",286,0.45,1,0.4,0.64,0.54,0.009,0.87,0.631570788970342
"221",286,0.5,1,0.4,0.64,0.54,0.009,0.87,0.686867793571812
"222",286,0.55,1,0.4,0.64,0.54,0.009,0.87,0.916071454083392
"223",286,0.6,1,0.4,0.64,0.54,0.009,0.87,1.13995094512821
"224",286,0.65,1,0.4,0.64,0.54,0.009,0.87,1.15512753743219
"225",286,0.7,1,0.4,0.64,0.54,0.009,0.87,1.160884061367
"226",286,0.75,1,0.4,0.64,0.54,0.009,0.87,1.15674554971192
"227",286,0.8,1,0.4,0.64,0.54,0.009,0.87,1.14141327332402
"228",286,0.85,1,0.4,0.64,0.54,0.009,0.87,1.11215973462516
"229",286,0.9,1,0.4,0.64,0.54,0.009,0.87,1.06531498186793
"230",286,0.95,1,0.4,0.64,0.54,0.009,0.87,0.997190285971363
"231",286,1,1,0.4,0.64,0.54,0.009,0.87,0.790310867666953
"232",286.5,0,1,0.4,0.64,0.54,0.009,0.87,0
"233",286.5,0.05,1,0.4,0.64,0.54,0.009,0.87,0
"234",286.5,0.1,1,0.4,0.64,0.54,0.009,0.87,0
"235",286.5,0.15,1,0.4,0.64,0.54,0.009,0.87,0.0224090384478123
"236",286.5,0.2,1,0.4,0.64,0.54,0.009,0.87,0.251291092366649
"237",286.5,0.25,1,0.4,0.64,0.54,0.009,0.87,0.30997501879252
"238",286.5,0.3,1,0.4,0.64,0.54,0.009,0.87,0.393288974397466
"239",286.5,0.35,1,0.4,0.64,0.54,0.009,0.87,0.519038939038336
"240",286.5,0.4,1,0.4,0.64,0.54,0.009,0.87,0.580142775703326
"241",286.5,0.45,1,0.4,0.64,0.54,0.009,0.87,0.624935759201183
"242",286.5,0.5,1,0.4,0.64,0.54,0.009,0.87,0.667483562819589
"243",286.5,0.55,1,0.4,0.64,0.54,0.009,0.87,0.899209771027235
"244",286.5,0.6,1,0.4,0.64,0.54,0.009,0.87,1.14374801249215
"245",286.5,0.65,1,0.4,0.64,0.54,0.009,0.87,1.16060698877709
"246",286.5,0.7,1,0.4,0.64,0.54,0.009,0.87,1.1681787853969
"247",286.5,0.75,1,0.4,0.64,0.54,0.009,0.87,1.16446332839139
"248",286.5,0.8,1,0.4,0.64,0.54,0.009,0.87,1.14924172303788
"249",286.5,0.85,1,0.4,0.64,0.54,0.009,0.87,1.11919556999533
"250",286.5,0.9,1,0.4,0.64,0.54,0.009,0.87,1.0725218682477
"251",286.5,0.95,1,0.4,0.64,0.54,0.009,0.87,1.01137804260167
"252",286.5,1,1,0.4,0.64,0.54,0.009,0.87,0.784041893651597
"253",287,0,1,0.4,0.64,0.54,0.009,0.87,0
"254",287,0.05,1,0.4,0.64,0.54,0.009,0.87,0
"255",287,0.1,1,0.4,0.64,0.54,0.009,0.87,0
"256",287,0.15,1,0.4,0.64,0.54,0.009,0.87,0.0197176083767945
"257",287,0.2,1,0.4,0.64,0.54,0.009,0.87,0.244318632451239
"258",287,0.25,1,0.4,0.64,0.54,0.009,0.87,0.306826448969673
"259",287,0.3,1,0.4,0.64,0.54,0.009,0.87,0.396824095324932
"260",287,0.35,1,0.4,0.64,0.54,0.009,0.87,0.476646399968674
"261",287,0.4,1,0.4,0.64,0.54,0.009,0.87,0.515156537470452
"262",287,0.45,1,0.4,0.64,0.54,0.009,0.87,0.585404906526793
"263",287,0.5,1,0.4,0.64,0.54,0.009,0.87,0.647571854535918
"264",287,0.55,1,0.4,0.64,0.54,0.009,0.87,0.851061158817665
"265",287,0.6,1,0.4,0.64,0.54,0.009,0.87,1.14145549467947
"266",287,0.65,1,0.4,0.64,0.54,0.009,0.87,1.16057094055693
"267",287,0.7,1,0.4,0.64,0.54,0.009,0.87,1.16918801381816
"268",287,0.75,1,0.4,0.64,0.54,0.009,0.87,1.16681887877959
"269",287,0.8,1,0.4,0.64,0.54,0.009,0.87,1.1527619090647
"270",287,0.85,1,0.4,0.64,0.54,0.009,0.87,1.12235390614967
"271",287,0.9,1,0.4,0.64,0.54,0.009,0.87,1.07667252966598
"272",287,0.95,1,0.4,0.64,0.54,0.009,0.87,1.01779603544231
"273",287,1,1,0.4,0.64,0.54,0.009,0.87,0.777635723029299
"274",287.5,0,1,0.4,0.64,0.54,0.009,0.87,0
"275",287.5,0.05,1,0.4,0.64,0.54,0.009,0.87,0
"276",287.5,0.1,1,0.4,0.64,0.54,0.009,0.87,0
"277",287.5,0.15,1,0.4,0.64,0.54,0.009,0.87,0.0172831189704195
"278",287.5,0.2,1,0.4,0.64,0.54,0.009,0.87,0.0172341747475128
"279",287.5,0.25,1,0.4,0.64,0.54,0.009,0.87,0.219042747793141
"280",287.5,0.3,1,0.4,0.64,0.54,0.009,0.87,0.321959669910346
"281",287.5,0.35,1,0.4,0.64,0.54,0.009,0.87,0.425911886036177
"282",287.5,0.4,1,0.4,0.64,0.54,0.009,0.87,0.48881954674207
"283",287.5,0.45,1,0.4,0.64,0.54,0.009,0.87,0.539525943056873
"284",287.5,0.5,1,0.4,0.64,0.54,0.009,0.87,0.589777603742878
"285",287.5,0.55,1,0.4,0.64,0.54,0.009,0.87,0.776174137937902
"286",287.5,0.6,1,0.4,0.64,0.54,0.009,0.87,1.13207292991879
"287",287.5,0.65,1,0.4,0.64,0.54,0.009,0.87,1.1549030390724
"288",287.5,0.7,1,0.4,0.64,0.54,0.009,0.87,1.16572973781122
"289",287.5,0.75,1,0.4,0.64,0.54,0.009,0.87,1.16518448904119
"290",287.5,0.8,1,0.4,0.64,0.54,0.009,0.87,1.15043024889306
"291",287.5,0.85,1,0.4,0.64,0.54,0.009,0.87,1.12109847128463
"292",287.5,0.9,1,0.4,0.64,0.54,0.009,0.87,1.07396345418624
"293",287.5,0.95,1,0.4,0.64,0.54,0.009,0.87,1.01625819008016
"294",287.5,1,1,0.4,0.64,0.54,0.009,0.87,0.771091664220073
"295",288,0,1,0.4,0.64,0.54,0.009,0.87,0
"296",288,0.05,1,0.4,0.64,0.54,0.009,0.87,0
"297",288,0.1,1,0.4,0.64,0.54,0.009,0.87,0
"298",288,0.15,1,0.4,0.64,0.54,0.009,0.87,0.0150897180649914
"299",288,0.2,1,0.4,0.64,0.54,0.009,0.87,0.0150519709857667
"300",288,0.25,1,0.4,0.64,0.54,0.009,0.87,0.216585638441687
"301",288,0.3,1,0.4,0.64,0.54,0.009,0.87,0.329344496391337
"302",288,0.35,1,0.4,0.64,0.54,0.009,0.87,0.358613520179565
"303",288,0.4,1,0.4,0.64,0.54,0.009,0.87,0.460632515254887
"304",288,0.45,1,0.4,0.64,0.54,0.009,0.87,0.535978850138508
"305",288,0.5,1,0.4,0.64,0.54,0.009,0.87,0.563511727762069
"306",288,0.55,1,0.4,0.64,0.54,0.009,0.87,0.663340967185376
"307",288,0.6,1,0.4,0.64,0.54,0.009,0.87,1.10728606531062
"308",288,0.65,1,0.4,0.64,0.54,0.009,0.87,1.14220239778246
"309",288,0.7,1,0.4,0.64,0.54,0.009,0.87,1.15577760798715
"310",288,0.75,1,0.4,0.64,0.54,0.009,0.87,1.15591089379866
"311",288,0.8,1,0.4,0.64,0.54,0.009,0.87,1.14071672811356
"312",288,0.85,1,0.4,0.64,0.54,0.009,0.87,1.1123341906022
"313",288,0.9,1,0.4,0.64,0.54,0.009,0.87,1.06738233744419
"314",288,0.95,1,0.4,0.64,0.54,0.009,0.87,1.00318180399387
"315",288,1,1,0.4,0.64,0.54,0.009,0.87,0.606011849195658
"316",288.5,0,1,0.4,0.64,0.54,0.009,0.87,0
"317",288.5,0.05,1,0.4,0.64,0.54,0.009,0.87,0
"318",288.5,0.1,1,0.4,0.64,0.54,0.009,0.87,0
"319",288.5,0.15,1,0.4,0.64,0.54,0.009,0.87,0.0131215197407436
"320",288.5,0.2,1,0.4,0.64,0.54,0.009,0.87,0.0130934601667167
"321",288.5,0.25,1,0.4,0.64,0.54,0.009,0.87,0.213388293952948
"322",288.5,0.3,1,0.4,0.64,0.54,0.009,0.87,0.262050740711449
"323",288.5,0.35,1,0.4,0.64,0.54,0.009,0.87,0.370150391660184
"324",288.5,0.4,1,0.4,0.64,0.54,0.009,0.87,0.428945445624759
"325",288.5,0.45,1,0.4,0.64,0.54,0.009,0.87,0.478243039834304
"326",288.5,0.5,1,0.4,0.64,0.54,0.009,0.87,0.534447949465451
"327",288.5,0.55,1,0.4,0.64,0.54,0.009,0.87,0.617535460651255
"328",288.5,0.6,1,0.4,0.64,0.54,0.009,0.87,1.02695060000661
"329",288.5,0.65,1,0.4,0.64,0.54,0.009,0.87,1.12092841217939
"330",288.5,0.7,1,0.4,0.64,0.54,0.009,0.87,1.13388059820389
"331",288.5,0.75,1,0.4,0.64,0.54,0.009,0.87,1.13842581833306
"332",288.5,0.8,1,0.4,0.64,0.54,0.009,0.87,1.12609474133055
"333",288.5,0.85,1,0.4,0.64,0.54,0.009,0.87,1.09872536813457
"334",288.5,0.9,1,0.4,0.64,0.54,0.009,0.87,1.04781319109533
"335",288.5,0.95,1,0.4,0.64,0.54,0.009,0.87,0.983969188506226
"336",288.5,1,1,0.4,0.64,0.54,0.009,0.87,0.714826484090025
"337",289,0,1,0.4,0.64,0.54,0.009,0.87,0
"338",289,0.05,1,0.4,0.64,0.54,0.009,0.87,0
"339",289,0.1,1,0.4,0.64,0.54,0.009,0.87,0
"340",289,0.15,1,0.4,0.64,0.54,0.009,0.87,0.0113627374988481
"341",289,0.2,1,0.4,0.64,0.54,0.009,0.87,0.011342555897557
"342",289,0.25,1,0.4,0.64,0.54,0.009,0.87,0.209062976993881
"343",289,0.3,1,0.4,0.64,0.54,0.009,0.87,0.26669643808124
"344",289,0.35,1,0.4,0.64,0.54,0.009,0.87,0.283428938343894
"345",289,0.4,1,0.4,0.64,0.54,0.009,0.87,0.38971342643863
"346",289,0.45,1,0.4,0.64,0.54,0.009,0.87,0.405997754486204
"347",289,0.5,1,0.4,0.64,0.54,0.009,0.87,0.498640582163002
"348",289,0.55,1,0.4,0.64,0.54,0.009,0.87,0.548880871873927
"349",289,0.6,1,0.4,0.64,0.54,0.009,0.87,0.823438875267809
"350",289,0.65,1,0.4,0.64,0.54,0.009,0.87,1.08733547265186
"351",289,0.7,1,0.4,0.64,0.54,0.009,0.87,1.10494705405145
"352",289,0.75,1,0.4,0.64,0.54,0.009,0.87,1.11476747995996
"353",289,0.8,1,0.4,0.64,0.54,0.009,0.87,1.10186686547912
"354",289,0.85,1,0.4,0.64,0.54,0.009,0.87,1.07531274612045
"355",289,0.9,1,0.4,0.64,0.54,0.009,0.87,1.02155617302062
"356",289,0.95,1,0.4,0.64,0.54,0.009,0.87,0.954592706928956
"357",289,1,1,0.4,0.64,0.54,0.009,0.87,0.622683095297343
"358",289.5,0,1,0.4,0.64,0.54,0.009,0.87,0
"359",289.5,0.05,1,0.4,0.64,0.54,0.009,0.87,0
"360",289.5,0.1,1,0.4,0.64,0.54,0.009,0.87,0
"361",289.5,0.15,1,0.4,0.64,0.54,0.009,0.87,0
"362",289.5,0.2,1,0.4,0.64,0.54,0.009,0.87,0.00978368946941232
"363",289.5,0.25,1,0.4,0.64,0.54,0.009,0.87,0.00972250880815255
"364",289.5,0.3,1,0.4,0.64,0.54,0.009,0.87,0.186970639398979
"365",289.5,0.35,1,0.4,0.64,0.54,0.009,0.87,0.21805308629365
"366",289.5,0.4,1,0.4,0.64,0.54,0.009,0.87,0.332678898530193
"367",289.5,0.45,1,0.4,0.64,0.54,0.009,0.87,0.387748114683311
"368",289.5,0.5,1,0.4,0.64,0.54,0.009,0.87,0.451285746317995
"369",289.5,0.55,1,0.4,0.64,0.54,0.009,0.87,0.471706243498718
"370",289.5,0.6,1,0.4,0.64,0.54,0.009,0.87,0.585688625222776
"371",289.5,0.65,1,0.4,0.64,0.54,0.009,0.87,1.04108819731947
"372",289.5,0.7,1,0.4,0.64,0.54,0.009,0.87,1.07218910240175
"373",289.5,0.75,1,0.4,0.64,0.54,0.009,0.87,1.07963784952604
"374",289.5,0.8,1,0.4,0.64,0.54,0.009,0.87,1.07213309784188
"375",289.5,0.85,1,0.4,0.64,0.54,0.009,0.87,1.0449694881754
"376",289.5,0.9,1,0.4,0.64,0.54,0.009,0.87,0.989168672110999
"377",289.5,0.95,1,0.4,0.64,0.54,0.009,0.87,0.90928350216619
"378",289.5,1,1,0.4,0.64,0.54,0.009,0.87,0.428807236873144
"379",290,0,1,0.4,0.64,0.54,0.009,0.87,0
"380",290,0.05,1,0.4,0.64,0.54,0.009,0.87,0
"381",290,0.1,1,0.4,0.64,0.54,0.009,0.87,0
"382",290,0.15,1,0.4,0.64,0.54,0.009,0.87,0
"383",290,0.2,1,0.4,0.64,0.54,0.009,0.87,0.00840181850624114
"384",290,0.25,1,0.4,0.64,0.54,0.009,0.87,0.0083652150147428
"385",290,0.3,1,0.4,0.64,0.54,0.009,0.87,0.187759073217508
"386",290,0.35,1,0.4,0.64,0.54,0.009,0.87,0.23818823578765
"387",290,0.4,1,0.4,0.64,0.54,0.009,0.87,0.250608240502998
"388",290,0.45,1,0.4,0.64,0.54,0.009,0.87,0.360701220516348
"389",290,0.5,1,0.4,0.64,0.54,0.009,0.87,0.387289260618105
"390",290,0.55,1,0.4,0.64,0.54,0.009,0.87,0.444073192762698
"391",290,0.6,1,0.4,0.64,0.54,0.009,0.87,0.470691944706279
"392",290,0.65,1,0.4,0.64,0.54,0.009,0.87,0.816343521922785
"393",290,0.7,1,0.4,0.64,0.54,0.009,0.87,1.025272578663
"394",290,0.75,1,0.4,0.64,0.54,0.009,0.87,1.03828007594539
"395",290,0.8,1,0.4,0.64,0.54,0.009,0.87,1.02431428820297
"396",290,0.85,1,0.4,0.64,0.54,0.009,0.87,1.00689781288156
"397",290,0.9,1,0.4,0.64,0.54,0.009,0.87,0.947010547841869
"398",290,0.95,1,0.4,0.64,0.54,0.009,0.87,0.85876302476229
"399",290,1,1,0.4,0.64,0.54,0.009,0.87,0.441921082909025
