"T","kappa","Y","Lambda"
"1",280,0,1,7.10882464480872e-14
"2",280.25,0,1,4.19425678047843e-14
"3",280.5,0,1,2.42679014556361e-14
"4",280.75,0,1,1.375640543887e-14
"5",281,0,1,7.63170569058333e-15
"6",281.25,0,1,4.13905537028446e-15
"7",281.5,0,1,2.19195335570024e-15
"8",281.75,0,1,1.13204888768732e-15
"9",282,0,1,5.69402448066467e-16
"10",282.25,0,1,2.78528935200689e-16
"11",282.5,0,1,1.32297457375609e-16
"12",282.75,0,1,6.09185216312705e-17
"13",283,0,1,2.71456046668147e-17
"14",283.25,0,1,1.16837514492479e-17
"15",283.5,0,1,4.84750247147199e-18
"16",283.75,0,1,1.93446743495656e-18
"17",284,0,1,7.40791180124359e-19
"18",284.25,0,1,2.7153545916492e-19
"19",284.5,0,1,9.50109804958262e-20
"20",284.75,0,1,3.16420322918523e-20
"21",285,0,1,9.99822233816458e-21
"22",285.25,0,1,2.98717940465717e-21
"23",285.5,0,1,8.4075357113119e-22
"24",285.75,0,1,2.22022981629479e-22
"25",286,0,1,5.47711643536254e-23
"26",286.25,0,1,1.25622910833762e-23
"27",286.5,0,1,2.66503013577734e-24
"28",286.75,0,1,5.20001471702394e-25
"29",287,0,1,9.27472329787243e-26
"30",287.25,0,1,1.50199273195758e-26
"31",287.5,0,1,2.19231613600423e-27
"32",287.75,0,1,2.86081558010161e-28
"33",288,0,1,3.30800067688456e-29
"34",288.25,0,1,3.35643472868604e-30
"35",288.5,0,1,2.95618247222282e-31
"36",288.75,0,1,2.23325904646407e-32
"37",289,0,1,1.42809403942164e-33
"38",289.25,0,1,7.617486762409e-35
"39",289.5,0,1,3.33430812134705e-36
"40",289.75,0,1,1.17607724736989e-37
"41",290,0,1,3.2754257986488e-39
"42",290.25,0,1,7.04063090071584e-41
"43",290.5,0,1,1.13852322862746e-42
"44",290.75,0,1,1.34569935132169e-44
"45",291,0,1,1.12537090811058e-46
"46",291.25,0,1,6.41780875598993e-49
"47",291.5,0,1,2.39337600573795e-51
"48",291.75,0,1,5.55669782791676e-54
"49",292,0,1,7.62463160119579e-57
"50",280,0.025,1,0
"51",280.25,0.025,1,0
"52",280.5,0.025,1,0
"53",280.75,0.025,1,0
"54",281,0.025,1,0
"55",281.25,0.025,1,0
"56",281.5,0.025,1,0
"57",281.75,0.025,1,0
"58",282,0.025,1,0
"59",282.25,0.025,1,0
"60",282.5,0.025,1,0
"61",282.75,0.025,1,0
"62",283,0.025,1,0
"63",283.25,0.025,1,0
"64",283.5,0.025,1,0
"65",283.75,0.025,1,0
"66",284,0.025,1,0
"67",284.25,0.025,1,0
"68",284.5,0.025,1,0
"69",284.75,0.025,1,0
"70",285,0.025,1,0
"71",285.25,0.025,1,0
"72",285.5,0.025,1,0
"73",285.75,0.025,1,0
"74",286,0.025,1,0
"75",286.25,0.025,1,0
"76",286.5,0.025,1,0
"77",286.75,0.025,1,0
"78",287,0.025,1,0
"79",287.25,0.025,1,0
"80",287.5,0.025,1,0
"81",287.75,0.025,1,0
"82",288,0.025,1,0
"83",288.25,0.025,1,0
"84",288.5,0.025,1,0
"85",288.75,0.025,1,0
"86",289,0.025,1,0
"87",289.25,0.025,1,0
"88",289.5,0.025,1,0
"89",289.75,0.025,1,0
"90",290,0.025,1,0
"91",290.25,0.025,1,0
"92",290.5,0.025,1,0
"93",290.75,0.025,1,0
"94",291,0.025,1,0
"95",291.25,0.025,1,0
"96",291.5,0.025,1,1.08648987653226e-13
"97",291.75,0.025,1,4.98766316471708e-14
"98",292,0.025,1,2.17397717735891e-14
"99",280,0.05,1,0.0870929670197386
"100",280.25,0.05,1,0.0834461300149226
"101",280.5,0.05,1,0.0798983329184794
"102",280.75,0.05,1,0.0764493199579452
"103",281,0.05,1,0.0730987359649883
"104",281.25,0.05,1,0.0698461275931796
"105",281.5,0.05,1,0.0666909447627549
"106",281.75,0.05,1,0.0636325423297356
"107",282,0.05,1,0.0606701819758859
"108",282.25,0.05,1,0.0578030343150941
"109",282.5,0.05,1,0.0550301812108744
"110",282.75,0.05,1,0.0523506182987969
"111",283,0.05,1,0.0497632577067849
"112",283.25,0.05,1,0.04726693096535
"113",283.5,0.05,1,0.0448603920990035
"114",283.75,0.05,1,0.0425423208892648
"115",284,0.05,1,0.0403113262989057
"116",284.25,0.05,1,0.0381659500463238
"117",284.5,0.05,1,0.0361046703182348
"118",284.75,0.05,1,0.0341259056082171
"119",285,0.05,1,0.0322280186680432
"120",285.25,0.05,1,0.0304093205581857
"121",285.5,0.05,1,0.0286680747834159
"122",285.75,0.05,1,0.0270025014989956
"123",286,0.05,1,0.0254107817726678
"124",286.25,0.05,1,0.0238910618872908
"125",286.5,0.05,1,0.0224414576690047
"126",286.75,0.05,1,0.0210600588254697
"127",287,0.05,1,0.0197449332789323
"128",287.25,0.05,1,0.0184941314788581
"129",287.5,0.05,1,0.017305690679079
"130",287.75,0.05,1,0.0161776391646581
"131",288,0.05,1,0
"132",288.25,0.05,1,0
"133",288.5,0.05,1,0
"134",288.75,0.05,1,0
"135",289,0.05,1,0
"136",289.25,0.05,1,0
"137",289.5,0.05,1,0
"138",289.75,0.05,1,0
"139",290,0.05,1,0
"140",290.25,0.05,1,0
"141",290.5,0.05,1,0
"142",290.75,0.05,1,0
"143",291,0.05,1,0
"144",291.25,0.05,1,0
"145",291.5,0.05,1,0
"146",291.75,0.05,1,0
"147",292,0.05,1,0
"148",280,0.075,1,0.0870838903627306
"149",280.25,0.075,1,0.0834372709824114
"150",280.5,0.075,1,0.0798896983736646
"151",280.75,0.075,1,0.0764409164918859
"152",281,0.075,1,0.0730905698549369
"153",281.25,0.075,1,0.069838204758386
"154",281.5,0.075,1,0.0666832707180107
"155",281.75,0.075,1,0.0636251221370339
"156",282,0.075,1,0.0606630201946953
"157",282.25,0.075,1,0.0577961349518699
"158",282.5,0.075,1,0.0550235476685615
"159",282.75,0.075,1,0.052344253327213
"160",283,0.075,1,0.0497571633548906
"161",283.25,0.075,1,0.0472611085365285
"162",283.5,0.075,1,0.0448548421105566
"163",283.75,0.075,1,0.04253704303739
"164",284,0.075,1,0.0403063194304391
"165",284.25,0.075,1,0.0381612121385034
"166",284.5,0.075,1,0.0361001984676586
"167",284.75,0.075,1,0.0341216960300313
"168",285,0.075,1,0.0322240667061972
"169",285.25,0.075,1,0.0304056207073389
"170",285.5,0.075,1,0.0286646207227737
"171",285.75,0.075,1,0.026999286138014
"172",286,0.075,1,0.0254077973081676
"173",286.25,0.075,1,0.0238882998712243
"174",286.5,0.075,1,0.0224389090856165
"175",286.75,0.075,1,0.0210577141763929
"176",287,0.075,1,0.0197427826743942
"177",287.25,0.075,1,0.0184921647329846
"178",287.5,0.075,1,0.0173038974071461
"179",287.75,0.075,1,0.0161760088801015
"180",288,0.075,1,0.015106522623062
"181",288.25,0.075,1,0.0140934614742111
"182",288.5,0.075,1,0.013134851623611
"183",288.75,0.075,1,0.0122287264913486
"184",289,0.075,1,0.011373130486916
"185",289.25,0.075,1,0.0105661226385386
"186",289.5,0.075,1,0.00980578008191474
"187",289.75,0.075,1,0.00909020139862389
"188",290,0.075,1,0.00841750979523518
"189",290.25,0.075,1,0.00778585611506291
"190",290.5,0.075,1,0.00719342167528636
"191",290.75,0.075,1,0.0066384209231201
"192",291,0.075,1,0
"193",291.25,0.075,1,0
"194",291.5,0.075,1,0
"195",291.75,0.075,1,0
"196",292,0.075,1,0
"197",280,0.1,1,0.0870719967006048
"198",280.25,0.1,1,0.0834256021915938
"199",280.5,0.1,1,0.0798782671569335
"200",280.75,0.1,1,0.0764297355090103
"201",281,0.1,1,0.0730796516486444
"202",281.25,0.1,1,0.0698275616712641
"203",281.5,0.1,1,0.0666729148004241
"204",281.75,0.1,1,0.0636150650463928
"205",282,0.1,1,0.0606532730867866
"206",282.25,0.1,1,0.0577867083652522
"207",282.5,0.1,1,0.0550144514034833
"208",282.75,0.1,1,0.0523354963209114
"209",283,0.1,1,0.0497487535555656
"210",283.25,0.1,1,0.0472530527786976
"211",283.5,0.1,1,0.0448471459948717
"212",283.75,0.1,1,0.0425297108182994
"213",284,0.1,1,0.0402993539152786
"214",284.25,0.1,1,0.0381546146016731
"215",284.5,0.1,1,0.0360939685834521
"216",284.75,0.1,1,0.0341158318274225
"217",285,0.1,1,0.0322185645484334
"218",285.25,0.1,1,0.0304004752985521
"219",285.5,0.1,1,0.0286598251430108
"220",285.75,0.1,1,0.0269948319071387
"221",286,0.1,1,0.0254036744780432
"222",286.25,0.1,1,0.0238844971445082
"223",286.5,0.1,1,0.0224354139584482
"224",286.75,0.1,1,0.0210545131012987
"225",287,0.1,1,0.019739861238943
"226",287.25,0.1,1,0.0184895078491416
"227",287.5,0.1,1,0.0173014895059471
"228",287.75,0.1,1,0.0161738341062068
"229",288,0.1,1,0.0151045650239641
"230",288.25,0.1,1,0.0140917051793261
"231",288.5,0.1,1,0.0131332810091473
"232",288.75,0.1,1,0.012227326327666
"233",289,0.1,1,0.0113718860659969
"234",289.25,0.1,1,0.0105650198801312
"235",289.5,0.1,1,0.00980480561781866
"236",289.75,0.1,1,0.00908934263568153
"237",290,0.1,1,0.00841675495642485
"238",290.25,0.1,1,0.00778519426433258
"239",290.5,0.1,1,0.0071928427226995
"240",290.75,0.1,1,0.0066379156166542
"241",291,0.1,1,0.00611866381035319
"242",291.25,0.1,1,0.00563337601596947
"243",291.5,0.1,1,0.0051803808705795
"244",291.75,0.1,1,0.00475804881822396
"245",292,0.1,1,0.00436479379535008
"246",280,0.125,1,0.0870557908459635
"247",280.25,0.125,1,0.0834096004155935
"248",280.5,0.125,1,0.0798624915546908
"249",280.75,0.125,1,0.076414208805274
"250",281,0.125,1,0.0730643970878825
"251",281.25,0.125,1,0.0698126028830065
"252",281.5,0.125,1,0.0666582756385282
"253",281.75,0.125,1,0.0636007694015155
"254",282,0.125,1,0.0606393446720489
"255",282.25,0.125,1,0.0577731704761032
"256",282.5,0.125,1,0.0550013266538196
"257",282.75,0.125,1,0.0523228063587861
"258",283,0.125,1,0.0497365187631705
"259",283.25,0.125,1,0.0472412919627039
"260",283.5,0.125,1,0.0448358760745713
"261",283.75,0.125,1,0.0425189465202184
"262",284,0.125,1,0.0402891074839202
"263",284.25,0.125,1,0.0381448955366757
"264",284.5,0.125,1,0.0360847834136238
"265",284.75,0.125,1,0.0341071839317396
"266",285,0.125,1,0.032210454033057
"267",285.25,0.125,1,0.0303928989374505
"268",285.5,0.125,1,0.0286527763874089
"269",285.75,0.125,1,0.0269883009664838
"270",286,0.125,1,0.025397648472113
"271",286.25,0.125,1,0.0238789603231416
"272",286.5,0.125,1,0.0224303479822982
"273",286.75,0.125,1,0.0210498973742333
"274",287,0.125,1,0.0197356732804527
"275",287.25,0.125,1,0.0184857236935365
"276",287.5,0.125,1,0.017298084114337
"277",287.75,0.125,1,0.0161707817773068
"278",288,0.125,1,0.015101839790611
"279",288.25,0.125,1,0.0140892811791252
"280",288.5,0.125,1,0.0131311328197404
"281",288.75,0.125,1,0.0122254292595231
"282",289,0.125,1,0.0113702164081883
"283",289.25,0.125,1,0.0105635550970388
"284",289.5,0.125,1,0.00980352449703553
"285",289.75,0.125,1,0.00908822538902721
"286",290,0.125,1,0.00841578327945377
"287",290.25,0.125,1,0.00778435135508912
"288",290.5,0.125,1,0.00719211327066992
"289",290.75,0.125,1,0.00663728576360398
"290",291,0.125,1,0.00611812109039648
"291",291.25,0.125,1,0.00563290927999098
"292",291.5,0.125,1,0.00517998019989767
"293",291.75,0.125,1,0.00475770543176626
"294",292,0.125,1,0.00436449995394117
"295",280,0.15,1,0.389565372586819
"296",280.25,0.15,1,0.38534419161933
"297",280.5,0.15,1,0.381113632457177
"298",280.75,0.15,1,0.376874605756256
"299",281,0.15,1,0.372627920785848
"300",281.25,0.15,1,0.36837426262378
"301",281.5,0.15,1,0.0666365372151633
"302",281.75,0.15,1,0.063579393203139
"303",282,0.15,1,0.0606183785296704
"304",282.25,0.15,1,0.0577526629176894
"305",282.5,0.15,1,0.054981326361994
"306",282.75,0.15,1,0.0523033615529939
"307",283,0.15,1,0.0497176765142356
"308",283.25,0.15,1,0.0472230974523531
"309",283.5,0.15,1,0.0448183718170315
"310",283.75,0.15,1,0.0425021715676488
"311",284,0.15,1,0.0402730966416353
"312",284.25,0.15,1,0.038129678617097
"313",284.5,0.15,1,0.0360703845598796
"314",284.75,0.15,1,0.0340936210418775
"315",285,0.15,1,0.0321977383140033
"316",285.25,0.15,1,0.0303810346136845
"317",285.5,0.15,1,0.028641760583421
"318",285.75,0.15,1,0.0269781237740862
"319",286,0.15,1,0.0253882932046056
"320",286.25,0.15,1,0.0238704039486181
"321",286.5,0.15,1,0.0224225617189001
"322",286.75,0.15,1,0.0210428474215954
"323",287,0.15,1,0.0197293216550962
"324",287.25,0.15,1,0.0184800291312633
"325",287.5,0.15,1,0.0172930030011437
"326",287.75,0.15,1,0.016166269071153
"327",288,0.15,1,0.0150978498997362
"328",288.25,0.15,1,0.0140857687679352
"329",288.5,0.15,1,0.0131280535199586
"330",288.75,0.15,1,0.0122227402716514
"331",289,0.15,1,0.0113678769856676
"332",289.25,0.15,1,0.0105615269122693
"333",289.5,0.15,1,0.0098017718941829
"334",289.75,0.15,1,0.00908671553303081
"335",290,0.15,1,0.00841448621377505
"336",290.25,0.15,1,0.00778323998252867
"337",290.5,0.15,1,0.00719116327219236
"338",290.75,0.15,1,0.00663647546975596
"339",291,0.15,1,0.0061174313188302
"340",291.25,0.15,1,0.00563232315105763
"341",291.5,0.15,1,0.00517948294047021
"342",291.75,0.15,1,0.00475728417556988
"343",292,0.15,1,0.00436414354484889
"344",280,0.175,1,0.383823378326749
"345",280.25,0.175,1,0.379602777129522
"346",280.5,0.175,1,0.375386893014059
"347",280.75,0.175,1,0.371177751987632
"348",281,0.175,1,0.366977252471079
"349",281.25,0.175,1,0.36278712189434
"350",281.5,0.175,1,0.358608869709691
"351",281.75,0.175,1,0.354443737552195
"352",282,0.175,1,0.350292647565152
"353",282.25,0.175,1,0.346156150219002
"354",282.5,0.175,1,0.342034373269325
"355",282.75,0.175,1,0.337926973802639
"356",283,0.175,1,0.333833095579823
"357",283.25,0.175,1,0.329751334067454
"358",283.5,0.175,1,0.325679711604811
"359",283.75,0.175,1,0.321615665015683
"360",284,0.175,1,0.317556047558148
"361",284.25,0.175,1,0.313497146259045
"362",284.5,0.175,1,0.309434714156875
"363",284.75,0.175,1,0.305364014312014
"364",285,0.175,1,0.301279867747291
"365",285.25,0.175,1,0.0303610826228024
"366",285.5,0.175,1,0.0286232797881709
"367",285.75,0.175,1,0.0269611091828901
"368",286,0.175,1,0.0253727240045225
"369",286.25,0.175,1,0.0238562444320173
"370",286.5,0.175,1,0.0224097626673433
"371",286.75,0.175,1,0.021031347870145
"372",287,0.175,1,0.0197190509387582
"373",287.25,0.175,1,0.0184709091029087
"374",287.5,0.175,1,0.0172849503067091
"375",287.75,0.175,1,0.016159197373848
"376",288,0.175,1,0.0150916719584878
"377",288.25,0.175,1,0.0140803982950064
"378",288.5,0.175,1,0.0131234067649039
"379",288.75,0.175,1,0.0122187373024456
"380",289,0.175,1,0.0113644426595571
"381",289.25,0.175,1,0.0105585915475483
"382",289.5,0.175,1,0.00979927166848123
"383",289.75,0.175,1,0.00908459264346426
"384",290,0.175,1,0.00841268883962008
"385",290.25,0.175,1,0.00778172209252461
"386",290.5,0.175,1,0.00718988431695815
"387",290.75,0.175,1,0.00663539999603134
"388",291,0.175,1,0.00611652853716804
"389",291.25,0.175,1,0.00563156648293788
"390",291.5,0.175,1,0.00517884956514751
"391",291.75,0.175,1,0.00475675459170719
"392",292,0.175,1,0.00436370115737209
"393",280,0.2,1,0.468174322177552
"394",280.25,0.2,1,0.463511860685457
"395",280.5,0.2,1,0.458887732107966
"396",280.75,0.2,1,0.454304732237975
"397",281,0.2,1,0.449764980903918
"398",281.25,0.2,1,0.445269775578868
"399",281.5,0.2,1,0.440819441613233
"400",281.75,0.2,1,0.436413184943966
"401",282,0.2,1,0.432048954769693
"402",282.25,0.2,1,0.427723325311844
"403",282.5,0.2,1,0.423431407232966
"404",282.75,0.2,1,0.419166800317196
"405",283,0.2,1,0.414921599337187
"406",283.25,0.2,1,0.410686464300879
"407",283.5,0.2,1,0.31753518637186
"408",283.75,0.2,1,0.31381751572138
"409",284,0.2,1,0.310136820547768
"410",284.25,0.2,1,0.306487149401128
"411",284.5,0.2,1,0.302861460810512
"412",284.75,0.2,1,0.299251712505718
"413",285,0.2,1,0.295648991188973
"414",285.25,0.2,1,0.292043681908413
"415",285.5,0.2,1,0.288425672994633
"416",285.75,0.2,1,0.284784589526228
"417",286,0.2,1,0.281110044142458
"418",286.25,0.2,1,0.277391887489837
"419",286.5,0.2,1,0.273620428079452
"420",286.75,0.2,1,0.269786564312953
"421",287,0.2,1,0.0197011324497216
"422",287.25,0.2,1,0.0184551885739525
"423",287.5,0.2,1,0.0172712501752379
"424",287.75,0.2,1,0.0161473340510779
"425",288,0.2,1,0.0150814611467883
"426",288.25,0.2,1,0.014071659568992
"427",288.5,0.2,1,0.0131159672954096
"428",288.75,0.2,1,0.012212434680542
"429",289,0.2,1,0.0113591268450419
"430",289.25,0.2,1,0.0105541260184232
"431",289.5,0.2,1,0.00979553388171919
"432",289.75,0.2,1,0.00908147393548647
"433",290,0.2,1,0.00841009389825008
"434",290.25,0.2,1,0.00777956812494902
"435",290.5,0.2,1,0.00718810002378254
"436",290.75,0.2,1,0.0066339244432339
"437",291,0.2,1,0.00611530999832531
"438",291.25,0.2,1,0.00563056130549061
"439",291.5,0.2,1,0.00517802109794076
"440",291.75,0.2,1,0.00475607219720614
"441",292,0.2,1,0.00436313932099519
"442",280,0.225,1,0.505438485924296
"443",280.25,0.225,1,0.500982339482755
"444",280.5,0.225,1,0.49661221838567
"445",280.75,0.225,1,0.492331274869213
"446",281,0.225,1,0.488140927193262
"447",281.25,0.225,1,0.484040495920091
"448",281.5,0.225,1,0.480026829099142
"449",281.75,0.225,1,0.476093931634111
"450",282,0.225,1,0.47223261944415
"451",282.25,0.225,1,0.468430225057276
"452",282.5,0.225,1,0.464670387780793
"453",282.75,0.225,1,0.460932967585946
"454",283,0.225,1,0.45719412664562
"455",283.25,0.225,1,0.391799959554319
"456",283.5,0.225,1,0.388654726532335
"457",283.75,0.225,1,0.385579470779861
"458",284,0.225,1,0.38254859313415
"459",284.25,0.225,1,0.379533345004229
"460",284.5,0.225,1,0.376502603641868
"461",284.75,0.225,1,0.373423907336346
"462",285,0.225,1,0.370264715161929
"463",285.25,0.225,1,0.366993818489705
"464",285.5,0.225,1,0.363582794733363
"465",285.75,0.225,1,0.276709532911152
"466",286,0.225,1,0.273812369578654
"467",286.25,0.225,1,0.270871313963587
"468",286.5,0.225,1,0.267868574046714
"469",286.75,0.225,1,0.2647875444251
"470",287,0.225,1,0.261613252701798
"471",287.25,0.225,1,0.258332737269251
"472",287.5,0.225,1,0.254935319229214
"473",287.75,0.225,1,0.25141269581447
"474",288,0.225,1,0.0150632164457782
"475",288.25,0.225,1,0.0140563475153319
"476",288.5,0.225,1,0.0131031928719356
"477",288.75,0.225,1,0.012201834539222
"478",289,0.225,1,0.0113503730049148
"479",289.25,0.225,1,0.0105469273046698
"480",289.5,0.225,1,0.00978963556636946
"481",289.75,0.225,1,0.0090766560481657
"482",290,0.225,1,0.00840616864151432
"483",290.25,0.225,1,0.00777637676634175
"484",290.5,0.225,1,0.00718550956337496
"485",290.75,0.225,1,0.00663182428033942
"486",291,0.225,1,0.00611360875278118
"487",291.25,0.225,1,0.00562918389123473
"488",291.5,0.225,1,0.00517690610107861
"489",291.75,0.225,1,0.00475516957701831
"490",292,0.225,1,0.00436240842895995
"491",280,0.25,1,0.574919119677883
"492",280.25,0.25,1,0.571415255590568
"493",280.5,0.25,1,0.568038051109994
"494",280.75,0.25,1,0.564784388373751
"495",281,0.25,1,0.561647064024844
"496",281.25,0.25,1,0.558614128372445
"497",281.5,0.25,1,0.503966030204535
"498",281.75,0.25,1,0.50121827721063
"499",282,0.25,1,0.498644374555298
"500",282.25,0.25,1,0.496222353611674
"501",282.5,0.25,1,0.493922753649276
"502",282.75,0.25,1,0.49170802534325
"503",283,0.25,1,0.489532116725078
"504",283.25,0.25,1,0.487340331773406
"505",283.5,0.25,1,0.485069568763688
"506",283.75,0.25,1,0.422710255363158
"507",284,0.25,1,0.421243811816773
"508",284.25,0.25,1,0.419724500404311
"509",284.5,0.25,1,0.418073697480102
"510",284.75,0.25,1,0.416209147629173
"511",285,0.25,1,0.414048744273386
"512",285.25,0.25,1,0.347110271196385
"513",285.5,0.25,1,0.346041913094627
"514",285.75,0.25,1,0.344775400083022
"515",286,0.25,1,0.343245677868454
"516",286.25,0.25,1,0.341397065552314
"517",286.5,0.25,1,0.339186776498409
"518",286.75,0.25,1,0.336587387959712
"519",287,0.25,1,0.253592415033326
"520",287.25,0.25,1,0.251379045231954
"521",287.5,0.25,1,0.24899643236556
"522",287.75,0.25,1,0.246428754128418
"523",288,0.25,1,0.243664706153801
"524",288.25,0.25,1,0.240697524144513
"525",288.5,0.25,1,0.237524773480687
"526",288.75,0.25,1,0.234147747886788
"527",289,0.25,1,0.0113348541551827
"528",289.25,0.25,1,0.0105344981432715
"529",289.5,0.25,1,0.00977971640982829
"530",289.75,0.25,1,0.00906876248919844
"531",290,0.25,1,0.00839990061789913
"532",290.25,0.25,1,0.00777140718704805
"533",290.5,0.25,1,0.00718157327702277
"534",290.75,0.25,1,0.00662870788285364
"535",291,0.25,1,0.00611114150332216
"536",291.25,0.25,1,0.00562722983733921
"537",291.5,0.25,1,0.00517535739999663
"538",291.75,0.25,1,0.00475394093066891
"539",292,0.25,1,0.00436143251171455
"540",280,0.275,1,0.616235497716718
"541",280.25,0.275,1,0.613775735982783
"542",280.5,0.275,1,0.611508135374354
"543",280.75,0.275,1,0.56508860323215
"544",281,0.275,1,0.563343501412209
"545",281.25,0.275,1,0.56187320677571
"546",281.5,0.275,1,0.560654496203611
"547",281.75,0.275,1,0.559658687138312
"548",282,0.275,1,0.558842784153709
"549",282.25,0.275,1,0.558156657079413
"550",282.5,0.275,1,0.557531169894496
"551",282.75,0.275,1,0.5059810429679
"552",283,0.275,1,0.506177925352905
"553",283.25,0.275,1,0.506427328877471
"554",283.5,0.275,1,0.506688089774326
"555",283.75,0.275,1,0.506849223643165
"556",284,0.275,1,0.506769274709228
"557",284.25,0.275,1,0.448671923664862
"558",284.5,0.275,1,0.449634897695506
"559",284.75,0.275,1,0.450330782540275
"560",285,0.275,1,0.450608907786548
"561",285.25,0.275,1,0.450309913845542
"562",285.5,0.275,1,0.385639144683685
"563",285.75,0.275,1,0.386753441689863
"564",286,0.275,1,0.387162172769238
"565",286.25,0.275,1,0.386726727220469
"566",286.5,0.275,1,0.319192554080147
"567",286.75,0.275,1,0.319918572817688
"568",287,0.275,1,0.320005027199016
"569",287.25,0.275,1,0.319391581939085
"570",287.5,0.275,1,0.318054464050402
"571",287.75,0.275,1,0.316006126924325
"572",288,0.275,1,0.236229226170638
"573",288.25,0.275,1,0.234504159423886
"574",288.5,0.275,1,0.232463439143292
"575",288.75,0.275,1,0.230107747582975
"576",289,0.275,1,0.227444038177894
"577",289.25,0.275,1,0.224484527012884
"578",289.5,0.275,1,0.221245194523114
"579",289.75,0.275,1,0.00905489711050312
"580",290,0.275,1,0.00838923255947502
"581",290.25,0.275,1,0.00776320481600477
"582",290.5,0.275,1,0.00717526660581857
"583",290.75,0.275,1,0.00662385572101886
"584",291,0.275,1,0.00610740406546904
"585",291.25,0.275,1,0.00562434641137767
"586",291.5,0.275,1,0.00517312846434633
"587",291.75,0.275,1,0.00475221403613193
"588",292,0.275,1,0.00436009126089409
"589",280,0.3,1,0.637187166169101
"590",280.25,0.3,1,0.636206511093074
"591",280.5,0.3,1,0.635514526412037
"592",280.75,0.3,1,0.635082389886024
"593",281,0.3,1,0.634869138694823
"594",281.25,0.3,1,0.596134251461729
"595",281.5,0.3,1,0.597046972041516
"596",281.75,0.3,1,0.598181962242633
"597",282,0.3,1,0.599463331092356
"598",282.25,0.3,1,0.600802955796359
"599",282.5,0.3,1,0.560368669589096
"600",282.75,0.3,1,0.562612562736393
"601",283,0.3,1,0.56483427733374
"602",283.25,0.3,1,0.56690659906762
"603",283.5,0.3,1,0.568689556337005
"604",283.75,0.3,1,0.525297948732982
"605",284,0.3,1,0.527595659733176
"606",284.25,0.3,1,0.529527871681528
"607",284.5,0.3,1,0.530921480410661
"608",284.75,0.3,1,0.480964312957356
"609",285,0.3,1,0.48266959560551
"610",285.25,0.3,1,0.483800934503717
"611",285.5,0.3,1,0.422214741129303
"612",285.75,0.3,1,0.424817829577064
"613",286,0.3,1,0.42694757211606
"614",286.25,0.3,1,0.428303414154286
"615",286.5,0.3,1,0.359394450489698
"616",286.75,0.3,1,0.363295633108294
"617",287,0.3,1,0.36574174834828
"618",287.25,0.3,1,0.366569642266637
"619",287.5,0.3,1,0.299633968128915
"620",287.75,0.3,1,0.301521431573548
"621",288,0.3,1,0.302242380004721
"622",288.25,0.3,1,0.301813334821558
"623",288.5,0.3,1,0.30031511280458
"624",288.75,0.3,1,0.223044120017068
"625",289,0.3,1,0.221743240933834
"626",289.25,0.3,1,0.219985340261558
"627",289.5,0.3,1,0.217795358296525
"628",289.75,0.3,1,0.215203745860832
"629",290,0.3,1,0.212244409146872
"630",290.25,0.3,1,0.00774870408467122
"631",290.5,0.3,1,0.00716451426456748
"632",290.75,0.3,1,0.00661586541668507
"633",291,0.3,1,0.00610144965561952
"634",291.25,0.3,1,0.00561989452119336
"635",291.5,0.3,1,0.0051697876892403
"636",291.75,0.3,1,0.00474969711117264
"637",292,0.3,1,0.00435818712460354
"638",280,0.325,1,0.680665186518053
"639",280.25,0.325,1,0.681439430482443
"640",280.5,0.325,1,0.652825244839246
"641",280.75,0.325,1,0.655062950301557
"642",281,0.325,1,0.657581360451015
"643",281.25,0.325,1,0.660293560859301
"644",281.5,0.325,1,0.663099334758442
"645",281.75,0.325,1,0.637156907548103
"646",282,0.325,1,0.641000833323514
"647",282.25,0.325,1,0.644718890830166
"648",282.5,0.325,1,0.648156052173884
"649",282.75,0.325,1,0.622285887762549
"650",283,0.325,1,0.625946528989101
"651",283.25,0.325,1,0.629056462197646
"652",283.5,0.325,1,0.631448577245617
"653",283.75,0.325,1,0.602991764294926
"654",284,0.325,1,0.604953934958363
"655",284.25,0.325,1,0.606051112346052
"656",284.5,0.325,1,0.572418564730441
"657",284.75,0.325,1,0.572888899148987
"658",285,0.325,1,0.572498384183404
"659",285.25,0.325,1,0.531875679128619
"660",285.5,0.325,1,0.531053332304769
"661",285.75,0.325,1,0.529440965150879
"662",286,0.325,1,0.479552347413688
"663",286.25,0.325,1,0.477940667854731
"664",286.5,0.325,1,0.475606346218873
"665",286.75,0.325,1,0.412793504287986
"666",287,0.325,1,0.413740599564306
"667",287.25,0.325,1,0.414035797526949
"668",287.5,0.325,1,0.344067800004099
"669",287.75,0.325,1,0.348720486727911
"670",288,0.325,1,0.350901531908844
"671",288.25,0.325,1,0.284331105765673
"672",288.5,0.325,1,0.287212892275907
"673",288.75,0.325,1,0.288418908010795
"674",289,0.325,1,0.288080200422397
"675",289.25,0.325,1,0.212497812424785
"676",289.5,0.325,1,0.211853754027983
"677",289.75,0.325,1,0.210594083183945
"678",290,0.325,1,0.20877113374254
"679",290.25,0.325,1,0.206440892199024
"680",290.5,0.325,1,0.203660259979707
"681",290.75,0.325,1,0.00660181297737661
"682",291,0.325,1,0.00609138837853768
"683",291.25,0.325,1,0.00561265059524995
"684",291.5,0.325,1,0.00516454098281329
"685",291.75,0.325,1,0.00474587324070491
"686",292,0.325,1,0.00435538244486114
"687",280,0.35,1,0.71802916753384
"688",280.25,0.35,1,0.721589194766867
"689",280.5,0.35,1,0.706100174446851
"690",280.75,0.35,1,0.711321936384212
"691",281,0.35,1,0.716661332726058
"692",281.25,0.35,1,0.721960463175273
"693",281.5,0.35,1,0.727015279994988
"694",281.75,0.35,1,0.715812547772093
"695",282,0.35,1,0.721115121050436
"696",282.25,0.35,1,0.725644707171797
"697",282.5,0.35,1,0.71366412179812
"698",282.75,0.35,1,0.717325036194647
"699",283,0.35,1,0.719829923092818
"700",283.25,0.35,1,0.705029094790123
"701",283.5,0.35,1,0.706156024127665
"702",283.75,0.35,1,0.706054248757502
"703",284,0.35,1,0.687417616183672
"704",284.25,0.35,1,0.686107843517388
"705",284.5,0.35,1,0.663155703727098
"706",284.75,0.35,1,0.660819528680116
"707",285,0.35,1,0.632857207317443
"708",285.25,0.35,1,0.629676543487634
"709",285.5,0.35,1,0.625467235380065
"710",285.75,0.35,1,0.591685815611766
"711",286,0.35,1,0.586833710772849
"712",286.25,0.35,1,0.545309567352923
"713",286.5,0.35,1,0.539877580542946
"714",286.75,0.35,1,0.487854378782143
"715",287,0.35,1,0.482056060485724
"716",287.25,0.35,1,0.475454778222745
"717",287.5,0.35,1,0.407437139805426
"718",287.75,0.35,1,0.405661927627339
"719",288,0.35,1,0.323266452442369
"720",288.25,0.35,1,0.331668517091096
"721",288.5,0.35,1,0.336754172518861
"722",288.75,0.35,1,0.269269690876687
"723",289,0.35,1,0.274030777148491
"724",289.25,0.35,1,0.276554764469077
"725",289.5,0.35,1,0.277048213995416
"726",289.75,0.35,1,0.203175133595728
"727",290,0.35,1,0.203001782404584
"728",290.25,0.35,1,0.202060350993846
"729",290.5,0.35,1,0.200437900272293
"730",290.75,0.35,1,0.198220494727765
"731",291,0.35,1,0.195490082798797
"732",291.25,0.35,1,0.00560012081884205
"733",291.5,0.35,1,0.00515584295514914
"734",291.75,0.35,1,0.00473977948701
"735",292,0.35,1,0.00435107361458113
"736",280,0.375,1,0.776751607921467
"737",280.25,0.375,1,0.772560868437407
"738",280.5,0.375,1,0.779815002780148
"739",280.75,0.375,1,0.786697152053691
"740",281,0.375,1,0.792924193894494
"741",281.25,0.375,1,0.790229806905784
"742",281.5,0.375,1,0.795247191813463
"743",281.75,0.375,1,0.798841924214515
"744",282,0.375,1,0.793414911272899
"745",282.25,0.375,1,0.794824750813755
"746",282.5,0.375,1,0.794829092222423
"747",282.75,0.375,1,0.785875026662344
"748",283,0.375,1,0.784183907670709
"749",283.25,0.375,1,0.772643166124631
"750",283.5,0.375,1,0.769777928063914
"751",283.75,0.375,1,0.755867928629901
"752",284,0.375,1,0.752250504073501
"753",284.25,0.375,1,0.736038710986252
"754",284.5,0.375,1,0.731945346429898
"755",284.75,0.375,1,0.713389733326812
"756",285,0.375,1,0.709018621457353
"757",285.25,0.375,1,0.688001949325896
"758",285.5,0.375,1,0.683312676736012
"759",285.75,0.375,1,0.659257601524762
"760",286,0.375,1,0.630636212794842
"761",286.25,0.375,1,0.626300972402929
"762",286.5,0.375,1,0.592514673730125
"763",286.75,0.375,1,0.587628847664557
"764",287,0.375,1,0.546652466604202
"765",287.25,0.375,1,0.540675758395662
"766",287.5,0.375,1,0.488869749382313
"767",287.75,0.375,1,0.481131697719958
"768",288,0.375,1,0.41000343234968
"769",288.25,0.375,1,0.402327370542488
"770",288.5,0.375,1,0.39801459620058
"771",288.75,0.375,1,0.317504020827523
"772",289,0.375,1,0.324736316387457
"773",289.25,0.375,1,0.327703343080572
"774",289.5,0.375,1,0.263365538469475
"775",289.75,0.375,1,0.266585726490927
"776",290,0.375,1,0.267359989178904
"777",290.25,0.375,1,0.195171102127292
"778",290.5,0.375,1,0.195203977087844
"779",290.75,0.375,1,0.194348777538111
"780",291,0.375,1,0.192729565486341
"781",291.25,0.375,1,0.19046200610485
"782",291.5,0.375,1,0.0051404895429744
"783",291.75,0.375,1,0.00472951763030902
"784",292,0.375,1,0.00434412588331434
"785",280,0.4,1,0.836904291731645
"786",280.25,0.4,1,0.843388206634559
"787",280.5,0.4,1,0.844309329816405
"788",280.75,0.4,1,0.848320519079566
"789",281,0.4,1,0.850603540963872
"790",281.25,0.4,1,0.847345390437446
"791",281.5,0.4,1,0.847071720117945
"792",281.75,0.4,1,0.841132358574057
"793",282,0.4,1,0.83905990909101
"794",282.25,0.4,1,0.836193146071035
"795",282.5,0.4,1,0.827982179051579
"796",282.75,0.4,1,0.824262056092973
"797",283,0.4,1,0.814744063409925
"798",283.25,0.4,1,0.81051097731631
"799",283.5,0.4,1,0.799868270245654
"800",283.75,0.4,1,0.78790446222996
"801",284,0.4,1,0.783499881226293
"802",284.25,0.4,1,0.770447217050722
"803",284.5,0.4,1,0.755856676541331
"804",284.75,0.4,1,0.751515258222012
"805",285,0.4,1,0.735591518512775
"806",285.25,0.4,1,0.717702262368991
"807",285.5,0.4,1,0.713502189922368
"808",285.75,0.4,1,0.693871560473139
"809",286,0.4,1,0.671563701993808
"810",286.25,0.4,1,0.667631216806913
"811",286.5,0.4,1,0.642875621033856
"812",286.75,0.4,1,0.614167088239877
"813",287,0.4,1,0.610899824232391
"814",287.25,0.4,1,0.577887520398016
"815",287.5,0.4,1,0.573903449538323
"816",287.75,0.4,1,0.534563432910033
"817",288,0.4,1,0.528992092209488
"818",288.25,0.4,1,0.478946299504875
"819",288.5,0.4,1,0.469999770823491
"820",288.75,0.4,1,0.398660914224668
"821",289,0.4,1,0.392897457503421
"822",289.25,0.4,1,0.307371384869964
"823",289.5,0.4,1,0.315491932143391
"824",289.75,0.4,1,0.248931896068232
"825",290,0.4,1,0.255256378742432
"826",290.25,0.4,1,0.258359312370041
"827",290.5,0.4,1,0.258767967896036
"828",290.75,0.4,1,0.18834867373706
"829",291,0.4,1,0.188292577031191
"830",291.25,0.4,1,0.187283231676496
"831",291.5,0.4,1,0.185477054394565
"832",291.75,0.4,1,0.18301290429064
"833",292,0.4,1,0.0043322823034254
"834",280,0.425,1,0.886123778517576
"835",280.25,0.425,1,0.885161982000009
"836",280.5,0.425,1,0.88520326063359
"837",280.75,0.425,1,0.884071659359563
"838",281,0.425,1,0.879696254960213
"839",281.25,0.425,1,0.877220318541454
"840",281.5,0.425,1,0.871486873526173
"841",281.75,0.425,1,0.868291522892986
"842",282,0.425,1,0.861620345119988
"843",282.25,0.425,1,0.85802142953669
"844",282.5,0.425,1,0.85070189345133
"845",282.75,0.425,1,0.846832081939347
"846",283,0.425,1,0.838970741516571
"847",283.25,0.425,1,0.830420405793261
"848",283.5,0.425,1,0.826452115908302
"849",283.75,0.425,1,0.817438502212696
"850",284,0.425,1,0.807651664440419
"851",284.25,0.425,1,0.797022377398343
"852",284.5,0.425,1,0.7929299988695
"853",284.75,0.425,1,0.781452854763821
"854",285,0.425,1,0.768877417168619
"855",285.25,0.425,1,0.754921951839284
"856",285.5,0.425,1,0.739497807104172
"857",285.75,0.425,1,0.734698819510227
"858",286,0.425,1,0.717806366372581
"859",286.25,0.425,1,0.699075815170659
"860",286.5,0.425,1,0.678214025394641
"861",286.75,0.425,1,0.654837636047951
"862",287,0.425,1,0.650624010221421
"863",287.25,0.425,1,0.625183899365508
"864",287.5,0.425,1,0.596334592254255
"865",287.75,0.425,1,0.562863019986144
"866",288,0.425,1,0.560534026796615
"867",288.25,0.425,1,0.521776082376564
"868",288.5,0.425,1,0.518123340239776
"869",288.75,0.425,1,0.469787293703156
"870",289,0.425,1,0.401892936112817
"871",289.25,0.425,1,0.392067013542313
"872",289.5,0.425,1,0.385994432977816
"873",289.75,0.425,1,0.301198431389997
"874",290,0.425,1,0.30861013938506
"875",290.25,0.425,1,0.243494816482961
"876",290.5,0.425,1,0.24910383737716
"877",290.75,0.425,1,0.251262498135243
"878",291,0.425,1,0.181645856899003
"879",291.25,0.425,1,0.182386651273479
"880",291.5,0.425,1,0.181971536690796
"881",291.75,0.425,1,0.180604134392048
"882",292,0.425,1,0.178461975627833
"883",280,0.45,1,0.91074546909455
"884",280.25,0.45,1,0.908935541475601
"885",280.5,0.45,1,0.905162640992891
"886",280.75,0.45,1,0.902661354804898
"887",281,0.45,1,0.89812900189427
"888",281.25,0.45,1,0.895307424522091
"889",281.5,0.45,1,0.890363268995968
"890",281.75,0.45,1,0.887449627242618
"891",282,0.45,1,0.882374828605375
"892",282.25,0.45,1,0.879572812533464
"893",282.5,0.45,1,0.874664750266237
"894",282.75,0.45,1,0.869723915001237
"895",283,0.45,1,0.86480266838655
"896",283.25,0.45,1,0.863028796352088
"897",283.5,0.45,1,0.858290352195577
"898",283.75,0.45,1,0.853169648363799
"899",284,0.45,1,0.847410564525726
"900",284.25,0.45,1,0.840735239419164
"901",284.5,0.45,1,0.83297653486826
"902",284.75,0.45,1,0.823991684286151
"903",285,0.45,1,0.813670098347749
"904",285.25,0.45,1,0.802003127422472
"905",285.5,0.45,1,0.788909321208356
"906",285.75,0.45,1,0.774365494178552
"907",286,0.45,1,0.758264739146045
"908",286.25,0.45,1,0.740509812537849
"909",286.5,0.45,1,0.720881627997539
"910",286.75,0.45,1,0.699243580047895
"911",287,0.45,1,0.692082570049928
"912",287.25,0.45,1,0.668721843257858
"913",287.5,0.45,1,0.643144722771722
"914",287.75,0.45,1,0.615010948668846
"915",288,0.45,1,0.583812130557001
"916",288.25,0.45,1,0.549029347294255
"917",288.5,0.45,1,0.546956741585551
"918",288.75,0.45,1,0.50824077269086
"919",289,0.45,1,0.460676258995004
"920",289.25,0.45,1,0.457999393397469
"921",289.5,0.45,1,0.391265014220375
"922",289.75,0.45,1,0.383348620000256
"923",290,0.45,1,0.285932522181288
"924",290.25,0.45,1,0.29775139270379
"925",290.5,0.45,1,0.231850552323547
"926",290.75,0.45,1,0.239940892737837
"927",291,0.45,1,0.24386603865318
"928",291.25,0.45,1,0.244461344717897
"929",291.5,0.45,1,0.176738161066305
"930",291.75,0.45,1,0.17687283598319
"931",292,0.45,1,0.17590016856917
"932",280,0.475,1,0.926280603609027
"933",280.25,0.475,1,0.924160299535283
"934",280.5,0.475,1,0.920905290846106
"935",280.75,0.475,1,0.918794631663863
"936",281,0.475,1,0.915595055718897
"937",281.25,0.475,1,0.913907840722408
"938",281.5,0.475,1,0.91140373437162
"939",281.75,0.475,1,0.909426087866842
"940",282,0.475,1,0.909688922072882
"941",282.25,0.475,1,0.909334735614062
"942",282.5,0.475,1,0.909373545958211
"943",282.75,0.475,1,0.90924933834252
"944",283,0.475,1,0.908333427707405
"945",283.25,0.475,1,0.906094905800799
"946",283.5,0.475,1,0.902352864353829
"947",283.75,0.475,1,0.897114078147284
"948",284,0.475,1,0.890551597693843
"949",284.25,0.475,1,0.882831789207315
"950",284.5,0.475,1,0.874131311779878
"951",284.75,0.475,1,0.864529163773843
"952",285,0.475,1,0.854069238513176
"953",285.25,0.475,1,0.842854319473879
"954",285.5,0.475,1,0.830824844697964
"955",285.75,0.475,1,0.812471816393615
"956",286,0.475,1,0.798365662872811
"957",286.25,0.475,1,0.78333650895205
"958",286.5,0.475,1,0.767321777872192
"959",286.75,0.475,1,0.750188816303953
"960",287,0.475,1,0.731759422278663
"961",287.25,0.475,1,0.711807796775177
"962",287.5,0.475,1,0.689994966891662
"963",287.75,0.475,1,0.665851620161891
"964",288,0.475,1,0.638906049071108
"965",288.25,0.475,1,0.608773280732952
"966",288.5,0.475,1,0.575195718404775
"967",288.75,0.475,1,0.538238536437923
"968",289,0.475,1,0.534799763908382
"969",289.25,0.475,1,0.495779958245238
"970",289.5,0.475,1,0.44868133276334
"971",289.75,0.475,1,0.445416811083712
"972",290,0.475,1,0.37868143028005
"973",290.25,0.475,1,0.373394370083272
"974",290.5,0.475,1,0.286744241654053
"975",290.75,0.475,1,0.294924786753642
"976",291,0.475,1,0.231235485214786
"977",291.25,0.475,1,0.236802037015507
"978",291.5,0.475,1,0.238419998712536
"979",291.75,0.475,1,0.171436021487804
"980",292,0.475,1,0.172048435553473
"981",280,0.5,1,0.940465778653616
"982",280.25,0.5,1,0.939298230727617
"983",280.5,0.5,1,0.937959328616741
"984",280.75,0.5,1,0.938060965120307
"985",281,0.5,1,0.938676090835343
"986",281.25,0.5,1,0.940568998324298
"987",281.5,0.5,1,0.943606437093123
"988",281.75,0.5,1,0.947633766265519
"989",282,0.5,1,0.950086288884148
"990",282.25,0.5,1,0.95090600745301
"991",282.5,0.5,1,0.949826143438525
"992",282.75,0.5,1,0.946936810057793
"993",283,0.5,1,0.942772192245259
"994",283.25,0.5,1,0.937483595825535
"995",283.5,0.5,1,0.931260885464959
"996",283.75,0.5,1,0.92320633969107
"997",284,0.5,1,0.91560995438406
"998",284.25,0.5,1,0.907405053454464
"999",284.5,0.5,1,0.8985857123945
"1000",284.75,0.5,1,0.886978978769228
"1001",285,0.5,1,0.876861008028027
"1002",285.25,0.5,1,0.866063558304036
"1003",285.5,0.5,1,0.851289920178164
"1004",285.75,0.5,1,0.839117866739463
"1005",286,0.5,1,0.821253679640366
"1006",286.25,0.5,1,0.807777908629155
"1007",286.5,0.5,1,0.793563688763689
"1008",286.75,0.5,1,0.778541545620316
"1009",287,0.5,1,0.753967283353209
"1010",287.25,0.5,1,0.736702462138981
"1011",287.5,0.5,1,0.718359128028658
"1012",287.75,0.5,1,0.698764122566642
"1013",288,0.5,1,0.677702812949402
"1014",288.25,0.5,1,0.654693822330106
"1015",288.5,0.5,1,0.629082496857154
"1016",288.75,0.5,1,0.600019385011321
"1017",289,0.5,1,0.566632356107374
"1018",289.25,0.5,1,0.528968385628892
"1019",289.5,0.5,1,0.486783546049268
"1020",289.75,0.5,1,0.438173359550071
"1021",290,0.5,1,0.437312649228696
"1022",290.25,0.5,1,0.373391391057137
"1023",290.5,0.5,1,0.367595642774274
"1024",290.75,0.5,1,0.276331786216591
"1025",291,0.5,1,0.287305371710284
"1026",291.25,0.5,1,0.223306873491416
"1027",291.5,0.5,1,0.23026688046754
"1028",291.75,0.5,1,0.232725540119598
"1029",292,0.5,1,0.166544471489218
"1030",280,0.525,1,0.957690325359303
"1031",280.25,0.525,1,0.959690729665755
"1032",280.5,0.525,1,0.963877726322642
"1033",280.75,0.525,1,0.969167133835209
"1034",281,0.525,1,0.974736732111936
"1035",281.25,0.525,1,0.978949911215358
"1036",281.5,0.525,1,0.98112667966859
"1037",281.75,0.525,1,0.980837702456556
"1038",282,0.525,1,0.978935099128648
"1039",282.25,0.525,1,0.975865633673225
"1040",282.5,0.525,1,0.971575204009632
"1041",282.75,0.525,1,0.966987144287501
"1042",283,0.525,1,0.961829455246694
"1043",283.25,0.525,1,0.956139114308314
"1044",283.5,0.525,1,0.949226007781979
"1045",283.75,0.525,1,0.942514374428007
"1046",284,0.525,1,0.934092181381502
"1047",284.25,0.525,1,0.9262360082509
"1048",284.5,0.525,1,0.917752385269181
"1049",284.75,0.525,1,0.907352469888708
"1050",285,0.525,1,0.895679064683506
"1051",285.25,0.525,1,0.885492482701997
"1052",285.5,0.525,1,0.872067783571835
"1053",285.75,0.525,1,0.86058624368751
"1054",286,0.525,1,0.845072013014277
"1055",286.25,0.525,1,0.832280595251696
"1056",286.5,0.525,1,0.814279559572369
"1057",286.75,0.525,1,0.800128594342891
"1058",287,0.525,1,0.778846013378894
"1059",287.25,0.525,1,0.763459839994293
"1060",287.5,0.525,1,0.73774088356427
"1061",287.75,0.525,1,0.720410747270798
"1062",288,0.525,1,0.701969325746961
"1063",288.25,0.525,1,0.666300736672348
"1064",288.5,0.525,1,0.643830926780407
"1065",288.75,0.525,1,0.619249324417545
"1066",289,0.525,1,0.59177169669549
"1067",289.25,0.525,1,0.560177405581818
"1068",289.5,0.525,1,0.522879795411331
"1069",289.75,0.525,1,0.479377077929609
"1070",290,0.525,1,0.476826395293347
"1071",290.25,0.525,1,0.428635579076951
"1072",290.5,0.525,1,0.365826063714601
"1073",290.75,0.525,1,0.360486608542461
"1074",291,0.525,1,0.267090672922034
"1075",291.25,0.525,1,0.280309150426867
"1076",291.5,0.525,1,0.216385686368562
"1077",291.75,0.525,1,0.224400044641457
"1078",292,0.525,1,0.227446217069264
"1079",280,0.55,1,0.98586357408182
"1080",280.25,0.55,1,0.993025444272646
"1081",280.5,0.55,1,0.998850931663552
"1082",280.75,0.55,1,1.00215578113954
"1083",281,0.55,1,1.00302924412781
"1084",281.25,0.55,1,1.00229339540561
"1085",281.5,0.55,1,1.00042453109319
"1086",281.75,0.55,1,0.997885778368082
"1087",282,0.55,1,0.994810254378665
"1088",282.25,0.55,1,0.991283882717527
"1089",282.5,0.55,1,0.987219550477297
"1090",282.75,0.55,1,0.982550259930149
"1091",283,0.55,1,0.977590682198714
"1092",283.25,0.55,1,0.971736859559046
"1093",283.5,0.55,1,0.965798154323024
"1094",283.75,0.55,1,0.958715916894416
"1095",284,0.55,1,0.950994964163087
"1096",284.25,0.55,1,0.943406900294388
"1097",284.5,0.55,1,0.934357777984512
"1098",284.75,0.55,1,0.924501186769434
"1099",285,0.55,1,0.913698433223359
"1100",285.25,0.55,1,0.903830262988909
"1101",285.5,0.55,1,0.891653148474029
"1102",285.75,0.55,1,0.878517658562092
"1103",286,0.55,1,0.864221796212644
"1104",286.25,0.55,1,0.848682251156229
"1105",286.5,0.55,1,0.836028623037144
"1106",286.75,0.55,1,0.818645759253092
"1107",287,0.55,1,0.799452838667523
"1108",287.25,0.55,1,0.777831421995784
"1109",287.5,0.55,1,0.762866787933436
"1110",287.75,0.55,1,0.737447969985771
"1111",288,0.55,1,0.720919296954616
"1112",288.25,0.55,1,0.689785757740219
"1113",288.5,0.55,1,0.670687432147066
"1114",288.75,0.55,1,0.650209415716243
"1115",289,0.55,1,0.628149003958835
"1116",289.25,0.55,1,0.57831750968507
"1117",289.5,0.55,1,0.548051546433734
"1118",289.75,0.55,1,0.547458338141284
"1119",290,0.55,1,0.512126300306316
"1120",290.25,0.55,1,0.470251577309213
"1121",290.5,0.55,1,0.420551729642843
"1122",290.75,0.55,1,0.357903891497364
"1123",291,0.55,1,0.353371735395837
"1124",291.25,0.55,1,0.259397714286924
"1125",291.5,0.55,1,0.274208569707626
"1126",291.75,0.55,1,0.210596445125413
"1127",292,0.55,1,0.21926785147347
"1128",280,0.575,1,1.01623523666728
"1129",280.25,0.575,1,1.01869236416111
"1130",280.5,0.575,1,1.01929701794363
"1131",280.75,0.575,1,1.01871239831313
"1132",281,0.575,1,1.01736181517296
"1133",281.25,0.575,1,1.01556852290327
"1134",281.5,0.575,1,1.0133791046833
"1135",281.75,0.575,1,1.01082497311204
"1136",282,0.575,1,1.00778614134058
"1137",282.25,0.575,1,1.00447413713384
"1138",282.5,0.575,1,1.00063514825767
"1139",282.75,0.575,1,0.996299151028231
"1140",283,0.575,1,0.99134349190361
"1141",283.25,0.575,1,0.986117759546633
"1142",283.5,0.575,1,0.980120481994512
"1143",283.75,0.575,1,0.973436092821882
"1144",284,0.575,1,0.966222031963602
"1145",284.25,0.575,1,0.958278337993425
"1146",284.5,0.575,1,0.949675453697211
"1147",284.75,0.575,1,0.940393439654009
"1148",285,0.575,1,0.930410462990843
"1149",285.25,0.575,1,0.91962365665099
"1150",285.5,0.575,1,0.908085303299601
"1151",285.75,0.575,1,0.895786628986827
"1152",286,0.575,1,0.882690914191013
"1153",286.25,0.575,1,0.865883328690428
"1154",286.5,0.575,1,0.850411803842411
"1155",286.75,0.575,1,0.83390096327451
"1156",287,0.575,1,0.816055032697295
"1157",287.25,0.575,1,0.802681296930866
"1158",287.5,0.575,1,0.782898124101031
"1159",287.75,0.575,1,0.761064060667203
"1160",288,0.575,1,0.736481709423517
"1161",288.25,0.575,1,0.720590750528884
"1162",288.5,0.575,1,0.691373996165866
"1163",288.75,0.575,1,0.673618353253397
"1164",289,0.575,1,0.636614440919425
"1165",289.25,0.575,1,0.61511648615285
"1166",289.5,0.575,1,0.59164522638873
"1167",289.75,0.575,1,0.565744880286001
"1168",290,0.575,1,0.536567965888352
"1169",290.25,0.575,1,0.502656671087406
"1170",290.5,0.575,1,0.462375473917986
"1171",290.75,0.575,1,0.413017099980178
"1172",291,0.575,1,0.350055888074019
"1173",291.25,0.575,1,0.347011759309293
"1174",291.5,0.575,1,0.253434371318279
"1175",291.75,0.575,1,0.269122438095759
"1176",292,0.575,1,0.20595939063797
"1177",280,0.6,1,1.03140544287029
"1178",280.25,0.6,1,1.03115582148162
"1179",280.5,0.6,1,1.03049973468715
"1180",280.75,0.6,1,1.02943886434959
"1181",281,0.6,1,1.02814570124481
"1182",281.25,0.6,1,1.02646731068952
"1183",281.5,0.6,1,1.02446651581953
"1184",281.75,0.6,1,1.02207049318968
"1185",282,0.6,1,1.01924908864897
"1186",282.25,0.6,1,1.01606612115144
"1187",282.5,0.6,1,1.01233697786243
"1188",282.75,0.6,1,1.00821529147664
"1189",283,0.6,1,1.00350637964726
"1190",283.25,0.6,1,0.998472294204974
"1191",283.5,0.6,1,0.992512301246139
"1192",283.75,0.6,1,0.986099508071846
"1193",284,0.6,1,0.979191521831615
"1194",284.25,0.6,1,0.971590309734496
"1195",284.5,0.6,1,0.963354648920307
"1196",284.75,0.6,1,0.953890359119738
"1197",285,0.6,1,0.944347590830574
"1198",285.25,0.6,1,0.934023320695814
"1199",285.5,0.6,1,0.922075317767536
"1200",285.75,0.6,1,0.910349857487864
"1201",286,0.6,1,0.896059225253706
"1202",286.25,0.6,1,0.882818550386197
"1203",286.5,0.6,1,0.868704765991728
"1204",286.75,0.6,1,0.850566402987848
"1205",287,0.6,1,0.834443231535137
"1206",287.25,0.6,1,0.817314691822143
"1207",287.5,0.6,1,0.799000809932512
"1208",287.75,0.6,1,0.779375405644176
"1209",288,0.6,1,0.758059474719734
"1210",288.25,0.6,1,0.734535153681529
"1211",288.5,0.6,1,0.708052175392468
"1212",288.75,0.6,1,0.692189746647455
"1213",289,0.6,1,0.660365408521138
"1214",289.25,0.6,1,0.642242396061547
"1215",289.5,0.6,1,0.601114805182314
"1216",289.75,0.6,1,0.578327250046204
"1217",290,0.6,1,0.553082834611413
"1218",290.25,0.6,1,0.524619002912836
"1219",290.5,0.6,1,0.491791040312152
"1220",290.75,0.6,1,0.453037693759826
"1221",291,0.6,1,0.405150202875046
"1222",291.25,0.6,1,0.34270881709659
"1223",291.5,0.6,1,0.340388403701744
"1224",291.75,0.6,1,0.249207944273392
"1225",292,0.6,1,0.26502480971454
"1226",280,0.625,1,1.04025467567996
"1227",280.25,0.625,1,1.03990111251635
"1228",280.5,0.625,1,1.0392411656845
"1229",280.75,0.625,1,1.03838946366135
"1230",281,0.625,1,1.03718549605435
"1231",281.25,0.625,1,1.03565680821838
"1232",281.5,0.625,1,1.03381778020244
"1233",281.75,0.625,1,1.03160379712273
"1234",282,0.625,1,1.0289207293584
"1235",282.25,0.625,1,1.02595629404012
"1236",282.5,0.625,1,1.02244134397964
"1237",282.75,0.625,1,1.01846603441161
"1238",283,0.625,1,1.01399721867668
"1239",283.25,0.625,1,1.00902464187642
"1240",283.5,0.625,1,1.00343152152907
"1241",283.75,0.625,1,0.997349663729417
"1242",284,0.625,1,0.990525481348822
"1243",284.25,0.625,1,0.982876582610791
"1244",284.5,0.625,1,0.974950453174615
"1245",284.75,0.625,1,0.965938668230398
"1246",285,0.625,1,0.95670416735935
"1247",285.25,0.625,1,0.94626494086247
"1248",285.5,0.625,1,0.934847307500183
"1249",285.75,0.625,1,0.922446167477825
"1250",286,0.625,1,0.910554731850124
"1251",286.25,0.625,1,0.896460704470846
"1252",286.5,0.625,1,0.880972993142911
"1253",286.75,0.625,1,0.866931713364583
"1254",287,0.625,1,0.84907955573797
"1255",287.25,0.625,1,0.833329658279952
"1256",287.5,0.625,1,0.811965807968977
"1257",287.75,0.625,1,0.793994080435485
"1258",288,0.625,1,0.774830021723261
"1259",288.25,0.625,1,0.754222425197779
"1260",288.5,0.625,1,0.7318245536983
"1261",288.75,0.625,1,0.707125018827255
"1262",289,0.625,1,0.679006456815837
"1263",289.25,0.625,1,0.646061912559111
"1264",289.5,0.625,1,0.629004724835719
"1265",289.75,0.625,1,0.586851408720599
"1266",290,0.625,1,0.564926377218228
"1267",290.25,0.625,1,0.540455700801743
"1268",290.5,0.625,1,0.512760469194025
"1269",290.75,0.625,1,0.480801836504776
"1270",291,0.625,1,0.443199639153697
"1271",291.25,0.625,1,0.396954244815036
"1272",291.5,0.625,1,0.335624345340946
"1273",291.75,0.625,1,0.333775169475647
"1274",292,0.625,1,0.246577407850677
"1275",280,0.65,1,1.04721746293
"1276",280.25,0.65,1,1.0469991804443
"1277",280.5,0.65,1,1.0464661075462
"1278",280.75,0.65,1,1.0456771356692
"1279",281,0.65,1,1.04460819573611
"1280",281.25,0.65,1,1.04324004127451
"1281",281.5,0.65,1,1.04154397715362
"1282",281.75,0.65,1,1.03949884576834
"1283",282,0.65,1,1.03699998625909
"1284",282.25,0.65,1,1.0341782441267
"1285",282.5,0.65,1,1.030849478735
"1286",282.75,0.65,1,1.0270634661055
"1287",283,0.65,1,1.02283760154489
"1288",283.25,0.65,1,1.01798101948133
"1289",283.5,0.65,1,1.01260392752934
"1290",283.75,0.65,1,1.00662079391416
"1291",284,0.65,1,1.0000973160665
"1292",284.25,0.65,1,0.992912300070075
"1293",284.5,0.65,1,0.984985638202197
"1294",284.75,0.65,1,0.976373680258254
"1295",285,0.65,1,0.967056314863282
"1296",285.25,0.65,1,0.957013100694339
"1297",285.5,0.65,1,0.946151617757722
"1298",285.75,0.65,1,0.934524904432266
"1299",286,0.65,1,0.920988804346987
"1300",286.25,0.65,1,0.907497026407534
"1301",286.5,0.65,1,0.893042487213564
"1302",286.75,0.65,1,0.877439263771929
"1303",287,0.65,1,0.8635197847523
"1304",287.25,0.65,1,0.846065760958756
"1305",287.5,0.65,1,0.826858580399562
"1306",287.75,0.65,1,0.80534543351088
"1307",288,0.65,1,0.787987792704502
"1308",288.25,0.65,1,0.769407351532201
"1309",288.5,0.65,1,0.740826612518719
"1310",288.75,0.65,1,0.718232016703402
"1311",289,0.65,1,0.693166579235933
"1312",289.25,0.65,1,0.664747649568721
"1313",289.5,0.65,1,0.650308103164563
"1314",289.75,0.65,1,0.61545772515003
"1315",290,0.65,1,0.597805748759306
"1316",290.25,0.65,1,0.551938932884984
"1317",290.5,0.65,1,0.52836240810393
"1318",290.75,0.65,1,0.501468209287723
"1319",291,0.65,1,0.47035564469709
"1320",291.25,0.65,1,0.433718461020626
"1321",291.5,0.65,1,0.388877748434431
"1322",291.75,0.65,1,0.328891987060107
"1323",292,0.65,1,0.327104478716943
"1324",280,0.675,1,1.05263760743683
"1325",280.25,0.675,1,1.05252216121962
"1326",280.5,0.675,1,1.05210984761481
"1327",280.75,0.675,1,1.0514503290724
"1328",281,0.675,1,1.05052005337599
"1329",281.25,0.675,1,1.04929654678879
"1330",281.5,0.675,1,1.04775452764651
"1331",281.75,0.675,1,1.04579538693527
"1332",282,0.675,1,1.04353622291591
"1333",282.25,0.675,1,1.04080344494387
"1334",282.5,0.675,1,1.03763769624919
"1335",282.75,0.675,1,1.0340928360213
"1336",283,0.675,1,1.0299827776864
"1337",283.25,0.675,1,1.02535316710589
"1338",283.5,0.675,1,1.02010398005728
"1339",283.75,0.675,1,1.01435732754516
"1340",284,0.675,1,1.00801444038052
"1341",284.25,0.675,1,1.00097718522029
"1342",284.5,0.675,1,0.993158146349095
"1343",284.75,0.675,1,0.98482743158881
"1344",285,0.675,1,0.97579920198096
"1345",285.25,0.675,1,0.965784937053209
"1346",285.5,0.675,1,0.955359302718418
"1347",285.75,0.675,1,0.943572725319033
"1348",286,0.675,1,0.931630189663773
"1349",286.25,0.675,1,0.917865001061578
"1350",286.5,0.675,1,0.904367394685828
"1351",286.75,0.675,1,0.889967397423922
"1352",287,0.675,1,0.872476030694463
"1353",287.25,0.675,1,0.855974780750694
"1354",287.5,0.675,1,0.838273887766331
"1355",287.75,0.675,1,0.819038004172458
"1356",288,0.675,1,0.797842605938574
"1357",288.25,0.675,1,0.781243662592281
"1358",288.5,0.675,1,0.755874865621569
"1359",288.75,0.675,1,0.736469346451823
"1360",289,0.675,1,0.715367285242559
"1361",289.25,0.675,1,0.678488933709414
"1362",289.5,0.675,1,0.666647304064823
"1363",289.75,0.675,1,0.637257002387862
"1364",290,0.675,1,0.602249615540295
"1365",290.25,0.675,1,0.585722056735142
"1366",290.5,0.675,1,0.539721426067775
"1367",290.75,0.675,1,0.517091944855789
"1368",291,0.675,1,0.491039301451075
"1369",291.25,0.675,1,0.460736644614569
"1370",291.5,0.675,1,0.425007796794024
"1371",291.75,0.675,1,0.38128129591702
"1372",292,0.675,1,0.322522524212155
"1373",280,0.7,1,1.05656804802191
"1374",280.25,0.7,1,1.05649207442647
"1375",280.5,0.7,1,1.05619502455669
"1376",280.75,0.7,1,1.0556564207297
"1377",281,0.7,1,1.05485311494
"1378",281.25,0.7,1,1.05375993064412
"1379",281.5,0.7,1,1.0523487381519
"1380",281.75,0.7,1,1.05052564133389
"1381",282,0.7,1,1.04840123276925
"1382",282.25,0.7,1,1.04581043378972
"1383",282.5,0.7,1,1.04279332000995
"1384",282.75,0.7,1,1.03932317199001
"1385",283,0.7,1,1.03537281782997
"1386",283.25,0.7,1,1.03091262648889
"1387",283.5,0.7,1,1.02591627641936
"1388",283.75,0.7,1,1.02033122627808
"1389",284,0.7,1,1.0141184649985
"1390",284.25,0.7,1,1.00730267518537
"1391",284.5,0.7,1,0.999839030437075
"1392",284.75,0.7,1,0.991644354619208
"1393",285,0.7,1,0.982723669158182
"1394",285.25,0.7,1,0.973045728764616
"1395",285.5,0.7,1,0.962516351534368
"1396",285.75,0.7,1,0.951218709474473
"1397",286,0.7,1,0.938969239254667
"1398",286.25,0.7,1,0.926842541012665
"1399",286.5,0.7,1,0.912995326395586
"1400",286.75,0.7,1,0.897985591313442
"1401",287,0.7,1,0.881464554849084
"1402",287.25,0.7,1,0.866278711544288
"1403",287.5,0.7,1,0.850115188666327
"1404",287.75,0.7,1,0.829199229162208
"1405",288,0.7,1,0.810343208742768
"1406",288.25,0.7,1,0.789807298892282
"1407",288.5,0.7,1,0.766934475042244
"1408",288.75,0.7,1,0.750000922819183
"1409",289,0.7,1,0.722090573270275
"1410",289.25,0.7,1,0.701617483214201
"1411",289.5,0.7,1,0.678963509428
"1412",289.75,0.7,1,0.653628020586062
"1413",290,0.7,1,0.624474922304796
"1414",290.25,0.7,1,0.589740954332092
"1415",290.5,0.7,1,0.54710102564332
"1416",290.75,0.7,1,0.528543445537982
"1417",291,0.7,1,0.506881219181644
"1418",291.25,0.7,1,0.481599764268744
"1419",291.5,0.7,1,0.452026677070094
"1420",291.75,0.7,1,0.417122800171598
"1421",292,0.7,1,0.374378256373816
"1422",280,0.725,1,1.05893217832138
"1423",280.25,0.725,1,1.058955493204
"1424",280.5,0.725,1,1.05875594592304
"1425",280.75,0.725,1,1.05831148749788
"1426",281,0.725,1,1.0576021623092
"1427",281.25,0.725,1,1.05654705101633
"1428",281.5,0.725,1,1.05524021904427
"1429",281.75,0.725,1,1.05353101967771
"1430",282,0.725,1,1.05152468237846
"1431",282.25,0.725,1,1.04906649113858
"1432",282.5,0.725,1,1.04618792237137
"1433",282.75,0.725,1,1.04286526940558
"1434",283,0.725,1,1.03906806408759
"1435",283.25,0.725,1,1.03476492396386
"1436",283.5,0.725,1,1.02993139555054
"1437",283.75,0.725,1,1.02454262266231
"1438",284,0.725,1,1.018496428438
"1439",284.25,0.725,1,1.01189809161153
"1440",284.5,0.725,1,1.00459949275395
"1441",284.75,0.725,1,0.996573795077787
"1442",285,0.725,1,0.987922529780348
"1443",285.25,0.725,1,0.978573071198045
"1444",285.5,0.725,1,0.968215305924118
"1445",285.75,0.725,1,0.957367147040552
"1446",286,0.725,1,0.945757867333351
"1447",286.25,0.725,1,0.932598674546645
"1448",286.5,0.725,1,0.919344282394034
"1449",286.75,0.725,1,0.905151033099975
"1450",287,0.725,1,0.890034559561906
"1451",287.25,0.725,1,0.873729786145482
"1452",287.5,0.725,1,0.855980554795259
"1453",287.75,0.725,1,0.8402140699734
"1454",288,0.725,1,0.819350593208449
"1455",288.25,0.725,1,0.801150449014404
"1456",288.5,0.725,1,0.781432963991121
"1457",288.75,0.725,1,0.759861306921451
"1458",289,0.725,1,0.735631186951992
"1459",289.25,0.725,1,0.707263017276008
"1460",289.5,0.725,1,0.687699954071394
"1461",289.75,0.725,1,0.665750207706472
"1462",290,0.725,1,0.622006596008772
"1463",290.25,0.725,1,0.612402811291302
"1464",290.5,0.725,1,0.578243759501626
"1465",290.75,0.725,1,0.53601220898496
"1466",291,0.725,1,0.518653777523271
"1467",291.25,0.725,1,0.497778511833201
"1468",291.5,0.725,1,0.431428800189991
"1469",291.75,0.725,1,0.397871851202028
"1470",292,0.725,1,0.356924672652383
"1471",280,0.75,1,1.05961520639522
"1472",280.25,0.75,1,1.05971323231952
"1473",280.5,0.75,1,1.05959117246174
"1474",280.75,0.75,1,1.05922453610833
"1475",281,0.75,1,1.05853616137131
"1476",281.25,0.75,1,1.05762751342612
"1477",281.5,0.75,1,1.05641643109878
"1478",281.75,0.75,1,1.05480925105232
"1479",282,0.75,1,1.05285193422999
"1480",282.25,0.75,1,1.05057091639065
"1481",282.5,0.75,1,1.04781513498415
"1482",282.75,0.75,1,1.04462277592102
"1483",283,0.75,1,1.04095919406249
"1484",283.25,0.75,1,1.03680292480194
"1485",283.5,0.75,1,1.03213327694709
"1486",283.75,0.75,1,1.02684115384158
"1487",284,0.75,1,1.02102261411134
"1488",284.25,0.75,1,1.01455800534315
"1489",284.5,0.75,1,1.00745364184931
"1490",284.75,0.75,1,0.999743057852493
"1491",285,0.75,1,0.991300418828599
"1492",285.25,0.75,1,0.982085091977333
"1493",285.5,0.75,1,0.972133524909037
"1494",285.75,0.75,1,0.96136290959627
"1495",286,0.75,1,0.950196497810056
"1496",286.25,0.75,1,0.937904370731716
"1497",286.5,0.75,1,0.924530054095737
"1498",286.75,0.75,1,0.911142624989029
"1499",287,0.75,1,0.895758015493794
"1500",287.25,0.75,1,0.880752217221269
"1501",287.5,0.75,1,0.862112050012643
"1502",287.75,0.75,1,0.844496560493405
"1503",288,0.75,1,0.825120299920983
"1504",288.25,0.75,1,0.808994386944267
"1505",288.5,0.75,1,0.785711460429621
"1506",288.75,0.75,1,0.766394739649224
"1507",289,0.75,1,0.745044018962308
"1508",289.25,0.75,1,0.720936961721088
"1509",289.5,0.75,1,0.692667318347515
"1510",289.75,0.75,1,0.67422538440712
"1511",290,0.75,1,0.635764436591071
"1512",290.25,0.75,1,0.609445337357022
"1513",290.5,0.75,1,0.578061929059847
"1514",290.75,0.75,1,0.567959085053753
"1515",291,0.75,1,0.526480839633957
"1516",291.25,0.75,1,0.510055699835923
"1517",291.5,0.75,1,0.451365236069353
"1518",291.75,0.75,1,0.424568536264003
"1519",292,0.75,1,0.391906637290806
"1520",280,0.775,1,1.05842121877935
"1521",280.25,0.775,1,1.05856685876764
"1522",280.5,0.775,1,1.05850650422876
"1523",280.75,0.775,1,1.05816221367647
"1524",281,0.775,1,1.05760908974633
"1525",281.25,0.775,1,1.05678577459468
"1526",281.5,0.775,1,1.05561813465091
"1527",281.75,0.775,1,1.05417021531958
"1528",282,0.775,1,1.05232717124339
"1529",282.25,0.775,1,1.05010868264094
"1530",282.5,0.775,1,1.04747062088669
"1531",282.75,0.775,1,1.04439345671991
"1532",283,0.775,1,1.04084910082831
"1533",283.25,0.775,1,1.03684767575906
"1534",283.5,0.775,1,1.03233176822554
"1535",283.75,0.775,1,1.02717655771686
"1536",284,0.775,1,1.02153517855103
"1537",284.25,0.775,1,1.01528734671734
"1538",284.5,0.775,1,1.00841112622701
"1539",284.75,0.775,1,1.0008383918317
"1540",285,0.775,1,0.992648544134688
"1541",285.25,0.775,1,0.983724987295421
"1542",285.5,0.775,1,0.974075391149788
"1543",285.75,0.775,1,0.963594026633834
"1544",286,0.775,1,0.952530635180008
"1545",286.25,0.775,1,0.940692510571653
"1546",286.5,0.775,1,0.928051621048299
"1547",286.75,0.775,1,0.913521500615134
"1548",287,0.775,1,0.898824363873006
"1549",287.25,0.775,1,0.884940175274722
"1550",287.5,0.775,1,0.868202951504962
"1551",287.75,0.775,1,0.84933590535852
"1552",288,0.775,1,0.832293455098457
"1553",288.25,0.775,1,0.813684586922375
"1554",288.5,0.775,1,0.793032431449732
"1555",288.75,0.775,1,0.769367380145525
"1556",289,0.775,1,0.750875097775977
"1557",289.25,0.775,1,0.730172640602887
"1558",289.5,0.775,1,0.706588246779697
"1559",289.75,0.775,1,0.678842750412693
"1560",290,0.775,1,0.644845977605804
"1561",290.25,0.775,1,0.623611768456499
"1562",290.5,0.775,1,0.598416371684189
"1563",290.75,0.775,1,0.568027749699219
"1564",291,0.775,1,0.530463510050284
"1565",291.25,0.775,1,0.518593908706968
"1566",291.5,0.775,1,0.46628209564979
"1567",291.75,0.775,1,0.445247454894698
"1568",292,0.775,1,0.419219037566127
"1569",280,0.8,1,1.05506945692124
"1570",280.25,0.8,1,1.05524683290217
"1571",280.5,0.8,1,1.05521898389594
"1572",280.75,0.8,1,1.05496567257786
"1573",281,0.8,1,1.05442086674325
"1574",281.25,0.8,1,1.05365544100857
"1575",281.5,0.8,1,1.05256103884508
"1576",281.75,0.8,1,1.05120750671959
"1577",282,0.8,1,1.0494802878687
"1578",282.25,0.8,1,1.04739578928978
"1579",282.5,0.8,1,1.04489780461221
"1580",282.75,0.8,1,1.04195523918329
"1581",283,0.8,1,1.03858551648262
"1582",283.25,0.8,1,1.03480104282273
"1583",283.5,0.8,1,1.0303705210886
"1584",283.75,0.8,1,1.02537399385103
"1585",284,0.8,1,1.01996019272815
"1586",284.25,0.8,1,1.01390973707626
"1587",284.5,0.8,1,1.0071021075797
"1588",284.75,0.8,1,0.999868991537023
"1589",285,0.8,1,0.991902076982523
"1590",285.25,0.8,1,0.983187206969755
"1591",285.5,0.8,1,0.973862822207365
"1592",285.75,0.8,1,0.963744028833642
"1593",286,0.8,1,0.952929459123279
"1594",286.25,0.8,1,0.941189837167206
"1595",286.5,0.8,1,0.928396356090756
"1596",286.75,0.8,1,0.915755516863264
"1597",287,0.8,1,0.900926853463925
"1598",287.25,0.8,1,0.886556589835215
"1599",287.5,0.8,1,0.871085649820929
"1600",287.75,0.8,1,0.85441438783413
"1601",288,0.8,1,0.835934635360672
"1602",288.25,0.8,1,0.81965199635267
"1603",288.5,0.8,1,0.796671493572777
"1604",288.75,0.8,1,0.776323542758444
"1605",289,0.8,1,0.752874716188481
"1606",289.25,0.8,1,0.735578842524903
"1607",289.5,0.8,1,0.703860095538853
"1608",289.75,0.8,1,0.67922665326928
"1609",290,0.8,1,0.666255584042563
"1610",290.25,0.8,1,0.633061092658197
"1611",290.5,0.8,1,0.613207093197419
"1612",290.75,0.8,1,0.563543783973954
"1613",291,0.8,1,0.559853751005273
"1614",291.25,0.8,1,0.523328716624368
"1615",291.5,0.8,1,0.476639655052175
"1616",291.75,0.8,1,0.461078058122586
"1617",292,0.8,1,0.440663211504167
"1618",280,0.825,1,1.04935460778521
"1619",280.25,0.825,1,1.04952643878126
"1620",280.5,0.825,1,1.04949270458683
"1621",280.75,0.825,1,1.04923903544998
"1622",281,0.825,1,1.04871452068947
"1623",281.25,0.825,1,1.04798081439511
"1624",281.5,0.825,1,1.04694038474776
"1625",281.75,0.825,1,1.04561749063012
"1626",282,0.825,1,1.04400108743288
"1627",282.25,0.825,1,1.04208369015848
"1628",282.5,0.825,1,1.03969493866229
"1629",282.75,0.825,1,1.03685557122086
"1630",283,0.825,1,1.0336650635418
"1631",283.25,0.825,1,1.03012736977935
"1632",283.5,0.825,1,1.02589225667919
"1633",283.75,0.825,1,1.02113042645102
"1634",284,0.825,1,1.01600526280153
"1635",284.25,0.825,1,1.0100842347343
"1636",284.5,0.825,1,1.00352961123182
"1637",284.75,0.825,1,0.99655071888248
"1638",285,0.825,1,0.988708834026601
"1639",285.25,0.825,1,0.980360712045754
"1640",285.5,0.825,1,0.971299331614576
"1641",285.75,0.825,1,0.96148730892434
"1642",286,0.825,1,0.951058128136676
"1643",286.25,0.825,1,0.939654292179182
"1644",286.5,0.825,1,0.927789459091415
"1645",286.75,0.825,1,0.915059873324725
"1646",287,0.825,1,0.901552521664117
"1647",287.25,0.825,1,0.886989187244069
"1648",287.5,0.825,1,0.870953551814061
"1649",287.75,0.825,1,0.855953931907963
"1650",288,0.825,1,0.836101045318595
"1651",288.25,0.825,1,0.817624513670292
"1652",288.5,0.825,1,0.802481550333783
"1653",288.75,0.825,1,0.779248983264616
"1654",289,0.825,1,0.759736616724694
"1655",289.25,0.825,1,0.73701155912236
"1656",289.5,0.825,1,0.709501649516226
"1657",289.75,0.825,1,0.690064161661232
"1658",290,0.825,1,0.666720124319161
"1659",290.25,0.825,1,0.637962883594583
"1660",290.5,0.825,1,0.601532987323585
"1661",290.75,0.825,1,0.581386798994158
"1662",291,0.825,1,0.555984175868614
"1663",291.25,0.825,1,0.523809785051889
"1664",291.5,0.825,1,0.48259664307587
"1665",291.75,0.825,1,0.472572861150895
"1666",292,0.825,1,0.412669982971281
"1667",280,0.85,1,1.04093366767193
"1668",280.25,0.85,1,1.04104482842787
"1669",280.5,0.85,1,1.04094977369417
"1670",280.75,0.85,1,1.04062013614787
"1671",281,0.85,1,1.04011544304787
"1672",281.25,0.85,1,1.03934677170614
"1673",281.5,0.85,1,1.03832886261216
"1674",281.75,0.85,1,1.03709937647677
"1675",282,0.85,1,1.03557598163514
"1676",282.25,0.85,1,1.03371522079478
"1677",282.5,0.85,1,1.03140631865309
"1678",282.75,0.85,1,1.02867971525998
"1679",283,0.85,1,1.02571262616079
"1680",283.25,0.85,1,1.02236278399738
"1681",283.5,0.85,1,1.01831005784244
"1682",283.75,0.85,1,1.01385294592182
"1683",284,0.85,1,1.00899538577416
"1684",284.25,0.85,1,1.00343515852116
"1685",284.5,0.85,1,0.997312616543622
"1686",284.75,0.85,1,0.990499179650909
"1687",285,0.85,1,0.983002933283742
"1688",285.25,0.85,1,0.974915284384827
"1689",285.5,0.85,1,0.966110854843428
"1690",285.75,0.85,1,0.956717992382961
"1691",286,0.85,1,0.946558110916365
"1692",286.25,0.85,1,0.935745803670822
"1693",286.5,0.85,1,0.924105605298061
"1694",286.75,0.85,1,0.911617892140263
"1695",287,0.85,1,0.898901512544063
"1696",287.25,0.85,1,0.884355231729944
"1697",287.5,0.85,1,0.86991600731703
"1698",287.75,0.85,1,0.854282718771721
"1699",288,0.85,1,0.836779328653015
"1700",288.25,0.85,1,0.821309151195934
"1701",288.5,0.85,1,0.798535495313663
"1702",288.75,0.85,1,0.777885076041719
"1703",289,0.85,1,0.762264458219947
"1704",289.25,0.85,1,0.733720617839928
"1705",289.5,0.85,1,0.710358800243758
"1706",289.75,0.85,1,0.696063904749072
"1707",290,0.85,1,0.662129799837374
"1708",290.25,0.85,1,0.638102927242571
"1709",290.5,0.85,1,0.607492678811378
"1710",290.75,0.85,1,0.593799400672703
"1711",291,0.85,1,0.54688561958807
"1712",291.25,0.85,1,0.519532910141143
"1713",291.5,0.85,1,0.483960549488326
"1714",291.75,0.85,1,0.479849682671996
"1715",292,0.85,1,0.427129775416669
"1716",280,0.875,1,1.02930797259103
"1717",280.25,0.875,1,1.02925906492337
"1718",280.5,0.875,1,1.02905346440164
"1719",280.75,0.875,1,1.02866533369686
"1720",281,0.875,1,1.02812939024623
"1721",281.25,0.875,1,1.02734457855901
"1722",281.5,0.875,1,1.02633620207595
"1723",281.75,0.875,1,1.02506682871963
"1724",282,0.875,1,1.02356144422778
"1725",282.25,0.875,1,1.02176970616807
"1726",282.5,0.875,1,1.01958905326781
"1727",282.75,0.875,1,1.01698958184995
"1728",283,0.875,1,1.01408467604014
"1729",283.25,0.875,1,1.01089391920105
"1730",283.5,0.875,1,1.00717776379768
"1731",283.75,0.875,1,1.00297219686706
"1732",284,0.875,1,0.998277037206864
"1733",284.25,0.875,1,0.993215405328199
"1734",284.5,0.875,1,0.987465702608916
"1735",284.75,0.875,1,0.981099297120925
"1736",285,0.875,1,0.974210452235151
"1737",285.25,0.875,1,0.966399286030301
"1738",285.5,0.875,1,0.958068499609203
"1739",285.75,0.875,1,0.948889480841732
"1740",286,0.875,1,0.939242496750979
"1741",286.25,0.875,1,0.9287285164004
"1742",286.5,0.875,1,0.917728037208746
"1743",286.75,0.875,1,0.905697319034803
"1744",287,0.875,1,0.893252462178642
"1745",287.25,0.875,1,0.879889210086068
"1746",287.5,0.875,1,0.865303898735107
"1747",287.75,0.875,1,0.848393217226292
"1748",288,0.875,1,0.833369042070222
"1749",288.25,0.875,1,0.816227769149262
"1750",288.5,0.875,1,0.796034792065843
"1751",288.75,0.875,1,0.779690605484294
"1752",289,0.875,1,0.760264820377824
"1753",289.25,0.875,1,0.736335457242806
"1754",289.5,0.875,1,0.71898613897937
"1755",289.75,0.875,1,0.697266808321478
"1756",290,0.875,1,0.669433573628502
"1757",290.25,0.875,1,0.6525457897134
"1758",290.5,0.875,1,0.608041565009241
"1759",290.75,0.875,1,0.601159911445039
"1760",291,0.875,1,0.562140545742251
"1761",291.25,0.875,1,0.543303605541058
"1762",291.5,0.875,1,0.517364625692169
"1763",291.75,0.875,1,0.482658225803725
"1764",292,0.875,1,0.436609969625011
"1765",280,0.9,1,1.01371200921216
"1766",280.25,0.9,1,1.01349688719116
"1767",280.5,0.9,1,1.0131484388131
"1768",280.75,0.9,1,1.01270736668338
"1769",281,0.9,1,1.01206609570491
"1770",281.25,0.9,1,1.01119787220631
"1771",281.5,0.9,1,1.01010985679302
"1772",281.75,0.9,1,1.00875791362062
"1773",282,0.9,1,1.00718471491155
"1774",282.25,0.9,1,1.00539120030065
"1775",282.5,0.9,1,1.00333908182718
"1776",282.75,0.9,1,1.00091366757813
"1777",283,0.9,1,0.998099517723446
"1778",283.25,0.9,1,0.994941992905671
"1779",283.5,0.9,1,0.99153066793063
"1780",283.75,0.9,1,0.987689184030336
"1781",284,0.9,1,0.983243125219144
"1782",284.25,0.9,1,0.978479535408218
"1783",284.5,0.9,1,0.97322420228163
"1784",284.75,0.9,1,0.967395370662928
"1785",285,0.9,1,0.961007798197084
"1786",285.25,0.9,1,0.954001879820631
"1787",285.5,0.9,1,0.946277736578279
"1788",285.75,0.9,1,0.937686748236198
"1789",286,0.9,1,0.928383424063974
"1790",286.25,0.9,1,0.918429501485393
"1791",286.5,0.9,1,0.907830735845228
"1792",286.75,0.9,1,0.896602337467588
"1793",287,0.9,1,0.884613014991273
"1794",287.25,0.9,1,0.871608852526694
"1795",287.5,0.9,1,0.85861470498976
"1796",287.75,0.9,1,0.841506398932352
"1797",288,0.9,1,0.824715657799604
"1798",288.25,0.9,1,0.811377998917625
"1799",288.5,0.9,1,0.795498093586731
"1800",288.75,0.9,1,0.776523943906549
"1801",289,0.9,1,0.752431510796503
"1802",289.25,0.9,1,0.733508509555075
"1803",289.5,0.9,1,0.70896854838486
"1804",289.75,0.9,1,0.692916464844633
"1805",290,0.9,1,0.671276115305279
"1806",290.25,0.9,1,0.641988795287255
"1807",290.5,0.9,1,0.626093283362296
"1808",290.75,0.9,1,0.603352753647837
"1809",291,0.9,1,0.571851187001527
"1810",291.25,0.9,1,0.528493632813741
"1811",291.5,0.9,1,0.508698948386094
"1812",291.75,0.9,1,0.480200674748937
"1813",292,0.9,1,0.440985332373652
"1814",280,0.925,1,0.993045308252764
"1815",280.25,0.925,1,0.992625108302399
"1816",280.5,0.925,1,0.992119909408837
"1817",280.75,0.925,1,0.991471255677207
"1818",281,0.925,1,0.990609546629553
"1819",281.25,0.925,1,0.989575266625092
"1820",281.5,0.925,1,0.988376693853924
"1821",281.75,0.925,1,0.987000437109179
"1822",282,0.925,1,0.985371150919309
"1823",282.25,0.925,1,0.983487555333535
"1824",282.5,0.925,1,0.981382436253837
"1825",282.75,0.925,1,0.979044963557288
"1826",283,0.925,1,0.976430360869497
"1827",283.25,0.925,1,0.973455795145233
"1828",283.5,0.925,1,0.970136229252684
"1829",283.75,0.925,1,0.966570078277922
"1830",284,0.925,1,0.962628163126662
"1831",284.25,0.925,1,0.958147720689736
"1832",284.5,0.925,1,0.953390325979346
"1833",284.75,0.925,1,0.948114633182319
"1834",285,0.925,1,0.942397762530928
"1835",285.25,0.925,1,0.936113103700771
"1836",285.5,0.925,1,0.929256729266865
"1837",285.75,0.925,1,0.921698941484785
"1838",286,0.925,1,0.913328869747631
"1839",286.25,0.925,1,0.903892113925846
"1840",286.5,0.925,1,0.893876992427351
"1841",286.75,0.925,1,0.883210832352149
"1842",287,0.925,1,0.871797961207588
"1843",287.25,0.925,1,0.859967392095676
"1844",287.5,0.925,1,0.847404114483033
"1845",287.75,0.925,1,0.833462887126027
"1846",288,0.925,1,0.815812332391334
"1847",288.25,0.925,1,0.800589813472118
"1848",288.5,0.925,1,0.781289272184793
"1849",288.75,0.925,1,0.76724501564974
"1850",289,0.925,1,0.748640677498081
"1851",289.25,0.925,1,0.723614900124671
"1852",289.5,0.925,1,0.705861114766804
"1853",289.75,0.925,1,0.680911208415313
"1854",290,0.925,1,0.666759302717421
"1855",290.25,0.925,1,0.64533189642998
"1856",290.5,0.925,1,0.614235014453796
"1857",290.75,0.925,1,0.599429434760192
"1858",291,0.925,1,0.575854550032329
"1859",291.25,0.925,1,0.541234319893563
"1860",291.5,0.925,1,0.4924852261679
"1861",291.75,0.925,1,0.471152562525569
"1862",292,0.925,1,0.439254094551982
"1863",280,0.95,1,0.965274257082733
"1864",280.25,0.95,1,0.964588826621934
"1865",280.5,0.95,1,0.963762949527347
"1866",280.75,0.95,1,0.962750619427624
"1867",281,0.95,1,0.961639087520133
"1868",281.25,0.95,1,0.96042688147076
"1869",281.5,0.95,1,0.959061009397923
"1870",281.75,0.95,1,0.957509120007093
"1871",282,0.95,1,0.955779529298371
"1872",282.25,0.95,1,0.95386801514283
"1873",282.5,0.95,1,0.9517404842756
"1874",282.75,0.95,1,0.949364592116806
"1875",283,0.95,1,0.946790778242608
"1876",283.25,0.95,1,0.94402824127577
"1877",283.5,0.95,1,0.940986474868955
"1878",283.75,0.95,1,0.937587211981761
"1879",284,0.95,1,0.933994706209423
"1880",284.25,0.95,1,0.930130319074646
"1881",284.5,0.95,1,0.925884590386874
"1882",284.75,0.95,1,0.92137914091033
"1883",285,0.95,1,0.91636745804426
"1884",285.25,0.95,1,0.911023663537269
"1885",285.5,0.95,1,0.905109778935089
"1886",285.75,0.95,1,0.898685705605917
"1887",286,0.95,1,0.891606194805608
"1888",286.25,0.95,1,0.883724076732394
"1889",286.5,0.95,1,0.874522885860124
"1890",286.75,0.95,1,0.864572260772698
"1891",287,0.95,1,0.853937513325862
"1892",287.25,0.95,1,0.842820046390059
"1893",287.5,0.95,1,0.830265638696239
"1894",287.75,0.95,1,0.818675043422134
"1895",288,0.95,1,0.798505093291872
"1896",288.25,0.95,1,0.789909505389572
"1897",288.5,0.95,1,0.766491869832842
"1898",288.75,0.95,1,0.747775801652472
"1899",289,0.95,1,0.737225699911275
"1900",289.25,0.95,1,0.720072946924589
"1901",289.5,0.95,1,0.694187161010071
"1902",289.75,0.95,1,0.678514465210034
"1903",290,0.95,1,0.653021901966016
"1904",290.25,0.95,1,0.641713473516533
"1905",290.5,0.95,1,0.590958619697066
"1906",290.75,0.95,1,0.586602273546667
"1907",291,0.95,1,0.573063567905431
"1908",291.25,0.95,1,0.547999878943207
"1909",291.5,0.95,1,0.508899393461537
"1910",291.75,0.95,1,0.500150140750967
"1911",292,0.95,1,0.429465980457561
"1912",280,0.975,1,0.926066490599083
"1913",280.25,0.975,1,0.924792797403214
"1914",280.5,0.975,1,0.923431368726866
"1915",280.75,0.975,1,0.922025203924618
"1916",281,0.975,1,0.920543881657026
"1917",281.25,0.975,1,0.918932716846003
"1918",281.5,0.975,1,0.917196138135125
"1919",281.75,0.975,1,0.915353234032013
"1920",282,0.975,1,0.913397511840626
"1921",282.25,0.975,1,0.911310413386003
"1922",282.5,0.975,1,0.909100444998782
"1923",282.75,0.975,1,0.90675559036586
"1924",283,0.975,1,0.904251722017393
"1925",283.25,0.975,1,0.901571716643537
"1926",283.5,0.975,1,0.898774653427232
"1927",283.75,0.975,1,0.895876143240124
"1928",284,0.975,1,0.892745998718686
"1929",284.25,0.975,1,0.889477984879409
"1930",284.5,0.975,1,0.886036764386864
"1931",284.75,0.975,1,0.882319770541817
"1932",285,0.975,1,0.87828176836956
"1933",285.25,0.975,1,0.873923892940172
"1934",285.5,0.975,1,0.869167400163501
"1935",285.75,0.975,1,0.864078395355491
"1936",286,0.975,1,0.858493340258649
"1937",286.25,0.975,1,0.852464588721257
"1938",286.5,0.975,1,0.845837891218479
"1939",286.75,0.975,1,0.837572935272604
"1940",287,0.975,1,0.828139309860553
"1941",287.25,0.975,1,0.818091691282564
"1942",287.5,0.975,1,0.806691892085179
"1943",287.75,0.975,1,0.795352907920689
"1944",288,0.975,1,0.780172478707849
"1945",288.25,0.975,1,0.76973287762143
"1946",288.5,0.975,1,0.754204479080632
"1947",288.75,0.975,1,0.728123458036601
"1948",289,0.975,1,0.711418190787309
"1949",289.25,0.975,1,0.682400289551866
"1950",289.5,0.975,1,0.666106216045477
"1951",289.75,0.975,1,0.666309695100128
"1952",290,0.975,1,0.621307597339997
"1953",290.25,0.975,1,0.591946790471317
"1954",290.5,0.975,1,0.58187980197205
"1955",290.75,0.975,1,0.557102977593453
"1956",291,0.975,1,0.559711745865922
"1957",291.25,0.975,1,0.499039085792342
"1958",291.5,0.975,1,0.467451340545405
"1959",291.75,0.975,1,0.473423881398619
"1960",292,0.975,1,0.465892887642549
"1961",280,1,1,0.86053980369368
"1962",280.25,1,1,0.858277264196737
"1963",280.5,1,1,0.855985295054251
"1964",280.75,1,1,0.853663678203843
"1965",281,1,1,0.851312198155397
"1966",281.25,1,1,0.848930642131601
"1967",281.5,1,1,0.846518800211142
"1968",281.75,1,1,0.844076465474561
"1969",282,1,1,0.841603434152744
"1970",282.25,1,1,0.839099505778047
"1971",282.5,1,1,0.836564483338035
"1972",282.75,1,1,0.833998173431827
"1973",283,1,1,0.831400386429013
"1974",283.25,1,1,0.828770936631138
"1975",283.5,1,1,0.826109642435708
"1976",283.75,1,1,0.823416326502704
"1977",284,1,1,0.820690815923571
"1978",284.25,1,1,0.817932942392629
"1979",284.5,1,1,0.815142542380891
"1980",284.75,1,1,0.812319457312232
"1981",285,1,1,0.809463533741859
"1982",285.25,1,1,0.806574623537042
"1983",285.5,1,1,0.803652584060049
"1984",285.75,1,1,0.800697278353217
"1985",286,1,1,0.797708575326116
"1986",286.25,1,1,0.794686349944718
"1987",286.5,1,1,0.791630483422515
"1988",286.75,1,1,0.788540863413508
"1989",287,1,1,0.784295958703265
"1990",287.25,1,1,0.776494848733695
"1991",287.5,1,1,0.768717525344886
"1992",287.75,1,1,0.759338507563161
"1993",288,1,1,0.739619246801712
"1994",288.25,1,1,0.723724641318741
"1995",288.5,1,1,0.673325151859917
"1996",288.75,1,1,0.658106007571981
"1997",289,1,1,0.586093484391685
"1998",289.25,1,1,0.581040485239224
"1999",289.5,1,1,0.631510923313524
"2000",289.75,1,1,0.511637423358967
"2001",290,1,1,0.576945509374341
"2002",290.25,1,1,0.577374009924946
"2003",290.5,1,1,0.533659083204195
"2004",290.75,1,1,0.543986932933831
"2005",291,1,1,0.5152171515507
"2006",291.25,1,1,0.445379647193402
"2007",291.5,1,1,0.441186165364793
"2008",291.75,1,1,0.400648598220229
"2009",292,1,1,0.429134548394864
