"T","kappa","Y","Lambda"
"1",280,0,1,7.10882464480872e-14
"2",280.25,0,1,4.19425678047843e-14
"3",280.5,0,1,2.42679014556361e-14
"4",280.75,0,1,1.375640543887e-14
"5",281,0,1,7.63170569058333e-15
"6",281.25,0,1,4.13905537028446e-15
"7",281.5,0,1,2.19195335570024e-15
"8",281.75,0,1,1.13204888768732e-15
"9",282,0,1,5.69402448066467e-16
"10",282.25,0,1,2.78528935200689e-16
"11",282.5,0,1,1.32297457375609e-16
"12",282.75,0,1,6.09185216312705e-17
"13",283,0,1,2.71456046668147e-17
"14",283.25,0,1,1.16837514492479e-17
"15",283.5,0,1,4.84750247147199e-18
"16",283.75,0,1,1.93446743495656e-18
"17",284,0,1,7.40791180124359e-19
"18",284.25,0,1,2.7153545916492e-19
"19",284.5,0,1,9.50109804958262e-20
"20",284.75,0,1,3.16420322918523e-20
"21",285,0,1,9.99822233816458e-21
"22",285.25,0,1,2.98717940465717e-21
"23",285.5,0,1,8.4075357113119e-22
"24",285.75,0,1,2.22022981629479e-22
"25",286,0,1,5.47711643536254e-23
"26",286.25,0,1,1.25622910833762e-23
"27",286.5,0,1,2.66503013577734e-24
"28",286.75,0,1,5.20001471702394e-25
"29",287,0,1,9.27472329787243e-26
"30",287.25,0,1,1.50199273195758e-26
"31",287.5,0,1,2.19231613600423e-27
"32",287.75,0,1,2.86081558010161e-28
"33",288,0,1,3.30800067688456e-29
"34",288.25,0,1,3.35643472868604e-30
"35",288.5,0,1,2.95618247222282e-31
"36",288.75,0,1,2.23325904646407e-32
"37",289,0,1,1.42809403942164e-33
"38",289.25,0,1,7.617486762409e-35
"39",289.5,0,1,3.33430812134705e-36
"40",289.75,0,1,1.17607724736989e-37
"41",290,0,1,3.2754257986488e-39
"42",290.25,0,1,7.04063090071584e-41
"43",290.5,0,1,1.13852322862746e-42
"44",290.75,0,1,1.34569935132169e-44
"45",291,0,1,1.12537090811058e-46
"46",291.25,0,1,6.41780875598993e-49
"47",291.5,0,1,2.39337600573795e-51
"48",291.75,0,1,5.55669782791676e-54
"49",292,0,1,7.62463160119579e-57
"50",280,0.025,1,0
"51",280.25,0.025,1,0
"52",280.5,0.025,1,0
"53",280.75,0.025,1,0
"54",281,0.025,1,0
"55",281.25,0.025,1,0
"56",281.5,0.025,1,0
"57",281.75,0.025,1,0
"58",282,0.025,1,0
"59",282.25,0.025,1,0
"60",282.5,0.025,1,0
"61",282.75,0.025,1,0
"62",283,0.025,1,0
"63",283.25,0.025,1,0
"64",283.5,0.025,1,0
"65",283.75,0.025,1,0
"66",284,0.025,1,0
"67",284.25,0.025,1,0
"68",284.5,0.025,1,0
"69",284.75,0.025,1,0
"70",285,0.025,1,0
"71",285.25,0.025,1,0
"72",285.5,0.025,1,0
"73",285.75,0.025,1,0
"74",286,0.025,1,0
"75",286.25,0.025,1,0
"76",286.5,0.025,1,0
"77",286.75,0.025,1,0
"78",287,0.025,1,0
"79",287.25,0.025,1,0
"80",287.5,0.025,1,0
"81",287.75,0.025,1,0
"82",288,0.025,1,0
"83",288.25,0.025,1,0
"84",288.5,0.025,1,0
"85",288.75,0.025,1,0
"86",289,0.025,1,0
"87",289.25,0.025,1,0
"88",289.5,0.025,1,0
"89",289.75,0.025,1,0
"90",290,0.025,1,0
"91",290.25,0.025,1,9.48995229232444e-14
"92",290.5,0.025,1,4.58998148650372e-14
"93",290.75,0.025,1,2.1140248315469e-14
"94",291,0.025,1,9.23787604775652e-15
"95",291.25,0.025,1,3.8148239554309e-15
"96",291.5,0.025,1,1.48234029484996e-15
"97",291.75,0.025,1,5.39462659400752e-16
"98",292,0.025,1,1.82938575046141e-16
"99",280,0.05,1,0.0870953252399338
"100",280.25,0.05,1,0.0834484248356476
"101",280.5,0.05,1,0.0799005631593088
"102",280.75,0.05,1,0.0764514845370837
"103",281,0.05,1,0.0731008339060972
"104",281.25,0.05,1,0.0698481580322823
"105",281.5,0.05,1,0.0666929069551615
"106",281.75,0.05,1,0.0636344356569119
"107",282,0.05,1,0.0606720059521812
"108",282.25,0.05,1,0.0578047885942277
"109",282.5,0.05,1,0.0550318655920658
"110",282.75,0.05,1,0.0523522327324164
"111",283,0.05,1,0.0497648022993827
"112",283.25,0.05,1,0.0472684059839303
"113",283.5,0.05,1,0.0448617979743794
"114",283.75,0.05,1,0.0425436582183408
"115",284,0.05,1,0.0403125958457576
"116",284.25,0.05,1,0.0381671527419233
"117",284.5,0.05,1,0.0361058072586941
"118",284.75,0.05,1,0.034126978051455
"119",285,0.05,1,0.0322290280287959
"120",285.25,0.05,1,0.0304102684013222
"121",285.5,0.05,1,0.0286689628155544
"122",285.75,0.05,1,0.0270033315584658
"123",286,0.05,1,0.025411555817883
"124",286.25,0.05,1,0
"125",286.5,0.05,1,0
"126",286.75,0.05,1,0
"127",287,0.05,1,0
"128",287.25,0.05,1,0
"129",287.5,0.05,1,0
"130",287.75,0.05,1,0
"131",288,0.05,1,0
"132",288.25,0.05,1,0
"133",288.5,0.05,1,0
"134",288.75,0.05,1,0
"135",289,0.05,1,0
"136",289.25,0.05,1,0
"137",289.5,0.05,1,0
"138",289.75,0.05,1,0
"139",290,0.05,1,0
"140",290.25,0.05,1,0
"141",290.5,0.05,1,0
"142",290.75,0.05,1,0
"143",291,0.05,1,0
"144",291.25,0.05,1,0
"145",291.5,0.05,1,0
"146",291.75,0.05,1,0
"147",292,0.05,1,0
"148",280,0.075,1,0.0870880874612719
"149",280.25,0.075,1,0.0834413682687842
"150",280.5,0.075,1,0.0798936927544485
"151",280.75,0.075,1,0.0764448049943865
"152",281,0.075,1,0.0730943496456626
"153",281.25,0.075,1,0.0698418731627172
"154",281.5,0.075,1,0.0666868252409472
"155",281.75,0.075,1,0.0636285604848618
"156",282,0.075,1,0.060666340297355
"157",282.25,0.075,1,0.0577993349857515
"158",282.5,0.075,1,0.0550266260793898
"159",282.75,0.075,1,0.0523472088526229
"160",283,0.075,1,0.0497599950462374
"161",283.25,0.075,1,0.0472638157794204
"162",283.5,0.075,1,0.044857424643558
"163",283.75,0.075,1,0.0425395009683128
"164",284,0.075,1,0.0403086532496282
"165",284.25,0.075,1,0.0381634227285347
"166",284.5,0.075,1,0.0361022871089009
"167",284.75,0.075,1,0.0341236644015888
"168",285,0.075,1,0.0322259168818356
"169",285.25,0.075,1,0.0304073551461176
"170",285.5,0.075,1,0.0286662422542447
"171",285.75,0.075,1,0.0270007979420082
"172",286,0.075,1,0.0254092028893601
"173",286.25,0.075,1,0.0238896030288442
"174",286.5,0.075,1,0.0224401138788387
"175",286.75,0.075,1,0.0210588248861008
"176",287,0.075,1,0.0197438037621372
"177",287.25,0.075,1,0.0184931007980471
"178",287.5,0.075,1,0.0173047531427109
"179",287.75,0.075,1,0.0161767890295023
"180",288,0.075,1,0.0151072319371
"181",288.25,0.075,1,0.0140941046704424
"182",288.5,0.075,1,0.0131354333484097
"183",288.75,0.075,1,0.0122292512854321
"184",289,0.075,1,0.0113736027548312
"185",289.25,0.075,1,0.0105665466225102
"186",289.5,0.075,1,0.00980615984023007
"187",289.75,0.075,1,0.0090905407886036
"188",290,0.075,1,0
"189",290.25,0.075,1,0
"190",290.5,0.075,1,0
"191",290.75,0.075,1,0
"192",291,0.075,1,0
"193",291.25,0.075,1,0
"194",291.5,0.075,1,0
"195",291.75,0.075,1,0
"196",292,0.075,1,0
"197",280,0.1,1,0.0870789218824327
"198",280.25,0.1,1,0.0834323927340782
"199",280.5,0.1,1,0.0798849160921729
"200",280.75,0.1,1,0.0764362359048417
"201",281,0.1,1,0.0730859966487698
"202",281.25,0.1,1,0.0698337445403845
"203",281.5,0.1,1,0.0666789289743523
"204",281.75,0.1,1,0.0636209041869899
"205",282,0.1,1,0.060658931141328
"206",282.25,0.1,1,0.0577921796297048
"207",282.5,0.1,1,0.0550197305888923
"208",282.75,0.1,1,0.0523405786218788
"209",283,0.1,1,0.0497536347195567
"210",283.25,0.1,1,0.047257729174678
"211",283.5,0.1,1,0.0448516146795544
"212",283.75,0.1,1,0.0425339695981294
"213",284,0.1,1,0.0403034014021382
"214",284.25,0.1,1,0.038158450260267
"215",284.5,0.1,1,0.0360975927683702
"216",284.75,0.1,1,0.0341192458080242
"217",285,0.1,1,0.0322217705199539
"218",285.25,0.1,1,0.0304034763781855
"219",285.5,0.1,1,0.0286626253501852
"220",285.75,0.1,1,0.026997436127729
"221",286,0.1,1,0.0254060884128564
"222",286.25,0.1,1,0.0238867272429818
"223",286.5,0.1,1,0.0224374673390908
"224",286.75,0.1,1,0.021056397460937
"225",287,0.1,1,0.0197415847532804
"226",287.25,0.1,1,0.0184910790674536
"227",287.5,0.1,1,0.017302917242917
"228",287.75,0.1,1,0.0161751273339286
"229",288,0.1,1,0.0151057327670127
"230",288.25,0.1,1,0.0140927564155306
"231",288.5,0.1,1,0.0131342245783265
"232",288.75,0.1,1,0.0122281708501214
"233",289,0.1,1,0.0113726398720514
"234",289.25,0.1,1,0.0105656909514785
"235",289.5,0.1,1,0.00980540154094612
"236",289.75,0.1,1,0.00908987056690068
"237",290,0.1,1,0.00841722159956399
"238",290.25,0.1,1,0.00778560585611675
"239",290.5,0.1,1,0.0071932050301522
"240",290.75,0.1,1,0.0066382339411933
"241",291,0.1,1,0.00611894299888186
"242",291.25,0.1,1,0.00563362047740754
"243",291.5,0.1,1,0.0051805945965625
"244",291.75,0.1,1,0
"245",292,0.1,1,0
"246",280,0.125,1,0.0870669405478262
"247",280.25,0.125,1,0.0834205961118845
"248",280.5,0.125,1,0.0798733190314109
"249",280.75,0.125,1,0.0764248534804101
"250",281,0.125,1,0.0730748440815868
"251",281.25,0.125,1,0.0698228371035525
"252",281.5,0.125,1,0.0666682818849325
"253",281.75,0.125,1,0.063610532483308
"254",282,0.125,1,0.0606488495462147
"255",282.25,0.125,1,0.0577824024005806
"256",282.5,0.125,1,0.055010271356255
"257",282.75,0.125,1,0.0523314502183992
"258",283,0.125,1,0.0497448490027385
"259",283.25,0.125,1,0.0472492968467249
"260",283.5,0.125,1,0.0448435451088206
"261",283.75,0.125,1,0.0425262706470676
"262",284,0.125,1,0.0402960792671882
"263",284.25,0.125,1,0.0381515093293244
"264",284.5,0.125,1,0.0360910355015431
"265",284.75,0.125,1,0.0341130726470665
"266",285,0.125,1,0.0322159798311989
"267",285.25,0.125,1,0.0303980644328802
"268",285.5,0.125,1,0.0286575863449184
"269",285.75,0.125,1,0.0269927622461872
"270",286,0.125,1,0.0254017699285105
"271",286.25,0.125,1,0.0238827526605886
"272",286.5,0.125,1,0.0224338235712547
"273",286.75,0.125,1,0.0210530700344195
"274",287,0.125,1,0.019738558038522
"275",287.25,0.125,1,0.0184883365238648
"276",287.5,0.125,1,0.0173004416720112
"277",287.75,0.125,1,0.0161729011323316
"278",288,0.125,1,0.0151037381717744
"279",288.25,0.125,1,0.0140909757349412
"280",288.5,0.125,1,0.0131326404025242
"281",288.75,0.125,1,0.012226766237082
"282",289,0.125,1,0.0113713985059525
"283",289.25,0.125,1,0.0105645972718505
"284",289.5,0.125,1,0.00980444084234376
"285",289.75,0.125,1,0.00908902907000119
"286",290,0.125,1,0.00841648649555211
"287",290.25,0.125,1,0.00778496532694252
"288",290.5,0.125,1,0.00719264824772828
"289",290.75,0.125,1,0.00663775104884511
"290",291,0.125,1,0.00611852507844775
"291",291.25,0.125,1,0.00563325950523158
"292",291.5,0.125,1,0.00518028339143842
"293",291.75,0.125,1,0.00475796757260189
"294",292,0.125,1,0.00436472634200017
"295",280,0.15,1,0.0870507588820428
"296",280.25,0.15,1,0.0834045589858376
"297",280.5,0.15,1,0.079857450375226
"298",280.75,0.15,1,0.0764091783185861
"299",281,0.15,1,0.0730593884361059
"300",281.25,0.15,1,0.0698076278644893
"301",281.5,0.15,1,0.0666533466456826
"302",281.75,0.15,1,0.0635958993382293
"303",282,0.15,1,0.0606345468493639
"304",282.25,0.15,1,0.0577684584854632
"305",282.5,0.15,1,0.0549967142179744
"306",282.75,0.15,1,0.0523183071613932
"307",283,0.15,1,0.0497321462592523
"308",283.25,0.15,1,0.0472370591733445
"309",283.5,0.15,1,0.0448317953705291
"310",283.75,0.15,1,0.0425150294003246
"311",284,0.15,1,0.0402853643553992
"312",284.25,0.15,1,0.0381413355052089
"313",284.5,0.15,1,0.0360814140916248
"314",284.75,0.15,1,0.0341040112733368
"315",285,0.15,1,0.0322074822038517
"316",285.25,0.15,1,0.0303901302259128
"317",285.5,0.15,1,0.0286502111633988
"318",285.75,0.15,1,0.026985937690117
"319",286,0.15,1,0.0253954837538333
"320",286.25,0.15,1,0.0238769890331876
"321",286.5,0.15,1,0.0224285634052121
"322",286.75,0.15,1,0.021048291401674
"323",287,0.15,1,0.0197342366337112
"324",287.25,0.15,1,0.0184844461658344
"325",287.5,0.15,1,0.0172969548224276
"326",287.75,0.15,1,0.0161697894120277
"327",288,0.15,1,0.0151009728568335
"328",288.25,0.15,1,0.0140885282169611
"329",288.5,0.15,1,0.0131304826005825
"330",288.75,0.15,1,0.0122248709525249
"331",289,0.15,1,0.0113697397147915
"332",289.25,0.15,1,0.0105631503530546
"333",289.5,0.15,1,0.00980318274342094
"334",289.75,0.15,1,0.00908793841379903
"335",290,0.15,1,0.00841554363410967
"336",290.25,0.15,1,0.00778415234946185
"337",290.5,0.15,1,0.00719194895036129
"338",290.75,0.15,1,0.00663715087408677
"339",291,0.15,1,0.00611801103160003
"340",291.25,0.15,1,0.00563282005476892
"341",291.5,0.15,1,0.00517990835950204
"342",291.75,0.15,1,0.00475764801933899
"343",292,0.15,1,0.00436445445126334
"344",280,0.175,1,0.385237701051265
"345",280.25,0.175,1,0.381022624162628
"346",280.5,0.175,1,0.376809238005188
"347",280.75,0.175,1,0.372599302036047
"348",281,0.175,1,0.368394449557338
"349",281.25,0.175,1,0.364196148493215
"350",281.5,0.175,1,0.360005659158174
"351",281.75,0.175,1,0.355823989710466
"352",282,0.175,1,0.351651850240326
"353",282.25,0.175,1,0.347489606713056
"354",282.5,0.175,1,0.343337236256047
"355",282.75,0.175,1,0.339194285521638
"356",283,0.175,1,0.335059834044629
"357",283.25,0.175,1,0.330932464592064
"358",283.5,0.175,1,0.326810242411732
"359",283.75,0.175,1,0.322690704917853
"360",284,0.175,1,0.318570862542378
"361",284.25,0.175,1,0.314447209940388
"362",284.5,0.175,1,0.310315743951105
"363",284.75,0.175,1,0.0340899421778138
"364",285,0.175,1,0.0321942909137448
"365",285.25,0.175,1,0.0303778264275065
"366",285.5,0.175,1,0.0286387961856278
"367",285.75,0.175,1,0.0269754045126653
"368",286,0.175,1,0.0253858172574176
"369",286.25,0.175,1,0.0238681664836999
"370",286.5,0.175,1,0.022420555149963
"371",286.75,0.175,1,0.0210410617442078
"372",287,0.175,1,0.0197277448441188
"373",287.25,0.175,1,0.0184786475775824
"374",287.5,0.175,1,0.0172918019644918
"375",287.75,0.175,1,0.0161652331266878
"376",288,0.175,1,0.0150969633585341
"377",288.25,0.175,1,0.0140850160552876
"378",288.5,0.175,1,0.013127419499886
"379",288.75,0.175,1,0.0122222105107824
"380",289,0.175,1,0.0113674379542111
"381",289.25,0.175,1,0.0105611661237408
"382",289.5,0.175,1,0.00980147798872563
"383",289.75,0.175,1,0.00908647831130574
"384",290,0.175,1,0.00841429662970584
"385",290.25,0.175,1,0.00778309010360411
"386",290.5,0.175,1,0.0071910462157966
"387",290.75,0.175,1,0.00663638532327218
"388",291,0.175,1,0.00611736305023108
"389",291.25,0.175,1,0.00563227251551475
"390",291.5,0.175,1,0.0051794463873129
"391",291.75,0.175,1,0.00475725875879352
"392",292,0.175,1,0.00436412683937277
"393",280,0.2,1,0.469894127533882
"394",280.25,0.2,1,0.465230194960844
"395",280.5,0.2,1,0.460599578845447
"396",280.75,0.2,1,0.456004676982128
"397",281,0.2,1,0.451447228933005
"398",281.25,0.2,1,0.446928180430972
"399",281.5,0.2,1,0.442447545989963
"400",281.75,0.2,1,0.438004275498493
"401",282,0.2,1,0.433596132083616
"402",282.25,0.2,1,0.429219589995903
"403",282.5,0.2,1,0.42486976250593
"404",282.75,0.2,1,0.420540370585746
"405",283,0.2,1,0.41622376319291
"406",283.25,0.2,1,0.323571311560596
"407",283.5,0.2,1,0.319744064104521
"408",283.75,0.2,1,0.315949882736002
"409",284,0.2,1,0.312184187957652
"410",284.25,0.2,1,0.308441389657311
"411",284.5,0.2,1,0.304714938436501
"412",284.75,0.2,1,0.30099741284516
"413",285,0.2,1,0.297280642819654
"414",285.25,0.2,1,0.293555867437234
"415",285.5,0.2,1,0.28981392191931
"416",285.75,0.2,1,0.286045444513452
"417",286,0.2,1,0.282241086702904
"418",286.25,0.2,1,0.278391696597755
"419",286.5,0.2,1,0.0224075803580048
"420",286.75,0.2,1,0.0210294383957054
"421",287,0.2,1,0.0197173982358259
"422",287.25,0.2,1,0.018469494426215
"423",287.5,0.2,1,0.0172837530713751
"424",287.75,0.2,1,0.0161581959725325
"425",288,0.2,1,0.0150908445115789
"426",288.25,0.2,1,0.014079723302137
"427",288.5,0.2,1,0.013122863638093
"428",288.75,0.2,1,0.0122183067724187
"429",289,0.2,1,0.0113641070570287
"430",289.25,0.2,1,0.0105583349692504
"431",289.5,0.2,1,0.00979908004325864
"432",289.75,0.2,1,0.00908445371677971
"433",290,0.2,1,0.00841259209569681
"434",290.25,0.2,1,0.00778165863256427
"435",290.5,0.2,1,0.00718984670980063
"436",290.75,0.2,1,0.00663538211500848
"437",291,0.2,1,0.00611652539397333
"438",291.25,0.2,1,0.00563157406650949
"439",291.5,0.2,1,0.00517886469102498
"440",291.75,0.2,1,0.0047567747651901
"441",292,0.2,1,0.00436372445211947
"442",280,0.225,1,0.506143859459209
"443",280.25,0.225,1,0.501669784024677
"444",280.5,0.225,1,0.497278316876605
"445",280.75,0.225,1,0.492972419523012
"446",281,0.225,1,0.488753316120307
"447",281.25,0.225,1,0.484620129859371
"448",281.5,0.225,1,0.480569509833885
"449",281.75,0.225,1,0.476595264643923
"450",282,0.225,1,0.472688024680444
"451",282.25,0.225,1,0.468834961207974
"452",282.5,0.225,1,0.465019596857845
"453",282.75,0.225,1,0.461221747961577
"454",283,0.225,1,0.457417643382047
"455",283.25,0.225,1,0.394509348073064
"456",283.5,0.225,1,0.391240404696159
"457",283.75,0.225,1,0.388028214049865
"458",284,0.225,1,0.384848055797096
"459",284.25,0.225,1,0.381672444933582
"460",284.5,0.225,1,0.378471925704091
"461",284.75,0.225,1,0.375216099878603
"462",285,0.225,1,0.371874846013159
"463",285.25,0.225,1,0.368419651694865
"464",285.5,0.225,1,0.282199238675985
"465",285.75,0.225,1,0.279132629727033
"466",286,0.225,1,0.276035790463855
"467",286.25,0.225,1,0.272892163884124
"468",286.5,0.225,1,0.269685916222748
"469",286.75,0.225,1,0.26640237108897
"470",287,0.225,1,0.263028396242042
"471",287.25,0.225,1,0.259552703476405
"472",287.5,0.225,1,0.255965986598472
"473",287.75,0.225,1,0.0161466200117901
"474",288,0.225,1,0.0150809271583912
"475",288.25,0.225,1,0.014071276976613
"476",288.5,0.225,1,0.0131157093699162
"477",288.75,0.225,1,0.0122122771881404
"478",289,0.225,1,0.0113590483733378
"479",289.25,0.225,1,0.0105541080936329
"480",289.5,0.225,1,0.00979556092031333
"481",289.75,0.225,1,0.00908153307453288
"482",290,0.225,1,0.00841017474620077
"483",290.25,0.225,1,0.0077796624687337
"484",290.5,0.225,1,0.00718820152082604
"485",290.75,0.225,1,0.00663402831957067
"486",291,0.225,1,0.00611541276716137
"487",291.25,0.225,1,0.00563066051469261
"488",291.5,0.225,1,0.00517811511044032
"489",291.75,0.225,1,0.00475616000496801
"490",292,0.225,1,0.0043632203909713
"491",280,0.25,1,0.57012373537094
"492",280.25,0.25,1,0.566596827254057
"493",280.5,0.25,1,0.563217842800326
"494",280.75,0.25,1,0.559985921221255
"495",281,0.25,1,0.556895952761415
"496",281.25,0.25,1,0.553937798339939
"497",281.5,0.25,1,0.551095491605598
"498",281.75,0.25,1,0.548346456856299
"499",282,0.25,1,0.495833605277277
"500",282.25,0.25,1,0.493458704370359
"501",282.5,0.25,1,0.491225237861097
"502",282.75,0.25,1,0.489094606888695
"503",283,0.25,1,0.487018774266733
"504",283.25,0.25,1,0.484940071880985
"505",283.5,0.25,1,0.482791462384769
"506",283.75,0.25,1,0.423415427712206
"507",284,0.25,1,0.421864646664436
"508",284.25,0.25,1,0.420250960605356
"509",284.5,0.25,1,0.418495059431644
"510",284.75,0.25,1,0.416514690838605
"511",285,0.25,1,0.414228734136049
"512",285.25,0.25,1,0.350223446319322
"513",285.5,0.25,1,0.348856142612604
"514",285.75,0.25,1,0.34728226013457
"515",286,0.25,1,0.345442388843635
"516",286.25,0.25,1,0.343287052324296
"517",286.5,0.25,1,0.340779759522511
"518",286.75,0.25,1,0.258569560168409
"519",287,0.25,1,0.256198188317717
"520",287.25,0.25,1,0.253684163050826
"521",287.5,0.25,1,0.251010099470599
"522",287.75,0.25,1,0.248162562353389
"523",288,0.25,1,0.245132228858538
"524",288.25,0.25,1,0.241913829097727
"525",288.5,0.25,1,0.238505717101186
"526",288.75,0.25,1,0.0122023825713988
"527",289,0.25,1,0.011350917384133
"528",289.25,0.25,1,0.0105474545365235
"529",289.5,0.25,1,0.00979013596929682
"530",289.75,0.25,1,0.00907712322456473
"531",290,0.25,1,0.00840659890046545
"532",290.25,0.25,1,0.00777676855559925
"533",290.5,0.25,1,0.00718586294800597
"534",290.75,0.25,1,0.00663214048926545
"535",291,0.25,1,0.00611388980160007
"536",291.25,0.25,1,0.00562943228067063
"537",291.5,0.25,1,0.00517712458488693
"538",291.75,0.25,1,0.00475536099010087
"539",292,0.25,1,0.00436257556546161
"540",280,0.275,1,0.602216605596933
"541",280.25,0.275,1,0.599785977864464
"542",280.5,0.275,1,0.597620654931967
"543",280.75,0.275,1,0.595714744702674
"544",281,0.275,1,0.594054331293095
"545",281.25,0.275,1,0.592616539808236
"546",281.5,0.275,1,0.591368416568426
"547",281.75,0.275,1,0.545599275393049
"548",282,0.275,1,0.545155704232483
"549",282.25,0.275,1,0.544954269512907
"550",282.5,0.275,1,0.544933826924644
"551",282.75,0.275,1,0.545014907000631
"552",283,0.275,1,0.545101697447147
"553",283.25,0.275,1,0.495335528708609
"554",283.5,0.275,1,0.496361673294874
"555",283.75,0.275,1,0.497374178005829
"556",284,0.275,1,0.498215262388743
"557",284.25,0.275,1,0.498729957679031
"558",284.5,0.275,1,0.444234998145125
"559",284.75,0.275,1,0.445608425366695
"560",285,0.275,1,0.446532095202579
"561",285.25,0.275,1,0.446822766005729
"562",285.5,0.275,1,0.386247076813227
"563",285.75,0.275,1,0.387241044963809
"564",286,0.275,1,0.387501116464538
"565",286.25,0.275,1,0.386892312834035
"566",286.5,0.275,1,0.322542209888801
"567",286.75,0.275,1,0.32281463722737
"568",287,0.275,1,0.322452890691859
"569",287.25,0.275,1,0.321409300580278
"570",287.5,0.275,1,0.319671675833154
"571",287.75,0.275,1,0.240662447875873
"572",288,0.275,1,0.238842242709775
"573",288.25,0.275,1,0.236735935066037
"574",288.5,0.275,1,0.234339252248364
"575",288.75,0.275,1,0.231654202803617
"576",289,0.275,1,0.228688289979801
"577",289.25,0.275,1,0.225453271122636
"578",289.5,0.275,1,0.00978127437824457
"579",289.75,0.275,1,0.00907009986089162
"580",290,0.275,1,0.00840104366184185
"581",290.25,0.275,1,0.00777238056692538
"582",290.5,0.275,1,0.00718239967074207
"583",290.75,0.275,1,0.00662940777901158
"584",291,0.275,1,0.00611173314100587
"585",291.25,0.275,1,0.00562772925339704
"586",291.5,0.275,1,0.00517577855041591
"587",291.75,0.275,1,0.00475429585720882
"588",292,0.275,1,0.00436173153213347
"589",280,0.3,1,0.646553590969091
"590",280.25,0.3,1,0.645519940776411
"591",280.5,0.3,1,0.644777899793522
"592",280.75,0.3,1,0.605483263058229
"593",281,0.3,1,0.60574887199816
"594",281.25,0.3,1,0.606387042933604
"595",281.5,0.3,1,0.607348656520544
"596",281.75,0.3,1,0.608564152542762
"597",282,0.3,1,0.609942289893442
"598",282.25,0.3,1,0.569653850423207
"599",282.5,0.3,1,0.572320379367998
"600",282.75,0.3,1,0.575126513715733
"601",283,0.3,1,0.577917259797866
"602",283.25,0.3,1,0.53556600855374
"603",283.5,0.3,1,0.539530541127469
"604",283.75,0.3,1,0.543379137135644
"605",284,0.3,1,0.546868062231426
"606",284.25,0.3,1,0.502215223127055
"607",284.5,0.3,1,0.50668823566454
"608",284.75,0.3,1,0.510593822231394
"609",285,0.3,1,0.461249365391907
"610",285.25,0.3,1,0.465822355755987
"611",285.5,0.3,1,0.469583514897902
"612",285.75,0.3,1,0.41404874655038
"613",286,0.3,1,0.418560659866836
"614",286.25,0.3,1,0.421901362295927
"615",286.5,0.3,1,0.42373769700845
"616",286.75,0.3,1,0.363773838353014
"617",287,0.3,1,0.366051897000039
"618",287.25,0.3,1,0.366661746987281
"619",287.5,0.3,1,0.302953269713959
"620",287.75,0.3,1,0.304259166766498
"621",288,0.3,1,0.304428640150473
"622",288.25,0.3,1,0.303498411016394
"623",288.5,0.3,1,0.227018853384831
"624",288.75,0.3,1,0.225701179976067
"625",289,0.3,1,0.223950301198448
"626",289.25,0.3,1,0.221784092843858
"627",289.5,0.3,1,0.219226801825427
"628",289.75,0.3,1,0.216307177903494
"629",290,0.3,1,0.00839190144734298
"630",290.25,0.3,1,0.00776536893307415
"631",290.5,0.3,1,0.00717702083719546
"632",290.75,0.3,1,0.00662527800633184
"633",291,0.3,1,0.00610855801408837
"634",291.25,0.3,1,0.00562528367195931
"635",291.5,0.3,1,0.00517389080949828
"636",291.75,0.3,1,0.004752835154496
"637",292,0.3,1,0.00436059826980996
"638",280,0.325,1,0.668637723408091
"639",280.25,0.325,1,0.669232017074767
"640",280.5,0.325,1,0.670167765216404
"641",280.75,0.325,1,0.671383563114434
"642",281,0.325,1,0.639680490589552
"643",281.25,0.325,1,0.642259781638917
"644",281.5,0.325,1,0.645114196223179
"645",281.75,0.325,1,0.648123141187541
"646",282,0.325,1,0.617018455355374
"647",282.25,0.325,1,0.621228472289939
"648",282.5,0.325,1,0.625494318671733
"649",282.75,0.325,1,0.593912054087071
"650",283,0.325,1,0.599032672733732
"651",283.25,0.325,1,0.604061569915357
"652",283.5,0.325,1,0.571297102656791
"653",283.75,0.325,1,0.576871741436515
"654",284,0.325,1,0.582157582543605
"655",284.25,0.325,1,0.547224663832395
"656",284.5,0.325,1,0.552898925316388
"657",284.75,0.325,1,0.558014370732353
"658",285,0.325,1,0.520084602883861
"659",285.25,0.325,1,0.525601424243277
"660",285.5,0.325,1,0.482786945786118
"661",285.75,0.325,1,0.488655204953218
"662",286,0.325,1,0.493578609315048
"663",286.25,0.325,1,0.445819535925559
"664",286.5,0.325,1,0.451015002011756
"665",286.75,0.325,1,0.395093073865399
"666",287,0.325,1,0.401261007248012
"667",287.25,0.325,1,0.405534208493759
"668",287.5,0.325,1,0.344540835435482
"669",287.75,0.325,1,0.349035673985653
"670",288,0.325,1,0.350969358919187
"671",288.25,0.325,1,0.287672814621196
"672",288.5,0.325,1,0.289866795337183
"673",288.75,0.325,1,0.290439908737364
"674",289,0.325,1,0.289550635964506
"675",289.25,0.325,1,0.215453295762747
"676",289.5,0.325,1,0.21427198201089
"677",289.75,0.325,1,0.212534285747806
"678",290,0.325,1,0.210289634783331
"679",290.25,0.325,1,0.207590060344912
"680",290.5,0.325,1,0.00716818830556567
"681",290.75,0.325,1,0.00661871626059217
"682",291,0.325,1,0.00610366855858606
"683",291.25,0.325,1,0.00562162759958518
"684",291.5,0.325,1,0.00517114645970679
"685",291.75,0.325,1,0.00475076669100785
"686",292,0.325,1,0.00435903254773346
"687",280,0.35,1,0.706926245794634
"688",280.25,0.35,1,0.708936393910364
"689",280.5,0.35,1,0.685635054477558
"690",280.75,0.35,1,0.689066384083599
"691",281,0.35,1,0.692749211429814
"692",281.25,0.35,1,0.69654558811855
"693",281.5,0.35,1,0.676375774249249
"694",281.75,0.35,1,0.681250176700351
"695",282,0.35,1,0.686012520861379
"696",282.25,0.35,1,0.667373898800276
"697",282.5,0.35,1,0.672684821945473
"698",282.75,0.35,1,0.65397705993626
"699",283,0.35,1,0.659355197073224
"700",283.25,0.35,1,0.664166460209688
"701",283.5,0.35,1,0.644816939749472
"702",283.75,0.35,1,0.649201929444493
"703",284,0.35,1,0.627853796000306
"704",284.25,0.35,1,0.631565248079633
"705",284.5,0.35,1,0.6074080085236
"706",284.75,0.35,1,0.610414746124154
"707",285,0.35,1,0.582695623826579
"708",285.25,0.35,1,0.585169320229213
"709",285.5,0.35,1,0.553239663624203
"710",285.75,0.35,1,0.555541374325395
"711",286,0.35,1,0.518833900121153
"712",286.25,0.35,1,0.521481176583883
"713",286.5,0.35,1,0.479417829673834
"714",286.75,0.35,1,0.482884499127267
"715",287,0.35,1,0.434350316723564
"716",287.25,0.35,1,0.438763802402108
"717",287.5,0.35,1,0.381201369954562
"718",287.75,0.35,1,0.387956536900445
"719",288,0.35,1,0.392608756465698
"720",288.25,0.35,1,0.332068218277861
"721",288.5,0.35,1,0.336949268710552
"722",288.75,0.35,1,0.273002768076318
"723",289,0.35,1,0.276967225007971
"724",289.25,0.35,1,0.278750305940513
"725",289.5,0.35,1,0.27860413946089
"726",289.75,0.35,1,0.206262889283342
"727",290,0.35,1,0.205483697275983
"728",290.25,0.35,1,0.204013596786901
"729",290.5,0.35,1,0.201933618218162
"730",290.75,0.35,1,0.199322842885711
"731",291,0.35,1,0.00609573479613913
"732",291.25,0.35,1,0.00561590155825012
"733",291.5,0.35,1,0.00516698858682589
"734",291.75,0.35,1,0.00474772843002629
"735",292,0.35,1,0.00435679814377756
"736",280,0.375,1,0.736613039579113
"737",280.25,0.375,1,0.740725085604743
"738",280.5,0.375,1,0.728118295065744
"739",280.75,0.375,1,0.733610268653416
"740",281,0.375,1,0.739191525420476
"741",281.25,0.375,1,0.744669384192747
"742",281.5,0.375,1,0.736207222999829
"743",281.75,0.375,1,0.742228909086803
"744",282,0.375,1,0.73470984793034
"745",282.25,0.375,1,0.740539680025163
"746",282.5,0.375,1,0.745417744688525
"747",282.75,0.375,1,0.737867102136884
"748",283,0.375,1,0.741556735567237
"749",283.25,0.375,1,0.73267415896367
"750",283.5,0.375,1,0.722167458674505
"751",283.75,0.375,1,0.72395399170333
"752",284,0.375,1,0.711172363456509
"753",284.25,0.375,1,0.711274002085115
"754",284.5,0.375,1,0.696011480167559
"755",284.75,0.375,1,0.678231118626393
"756",285,0.375,1,0.676772038201589
"757",285.25,0.375,1,0.656027754386788
"758",285.5,0.375,1,0.653389241491187
"759",285.75,0.375,1,0.62938392478042
"760",286,0.375,1,0.601371571214323
"761",286.25,0.375,1,0.598139968725815
"762",286.5,0.375,1,0.56575922372463
"763",286.75,0.375,1,0.5278061392154
"764",287,0.375,1,0.525396089044089
"765",287.25,0.375,1,0.481930873733527
"766",287.5,0.375,1,0.4811302710738
"767",287.75,0.375,1,0.431478660403286
"768",288,0.375,1,0.432855136210306
"769",288.25,0.375,1,0.374985599489037
"770",288.5,0.375,1,0.380413148653905
"771",288.75,0.375,1,0.317896676002131
"772",289,0.375,1,0.324965927103924
"773",289.25,0.375,1,0.327601263849054
"774",289.5,0.375,1,0.266357566528254
"775",289.75,0.375,1,0.268760465271652
"776",290,0.375,1,0.268843923633147
"777",290.25,0.375,1,0.198209644101723
"778",290.5,0.375,1,0.197596583252915
"779",290.75,0.375,1,0.196188408583259
"780",291,0.375,1,0.194099373612042
"781",291.25,0.375,1,0.191434629425957
"782",291.5,0.375,1,0.00516038127120431
"783",291.75,0.375,1,0.00474307421110676
"784",292,0.375,1,0.00435348952572076
"785",280,0.4,1,0.784552401827006
"786",280.25,0.4,1,0.790805638943351
"787",280.5,0.4,1,0.78842899758429
"788",280.75,0.4,1,0.795687295435874
"789",281,0.4,1,0.802502682541445
"790",281.25,0.4,1,0.802137379336807
"791",281.5,0.4,1,0.808291107354505
"792",281.75,0.4,1,0.807348008575978
"793",282,0.4,1,0.81167984199631
"794",282.25,0.4,1,0.808921344597141
"795",282.5,0.4,1,0.810837521241193
"796",282.75,0.4,1,0.805799064107324
"797",283,0.4,1,0.799262477776806
"798",283.25,0.4,1,0.798269270462759
"799",283.5,0.4,1,0.789745958417522
"800",283.75,0.4,1,0.779846107629385
"801",284,0.4,1,0.777038726387893
"802",284.25,0.4,1,0.76565938705589
"803",284.5,0.4,1,0.753018872698322
"804",284.75,0.4,1,0.738973103430281
"805",285,0.4,1,0.735227233837934
"806",285.25,0.4,1,0.719868323979241
"807",285.5,0.4,1,0.702831182352988
"808",285.75,0.4,1,0.683837686375879
"809",286,0.4,1,0.679702118003224
"810",286.25,0.4,1,0.658604985211116
"811",286.5,0.4,1,0.634706696012943
"812",286.75,0.4,1,0.607194974898657
"813",287,0.4,1,0.602355862391447
"814",287.25,0.4,1,0.570364075458494
"815",287.5,0.4,1,0.532562597987911
"816",287.75,0.4,1,0.526984142856583
"817",288,0.4,1,0.483197797730818
"818",288.25,0.4,1,0.431005870041459
"819",288.5,0.4,1,0.428787549470847
"820",288.75,0.4,1,0.367247554097828
"821",289,0.4,1,0.371609800536294
"822",289.25,0.4,1,0.307730126018556
"823",289.5,0.4,1,0.315683956203778
"824",289.75,0.4,1,0.252693573510992
"825",290,0.4,1,0.258072177087479
"826",290.25,0.4,1,0.260321040097856
"827",290.5,0.4,1,0.190868951588189
"828",290.75,0.4,1,0.191168012157094
"829",291,0.4,1,0.19045979283236
"830",291.25,0.4,1,0.188902378923888
"831",291.5,0.4,1,0.186638452412102
"832",291.75,0.4,1,0.00473559074807369
"833",292,0.4,1,0.00434837845736109
"834",280,0.425,1,0.837667201608458
"835",280.25,0.425,1,0.845864816648716
"836",280.5,0.425,1,0.853085790280554
"837",280.75,0.425,1,0.855833637840647
"838",281,0.425,1,0.860735805194927
"839",281.25,0.425,1,0.860932022088964
"840",281.5,0.425,1,0.862768196349445
"841",281.75,0.425,1,0.86012547477469
"842",282,0.425,1,0.859308874945365
"843",282.25,0.425,1,0.854456523331366
"844",282.5,0.425,1,0.848473452655949
"845",282.75,0.425,1,0.845378445817676
"846",283,0.425,1,0.83816106617567
"847",283.25,0.425,1,0.830149063442143
"848",283.5,0.425,1,0.821410926258097
"849",283.75,0.425,1,0.8119751193014
"850",284,0.425,1,0.807714705729827
"851",284.25,0.425,1,0.797644637008607
"852",284.5,0.425,1,0.786895273564279
"853",284.75,0.425,1,0.775457191896476
"854",285,0.425,1,0.763294152242798
"855",285.25,0.425,1,0.750332336258261
"856",285.5,0.425,1,0.736495913937172
"857",285.75,0.425,1,0.721701410286562
"858",286,0.425,1,0.705792405542233
"859",286.25,0.425,1,0.688562128242249
"860",286.5,0.425,1,0.669792769975778
"861",286.75,0.425,1,0.649090015017118
"862",287,0.425,1,0.646227202557648
"863",287.25,0.425,1,0.62338299441758
"864",287.5,0.425,1,0.59753190760808
"865",287.75,0.425,1,0.567427289784918
"866",288,0.425,1,0.531678914688969
"867",288.25,0.425,1,0.52687429268765
"868",288.5,0.425,1,0.483610132833991
"869",288.75,0.425,1,0.430971382050471
"870",289,0.425,1,0.425974914987399
"871",289.25,0.425,1,0.36249810918813
"872",289.5,0.425,1,0.365120701238008
"873",289.75,0.425,1,0.301517678275934
"874",290,0.425,1,0.308687262822642
"875",290.25,0.425,1,0.246907796628708
"876",290.5,0.425,1,0.251535070596979
"877",290.75,0.425,1,0.252857521487616
"878",291,0.425,1,0.184861359562943
"879",291.25,0.425,1,0.184851332472374
"880",291.5,0.425,1,0.183811564907609
"881",291.75,0.425,1,0.181928083752111
"882",292,0.425,1,0.179360941417455
"883",280,0.45,1,0.892127045436338
"884",280.25,0.45,1,0.896589212652853
"885",280.5,0.45,1,0.897338630772861
"886",280.75,0.45,1,0.898389344328357
"887",281,0.45,1,0.896173456815023
"888",281.25,0.45,1,0.894838315266621
"889",281.5,0.45,1,0.890703013213519
"890",281.75,0.45,1,0.887966438107147
"891",282,0.45,1,0.882717523195692
"892",282.25,0.45,1,0.876883637539773
"893",282.5,0.45,1,0.870531829703091
"894",282.75,0.45,1,0.866645199599897
"895",283,0.45,1,0.859763480185467
"896",283.25,0.45,1,0.852436507953463
"897",283.5,0.45,1,0.844702803253862
"898",283.75,0.45,1,0.836535906742126
"899",284,0.45,1,0.827932789681682
"900",284.25,0.45,1,0.818898777319399
"901",284.5,0.45,1,0.809421729095125
"902",284.75,0.45,1,0.799482199854042
"903",285,0.45,1,0.789041687576739
"904",285.25,0.45,1,0.778087913476841
"905",285.5,0.45,1,0.766573505337707
"906",285.75,0.45,1,0.745870117759103
"907",286,0.45,1,0.732481335377552
"908",286.25,0.45,1,0.718358412867697
"909",286.5,0.45,1,0.703400810958357
"910",286.75,0.45,1,0.687478178111437
"911",287,0.45,1,0.670448686313604
"912",287.25,0.45,1,0.652090409901794
"913",287.5,0.45,1,0.632050733197577
"914",287.75,0.45,1,0.609927523329229
"915",288,0.45,1,0.58498644040094
"916",288.25,0.45,1,0.556577964465225
"917",288.5,0.45,1,0.523063623876833
"918",288.75,0.45,1,0.520268878997899
"919",289,0.45,1,0.479040634543504
"920",289.25,0.45,1,0.427702519754588
"921",289.5,0.45,1,0.361236294601928
"922",289.75,0.45,1,0.358415664508578
"923",290,0.45,1,0.286202129557875
"924",290.25,0.45,1,0.297983472333752
"925",290.5,0.45,1,0.235762344167532
"926",290.75,0.45,1,0.242793318381758
"927",291,0.45,1,0.245760073321994
"928",291.25,0.45,1,0.17880442961662
"929",291.5,0.45,1,0.179457531855547
"930",291.75,0.45,1,0.178896102076885
"931",292,0.45,1,0.177354163656477
"932",280,0.475,1,0.925616157176514
"933",280.25,0.475,1,0.924061086163902
"934",280.5,0.475,1,0.922745663864458
"935",280.75,0.475,1,0.91955891994917
"936",281,0.475,1,0.917152804135758
"937",281.25,0.475,1,0.913083079251225
"938",281.5,0.475,1,0.908606915521531
"939",281.75,0.475,1,0.905406252716948
"940",282,0.475,1,0.900445566518766
"941",282.25,0.475,1,0.895174028016293
"942",282.5,0.475,1,0.889583104836655
"943",282.75,0.475,1,0.883702914305296
"944",283,0.475,1,0.877532979528166
"945",283.25,0.475,1,0.87110487949588
"946",283.5,0.475,1,0.864408654766942
"947",283.75,0.475,1,0.857416816997833
"948",284,0.475,1,0.850104900022053
"949",284.25,0.475,1,0.842459964502012
"950",284.5,0.475,1,0.830423861863131
"951",284.75,0.475,1,0.821862858849289
"952",285,0.475,1,0.812801165811127
"953",285.25,0.475,1,0.8031547791803
"954",285.5,0.475,1,0.787064800558992
"955",285.75,0.475,1,0.776066297252649
"956",286,0.475,1,0.76440453519953
"957",286.25,0.475,1,0.743592396547359
"958",286.5,0.475,1,0.730314462963127
"959",286.75,0.475,1,0.716374583924541
"960",287,0.475,1,0.68888086291757
"961",287.25,0.475,1,0.672650301598725
"962",287.5,0.475,1,0.655443689539108
"963",287.75,0.475,1,0.63710418080573
"964",288,0.475,1,0.617288615327869
"965",288.25,0.475,1,0.595577752122647
"966",288.5,0.475,1,0.571371948466277
"967",288.75,0.475,1,0.544018982513575
"968",289,0.475,1,0.512085976786433
"969",289.25,0.475,1,0.473595161109831
"970",289.5,0.475,1,0.42533338980713
"971",289.75,0.475,1,0.421307854312923
"972",290,0.475,1,0.35540315768707
"973",290.25,0.475,1,0.353761408730822
"974",290.5,0.475,1,0.287025500353326
"975",290.75,0.475,1,0.294936408024505
"976",291,0.475,1,0.234430859241683
"977",291.25,0.475,1,0.238945101913984
"978",291.5,0.475,1,0.239716810133436
"979",291.75,0.475,1,0.174356817073058
"980",292,0.475,1,0.174210087869859
"981",280,0.5,1,0.942972934531149
"982",280.25,0.5,1,0.941030614507083
"983",280.5,0.5,1,0.938083432158959
"984",280.75,0.5,1,0.93480687714362
"985",281,0.5,1,0.932221259397019
"986",281.25,0.5,1,0.92856983325002
"987",281.5,0.5,1,0.924679916323553
"988",281.75,0.5,1,0.920570412502489
"989",282,0.5,1,0.916304906901233
"990",282.25,0.5,1,0.911909656631862
"991",282.5,0.5,1,0.907439020064047
"992",282.75,0.5,1,0.902975699908293
"993",283,0.5,1,0.898561813445966
"994",283.25,0.5,1,0.894140557185082
"995",283.5,0.5,1,0.889710458519508
"996",283.75,0.5,1,0.885185981614924
"997",284,0.5,1,0.878349169733007
"998",284.25,0.5,1,0.873253935836683
"999",284.5,0.5,1,0.864861707820872
"1000",284.75,0.5,1,0.85845317098557
"1001",285,0.5,1,0.847673111112158
"1002",285.25,0.5,1,0.8393412031175
"1003",285.5,0.5,1,0.825539003258677
"1004",285.75,0.5,1,0.81507903715177
"1005",286,0.5,1,0.797982027365866
"1006",286.25,0.5,1,0.78533854455112
"1007",286.5,0.5,1,0.764474316672204
"1008",286.75,0.5,1,0.749906952998516
"1009",287,0.5,1,0.724815220318146
"1010",287.25,0.5,1,0.708719128237959
"1011",287.5,0.5,1,0.692168243081892
"1012",287.75,0.5,1,0.660875897661722
"1013",288,0.5,1,0.642803220234724
"1014",288.25,0.5,1,0.62398289521899
"1015",288.5,0.5,1,0.604044650377706
"1016",288.75,0.5,1,0.556763224165513
"1017",289,0.5,1,0.529751769039279
"1018",289.25,0.5,1,0.498864388981962
"1019",289.5,0.5,1,0.501401286648987
"1020",289.75,0.5,1,0.464328420589143
"1021",290,0.5,1,0.417455367857018
"1022",290.25,0.5,1,0.353553407453435
"1023",290.5,0.5,1,0.349321595322183
"1024",290.75,0.5,1,0.2765864046357
"1025",291,0.5,1,0.287418914531955
"1026",291.25,0.5,1,0.226751568124083
"1027",291.5,0.5,1,0.232592461164398
"1028",291.75,0.5,1,0.234127213199109
"1029",292,0.5,1,0.169605894765544
"1030",280,0.525,1,0.95609868670024
"1031",280.25,0.525,1,0.953624613832018
"1032",280.5,0.525,1,0.951560764983339
"1033",280.75,0.525,1,0.948847209189826
"1034",281,0.525,1,0.946051358088536
"1035",281.25,0.525,1,0.943230249024335
"1036",281.5,0.525,1,0.940426684634217
"1037",281.75,0.525,1,0.937815542592089
"1038",282,0.525,1,0.935538283227989
"1039",282.25,0.525,1,0.933786110221527
"1040",282.5,0.525,1,0.932695745643224
"1041",282.75,0.525,1,0.932248702803038
"1042",283,0.525,1,0.932272601395883
"1043",283.25,0.525,1,0.93126980713102
"1044",283.5,0.525,1,0.930774108438666
"1045",283.75,0.525,1,0.928049954645407
"1046",284,0.525,1,0.925153989669379
"1047",284.25,0.525,1,0.919349390554977
"1048",284.5,0.525,1,0.913541060973588
"1049",284.75,0.525,1,0.904843454580221
"1050",285,0.525,1,0.894569386916426
"1051",285.25,0.525,1,0.885309714540776
"1052",285.5,0.525,1,0.872814487953219
"1053",285.75,0.525,1,0.858849385695778
"1054",286,0.525,1,0.84334820468413
"1055",286.25,0.525,1,0.83072680589933
"1056",286.5,0.525,1,0.81275505746747
"1057",286.75,0.525,1,0.792577821651613
"1058",287,0.525,1,0.777104544601911
"1059",287.25,0.525,1,0.753404413517515
"1060",287.5,0.525,1,0.726013824151457
"1061",287.75,0.525,1,0.706987412409134
"1062",288,0.525,1,0.67388179781543
"1063",288.25,0.525,1,0.653480274655085
"1064",288.5,0.525,1,0.613927737308009
"1065",288.75,0.525,1,0.59233682720787
"1066",289,0.525,1,0.570077026964218
"1067",289.25,0.525,1,0.546233838104043
"1068",289.5,0.525,1,0.519770418948083
"1069",289.75,0.525,1,0.48976277993465
"1070",290,0.525,1,0.454188903215057
"1071",290.25,0.525,1,0.409939538134268
"1072",290.5,0.525,1,0.40846098725418
"1073",290.75,0.525,1,0.344916874035117
"1074",291,0.525,1,0.267281707072255
"1075",291.25,0.525,1,0.28047607726859
"1076",291.5,0.525,1,0.219983516302074
"1077",291.75,0.525,1,0.226832704879129
"1078",292,0.525,1,0.228898371903944
"1079",280,0.55,1,0.967892115618294
"1080",280.25,0.55,1,0.966051844766221
"1081",280.5,0.55,1,0.964704356722079
"1082",280.75,0.55,1,0.963155440763328
"1083",281,0.55,1,0.961996693573259
"1084",281.25,0.55,1,0.961462741800226
"1085",281.5,0.55,1,0.961962416573212
"1086",281.75,0.55,1,0.963841804108914
"1087",282,0.55,1,0.966950369939434
"1088",282.25,0.55,1,0.970830191853377
"1089",282.5,0.55,1,0.97393714902708
"1090",282.75,0.55,1,0.976079924926115
"1091",283,0.55,1,0.976117613648085
"1092",283.25,0.55,1,0.973671483245103
"1093",283.5,0.55,1,0.969315077433718
"1094",283.75,0.55,1,0.964246005862582
"1095",284,0.55,1,0.957264033994853
"1096",284.25,0.55,1,0.949295622644085
"1097",284.5,0.55,1,0.941376862643575
"1098",284.75,0.55,1,0.931706422004327
"1099",285,0.55,1,0.921280419130175
"1100",285.25,0.55,1,0.909956270328027
"1101",285.5,0.55,1,0.897792309438139
"1102",285.75,0.55,1,0.884730094465887
"1103",286,0.55,1,0.870797467773759
"1104",286.25,0.55,1,0.855927643217005
"1105",286.5,0.55,1,0.840008152109868
"1106",286.75,0.55,1,0.822953181557529
"1107",287,0.55,1,0.804588922878851
"1108",287.25,0.55,1,0.784492168465944
"1109",287.5,0.55,1,0.762322481841059
"1110",287.75,0.55,1,0.7466096793803
"1111",288,0.55,1,0.720654270937492
"1112",288.25,0.55,1,0.690063404309835
"1113",288.5,0.55,1,0.669273958306435
"1114",288.75,0.55,1,0.630281206525003
"1115",289,0.55,1,0.606937238044202
"1116",289.25,0.55,1,0.559092611619049
"1117",289.5,0.55,1,0.533936617871899
"1118",289.75,0.55,1,0.507202802798251
"1119",290,0.55,1,0.477455446399682
"1120",290.25,0.55,1,0.442914119136702
"1121",290.5,0.55,1,0.400556438801382
"1122",290.75,0.55,1,0.402421768523506
"1123",291,0.55,1,0.340512331132388
"1124",291.25,0.55,1,0.259522205238923
"1125",291.5,0.55,1,0.274396169701475
"1126",291.75,0.55,1,0.214256434067079
"1127",292,0.55,1,0.221729695052897
"1128",280,0.575,1,0.98035493983993
"1129",280.25,0.575,1,0.980035317251294
"1130",280.5,0.575,1,0.980531185855632
"1131",280.75,0.575,1,0.982322080617255
"1132",281,0.575,1,0.986004872843736
"1133",281.25,0.575,1,0.991545051119684
"1134",281.5,0.575,1,0.998115425930586
"1135",281.75,0.575,1,1.00403054281095
"1136",282,0.575,1,1.00777335262885
"1137",282.25,0.575,1,1.00868328575879
"1138",282.5,0.575,1,1.00751181875833
"1139",282.75,0.575,1,1.00444900864046
"1140",283,0.575,1,1.00047352019504
"1141",283.25,0.575,1,0.995252429473012
"1142",283.5,0.575,1,0.98923108646145
"1143",283.75,0.575,1,0.982961476415144
"1144",284,0.575,1,0.975673501283347
"1145",284.25,0.575,1,0.967632992260198
"1146",284.5,0.575,1,0.958915673977879
"1147",284.75,0.575,1,0.949512653529845
"1148",285,0.575,1,0.939336844108579
"1149",285.25,0.575,1,0.927300905087167
"1150",285.5,0.575,1,0.915622628381413
"1151",285.75,0.575,1,0.90322397920334
"1152",286,0.575,1,0.890010081301585
"1153",286.25,0.575,1,0.873444129819806
"1154",286.5,0.575,1,0.858524756847024
"1155",286.75,0.575,1,0.842704972811911
"1156",287,0.575,1,0.826020448489302
"1157",287.25,0.575,1,0.808310548269827
"1158",287.5,0.575,1,0.789536727379035
"1159",287.75,0.575,1,0.769445962152065
"1160",288,0.575,1,0.74770974007562
"1161",288.25,0.575,1,0.723739780037776
"1162",288.5,0.575,1,0.696921430178938
"1163",288.75,0.575,1,0.665391098477672
"1164",289,0.575,1,0.645442004449207
"1165",289.25,0.575,1,0.603330069976118
"1166",289.5,0.575,1,0.578103005836872
"1167",289.75,0.575,1,0.552777569824514
"1168",290,0.575,1,0.49571311550374
"1169",290.25,0.575,1,0.465688714814204
"1170",290.5,0.575,1,0.431754981299892
"1171",290.75,0.575,1,0.437717902057651
"1172",291,0.575,1,0.395192210082508
"1173",291.25,0.575,1,0.335632861837889
"1174",291.5,0.575,1,0.253512761951644
"1175",291.75,0.575,1,0.269310260692158
"1176",292,0.575,1,0.209598301689657
"1177",280,0.6,1,0.996381080811501
"1178",280.25,0.6,1,1.00047582615714
"1179",280.5,0.6,1,1.00698591536029
"1180",280.75,0.6,1,1.01521908835077
"1181",281,0.6,1,1.02319934119445
"1182",281.25,0.6,1,1.02887195850252
"1183",281.5,0.6,1,1.03159458467046
"1184",281.75,0.6,1,1.03160314887324
"1185",282,0.6,1,1.03012590493497
"1186",282.25,0.6,1,1.02755842622209
"1187",282.5,0.6,1,1.02405053182772
"1188",282.75,0.6,1,1.01994973067359
"1189",283,0.6,1,1.01542630496419
"1190",283.25,0.6,1,1.01015921238373
"1191",283.5,0.6,1,1.0043077980798
"1192",283.75,0.6,1,0.997780895810385
"1193",284,0.6,1,0.990719202789315
"1194",284.25,0.6,1,0.982944602253826
"1195",284.5,0.6,1,0.973949867531711
"1196",284.75,0.6,1,0.964873383978567
"1197",285,0.6,1,0.955108259180056
"1198",285.25,0.6,1,0.943627270091725
"1199",285.5,0.6,1,0.932442001954373
"1200",285.75,0.6,1,0.919094153450255
"1201",286,0.6,1,0.906528141449082
"1202",286.25,0.6,1,0.891072957417137
"1203",286.5,0.6,1,0.877076412883582
"1204",286.75,0.6,1,0.859178559879392
"1205",287,0.6,1,0.843522277065384
"1206",287.25,0.6,1,0.827003157198
"1207",287.5,0.6,1,0.804925517096979
"1208",287.75,0.6,1,0.786374292782229
"1209",288,0.6,1,0.766644542390715
"1210",288.25,0.6,1,0.745588911908516
"1211",288.5,0.6,1,0.722917456355026
"1212",288.75,0.6,1,0.697943088377474
"1213",289,0.6,1,0.669992076216129
"1214",289.25,0.6,1,0.637156752685601
"1215",289.5,0.6,1,0.617718929812332
"1216",289.75,0.6,1,0.572916191885398
"1217",290,0.6,1,0.54647338551311
"1218",290.25,0.6,1,0.51938437689511
"1219",290.5,0.6,1,0.45518366511089
"1220",290.75,0.6,1,0.421447637954147
"1221",291,0.6,1,0.429091541178101
"1222",291.25,0.6,1,0.387735076016543
"1223",291.5,0.6,1,0.330030449787206
"1224",291.75,0.6,1,0.249272336151384
"1225",292,0.6,1,0.265197527467064
"1226",280,0.625,1,1.02359326840668
"1227",280.25,0.625,1,1.03331858551706
"1228",280.5,0.625,1,1.04147190420275
"1229",280.75,0.625,1,1.04650577948001
"1230",281,0.625,1,1.04850973526568
"1231",281.25,0.625,1,1.04852156285363
"1232",281.5,0.625,1,1.0473551230187
"1233",281.75,0.625,1,1.04542030549002
"1234",282,0.625,1,1.04291832461678
"1235",282.25,0.625,1,1.0399493432727
"1236",282.5,0.625,1,1.03640514496006
"1237",282.75,0.625,1,1.03258245909968
"1238",283,0.625,1,1.02806950073438
"1239",283.25,0.625,1,1.0230132307851
"1240",283.5,0.625,1,1.01731431382823
"1241",283.75,0.625,1,1.01082836650492
"1242",284,0.625,1,1.00402207860383
"1243",284.25,0.625,1,0.996503886161791
"1244",284.5,0.625,1,0.987872933288268
"1245",284.75,0.625,1,0.979084033104803
"1246",285,0.625,1,0.968962515254292
"1247",285.25,0.625,1,0.958813960576929
"1248",285.5,0.625,1,0.947128257378474
"1249",285.75,0.625,1,0.934487776144985
"1250",286,0.625,1,0.920852556487029
"1251",286.25,0.625,1,0.907999584985308
"1252",286.5,0.625,1,0.892770663209719
"1253",286.75,0.625,1,0.876300599432811
"1254",287,0.625,1,0.8584053361072
"1255",287.25,0.625,1,0.842900886613003
"1256",287.5,0.625,1,0.822706845312301
"1257",287.75,0.625,1,0.800137999176443
"1258",288,0.625,1,0.782045802920015
"1259",288.25,0.625,1,0.76284279190218
"1260",288.5,0.625,1,0.733626457788165
"1261",288.75,0.625,1,0.710730682090269
"1262",289,0.625,1,0.685589563546083
"1263",289.25,0.625,1,0.657266644661193
"1264",289.5,0.625,1,0.624768132442094
"1265",289.75,0.625,1,0.608184506454929
"1266",290,0.625,1,0.565070389879156
"1267",290.25,0.625,1,0.540436276044128
"1268",290.5,0.625,1,0.51265680844799
"1269",290.75,0.625,1,0.446243814843196
"1270",291,0.625,1,0.412283460361036
"1271",291.25,0.625,1,0.372887680819672
"1272",291.5,0.625,1,0.380544201517523
"1273",291.75,0.625,1,0.324230566080261
"1274",292,0.625,1,0.246660426393857
"1275",280,0.65,1,1.05418337545865
"1276",280.25,0.65,1,1.05885117934339
"1277",280.5,0.65,1,1.06073972946497
"1278",280.75,0.65,1,1.06102934953706
"1279",281,0.65,1,1.06042582436331
"1280",281.25,0.65,1,1.05930111967351
"1281",281.5,0.65,1,1.05775463609833
"1282",281.75,0.65,1,1.05579475730216
"1283",282,0.65,1,1.05346264538145
"1284",282.25,0.65,1,1.0506063735017
"1285",282.5,0.65,1,1.04728832449737
"1286",282.75,0.65,1,1.04355481652084
"1287",283,0.65,1,1.03924001793734
"1288",283.25,0.65,1,1.03439131978039
"1289",283.5,0.65,1,1.02890241300719
"1290",283.75,0.65,1,1.02270080792738
"1291",284,0.65,1,1.01611339893986
"1292",284.25,0.65,1,1.00850247849576
"1293",284.5,0.65,1,1.00057164060082
"1294",284.75,0.65,1,0.991609430616295
"1295",285,0.65,1,0.981862015986236
"1296",285.25,0.65,1,0.971325145313523
"1297",285.5,0.65,1,0.95993310421997
"1298",285.75,0.65,1,0.947808541052731
"1299",286,0.65,1,0.934810449903157
"1300",286.25,0.65,1,0.920925001760826
"1301",286.5,0.65,1,0.906246274054456
"1302",286.75,0.65,1,0.890616275532395
"1303",287,0.65,1,0.874029003488729
"1304",287.25,0.65,1,0.856324823161489
"1305",287.5,0.65,1,0.837433096930811
"1306",287.75,0.65,1,0.816912697713784
"1307",288,0.65,1,0.800250261116657
"1308",288.25,0.65,1,0.777003522903649
"1309",288.5,0.65,1,0.750563109107209
"1310",288.75,0.65,1,0.730544486433452
"1311",289,0.65,1,0.708984868094737
"1312",289.25,0.65,1,0.671964302361773
"1313",289.5,0.65,1,0.643774467973852
"1314",289.75,0.65,1,0.630729332174173
"1315",290,0.65,1,0.596726493120568
"1316",290.25,0.65,1,0.554814223146899
"1317",290.5,0.65,1,0.533042234868387
"1318",290.75,0.65,1,0.506512365241818
"1319",291,0.65,1,0.438765118552764
"1320",291.25,0.65,1,0.404438122424071
"1321",291.5,0.65,1,0.365501516558765
"1322",291.75,0.65,1,0.373888977739966
"1323",292,0.65,1,0.318548909990654
"1324",280,0.675,1,1.06939566983424
"1325",280.25,0.675,1,1.07018177007198
"1326",280.5,0.675,1,1.07020032153151
"1327",280.75,0.675,1,1.06979363866469
"1328",281,0.675,1,1.06905243935028
"1329",281.25,0.675,1,1.06798668278275
"1330",281.5,0.675,1,1.06657425558979
"1331",281.75,0.675,1,1.06480621226693
"1332",282,0.675,1,1.06256820360909
"1333",282.25,0.675,1,1.05989973723441
"1334",282.5,0.675,1,1.05684056248403
"1335",282.75,0.675,1,1.05322795265658
"1336",283,0.675,1,1.04910086583721
"1337",283.25,0.675,1,1.04442555171674
"1338",283.5,0.675,1,1.03911364272559
"1339",283.75,0.675,1,1.03321678500018
"1340",284,0.675,1,1.02665369632278
"1341",284.25,0.675,1,1.01931765553284
"1342",284.5,0.675,1,1.01133839928916
"1343",284.75,0.675,1,1.00258575936016
"1344",285,0.675,1,0.993118896377636
"1345",285.25,0.675,1,0.982868848436237
"1346",285.5,0.675,1,0.971947468122639
"1347",285.75,0.675,1,0.960204608562203
"1348",286,0.675,1,0.94671330101442
"1349",286.25,0.675,1,0.933472972688718
"1350",286.5,0.675,1,0.919432549795822
"1351",286.75,0.675,1,0.902734805861491
"1352",287,0.675,1,0.887025700200826
"1353",287.25,0.675,1,0.870457594757574
"1354",287.5,0.675,1,0.85298840183497
"1355",287.75,0.675,1,0.83046996597434
"1356",288,0.675,1,0.810150480985386
"1357",288.25,0.675,1,0.788152812084696
"1358",288.5,0.675,1,0.77142980372891
"1359",288.75,0.675,1,0.746203607271095
"1360",289,0.675,1,0.717141933117797
"1361",289.25,0.675,1,0.696185784871085
"1362",289.5,0.675,1,0.673233407050695
"1363",289.75,0.675,1,0.647756427800924
"1364",290,0.675,1,0.618836062510031
"1365",290.25,0.675,1,0.585181028001996
"1366",290.5,0.675,1,0.54398908101791
"1367",290.75,0.675,1,0.524608923525694
"1368",291,0.675,1,0.464529383957585
"1369",291.25,0.675,1,0.432480015424266
"1370",291.5,0.675,1,0.39794358601066
"1371",291.75,0.675,1,0.35927092149058
"1372",292,0.675,1,0.30912883407437
"1373",280,0.7,1,1.0770054703577
"1374",280.25,0.7,1,1.07723530479903
"1375",280.5,0.7,1,1.07718768265649
"1376",280.75,0.7,1,1.07687039659986
"1377",281,0.7,1,1.07627030644234
"1378",281.25,0.7,1,1.07536148968935
"1379",281.5,0.7,1,1.07411381829965
"1380",281.75,0.7,1,1.07243351851456
"1381",282,0.7,1,1.07042310861236
"1382",282.25,0.7,1,1.06791782414525
"1383",282.5,0.7,1,1.06501220800074
"1384",282.75,0.7,1,1.06154140341153
"1385",283,0.7,1,1.05758247725326
"1386",283.25,0.7,1,1.05307669204518
"1387",283.5,0.7,1,1.04790687654759
"1388",283.75,0.7,1,1.04215445251465
"1389",284,0.7,1,1.03574643749539
"1390",284.25,0.7,1,1.02862946619593
"1391",284.5,0.7,1,1.02084334632008
"1392",284.75,0.7,1,1.01235161568533
"1393",285,0.7,1,1.00314087549533
"1394",285.25,0.7,1,0.992775217533626
"1395",285.5,0.7,1,0.982177319669717
"1396",285.75,0.7,1,0.9700146621985
"1397",286,0.7,1,0.957939159877167
"1398",286.25,0.7,1,0.944081806423988
"1399",286.5,0.7,1,0.930516683555229
"1400",286.75,0.7,1,0.914919300612634
"1401",287,0.7,1,0.897905514427166
"1402",287.25,0.7,1,0.882210066692083
"1403",287.5,0.7,1,0.862871865464035
"1404",287.75,0.7,1,0.845464536367432
"1405",288,0.7,1,0.822648092339774
"1406",288.25,0.7,1,0.802885357717025
"1407",288.5,0.7,1,0.781646157342932
"1408",288.75,0.7,1,0.758498099009658
"1409",289,0.7,1,0.732739591780219
"1410",289.25,0.7,1,0.703192457134536
"1411",289.5,0.7,1,0.683083522522147
"1412",289.75,0.7,1,0.660831263256069
"1413",290,0.7,1,0.635952221264003
"1414",290.25,0.7,1,0.607536230270684
"1415",290.5,0.7,1,0.574358419162
"1416",290.75,0.7,1,0.533844897805811
"1417",291,0.7,1,0.516151501153837
"1418",291.25,0.7,1,0.457787517804521
"1419",291.5,0.7,1,0.427078783787291
"1420",291.75,0.7,1,0.392672617603755
"1421",292,0.7,1,0.35421214905539
"1422",280,0.725,1,1.0825441342458
"1423",280.25,0.725,1,1.08286358270598
"1424",280.5,0.725,1,1.08294418444314
"1425",280.75,0.725,1,1.08276563985093
"1426",281,0.725,1,1.08230110891987
"1427",281.25,0.725,1,1.08152478407605
"1428",281.5,0.725,1,1.08035414717192
"1429",281.75,0.725,1,1.07886816539868
"1430",282,0.725,1,1.07691750185615
"1431",282.25,0.725,1,1.07460105705722
"1432",282.5,0.725,1,1.07179303757703
"1433",282.75,0.725,1,1.06852178236741
"1434",283,0.725,1,1.0647178161634
"1435",283.25,0.725,1,1.06033712675217
"1436",283.5,0.725,1,1.05528990125765
"1437",283.75,0.725,1,1.04972382670533
"1438",284,0.725,1,1.04356053986599
"1439",284.25,0.725,1,1.0366476547398
"1440",284.5,0.725,1,1.02884664982007
"1441",284.75,0.725,1,1.02057939196182
"1442",285,0.725,1,1.01157395943966
"1443",285.25,0.725,1,1.00162793435005
"1444",285.5,0.725,1,0.990782899400777
"1445",285.75,0.725,1,0.97906785029759
"1446",286,0.725,1,0.96723632657945
"1447",286.25,0.725,1,0.953995551961961
"1448",286.5,0.725,1,0.939896657385834
"1449",286.75,0.725,1,0.924891886435747
"1450",287,0.725,1,0.908904946014658
"1451",287.25,0.725,1,0.891889703798849
"1452",287.5,0.725,1,0.873678762763057
"1453",287.75,0.725,1,0.853998881720656
"1454",288,0.725,1,0.836961088827597
"1455",288.25,0.725,1,0.814427806011435
"1456",288.5,0.725,1,0.79526973224306
"1457",288.75,0.725,1,0.767619927080445
"1458",289,0.725,1,0.744579415324115
"1459",289.25,0.725,1,0.71887225439241
"1460",289.5,0.725,1,0.701950456154717
"1461",289.75,0.725,1,0.670323924757751
"1462",290,0.725,1,0.64898201669128
"1463",290.25,0.725,1,0.605402754268832
"1464",290.5,0.725,1,0.574671157151582
"1465",290.75,0.725,1,0.56466365718613
"1466",291,0.725,1,0.524930744079347
"1467",291.25,0.725,1,0.474295441379119
"1468",291.5,0.725,1,0.451655274214907
"1469",291.75,0.725,1,0.422453693027155
"1470",292,0.725,1,0.38846875365171
"1471",280,0.75,1,1.08685881387489
"1472",280.25,0.75,1,1.08729966602891
"1473",280.5,0.75,1,1.08749783886581
"1474",280.75,0.75,1,1.08742787110044
"1475",281,0.75,1,1.08706946123872
"1476",281.25,0.75,1,1.0863899003371
"1477",281.5,0.75,1,1.08530884615275
"1478",281.75,0.75,1,1.08392995678053
"1479",282,0.75,1,1.08214671329323
"1480",282.25,0.75,1,1.07997343621747
"1481",282.5,0.75,1,1.0773308829341
"1482",282.75,0.75,1,1.07419595989466
"1483",283,0.75,1,1.07045120989125
"1484",283.25,0.75,1,1.06613044698366
"1485",283.5,0.75,1,1.06135699210868
"1486",283.75,0.75,1,1.05598308140821
"1487",284,0.75,1,1.04984983197768
"1488",284.25,0.75,1,1.0430332666008
"1489",284.5,0.75,1,1.03562240804699
"1490",284.75,0.75,1,1.02739437277138
"1491",285,0.75,1,1.01850365555882
"1492",285.25,0.75,1,1.00877824476087
"1493",285.5,0.75,1,0.998315371698066
"1494",285.75,0.75,1,0.986964537090463
"1495",286,0.75,1,0.974164593808855
"1496",286.25,0.75,1,0.961256866396878
"1497",286.5,0.75,1,0.947539784407037
"1498",286.75,0.75,1,0.933037710694675
"1499",287,0.75,1,0.917725425151081
"1500",287.25,0.75,1,0.899454229495831
"1501",287.5,0.75,1,0.882224940274437
"1502",287.75,0.75,1,0.863945964421159
"1503",288,0.75,1,0.844391687967016
"1504",288.25,0.75,1,0.823245166741521
"1505",288.5,0.75,1,0.80590816502126
"1506",288.75,0.75,1,0.781471384606954
"1507",289,0.75,1,0.761535690535003
"1508",289.25,0.75,1,0.730546752348889
"1509",289.5,0.75,1,0.705306081169469
"1510",289.75,0.75,1,0.676152037938613
"1511",290,0.75,1,0.658426588269237
"1512",290.25,0.75,1,0.619935689648654
"1513",290.5,0.75,1,0.594938158699567
"1514",290.75,0.75,1,0.565173872741919
"1515",291,0.75,1,0.529051440127432
"1516",291.25,0.75,1,0.517453499000911
"1517",291.5,0.75,1,0.467803134867832
"1518",291.75,0.75,1,0.446522860105144
"1519",292,0.75,1,0.418457309392357
"1520",280,0.775,1,1.09003446479838
"1521",280.25,0.775,1,1.09055845725661
"1522",280.5,0.775,1,1.0908334726449
"1523",280.75,0.775,1,1.09083155539005
"1524",281,0.775,1,1.09054158072311
"1525",281.25,0.775,1,1.08993127202171
"1526",281.5,0.775,1,1.0890862561233
"1527",281.75,0.775,1,1.08784554760634
"1528",282,0.775,1,1.08617693691585
"1529",282.25,0.775,1,1.08408332934138
"1530",282.5,0.775,1,1.08147171559011
"1531",282.75,0.775,1,1.07840752065298
"1532",283,0.775,1,1.0748625166176
"1533",283.25,0.775,1,1.07075271189175
"1534",283.5,0.775,1,1.06598843008688
"1535",283.75,0.775,1,1.06069878688048
"1536",284,0.775,1,1.05476636738945
"1537",284.25,0.775,1,1.04815840031516
"1538",284.5,0.775,1,1.04080253225993
"1539",284.75,0.775,1,1.03276460777526
"1540",285,0.775,1,1.02400203165991
"1541",285.25,0.775,1,1.01444081481149
"1542",285.5,0.775,1,1.00385574872268
"1543",285.75,0.775,1,0.992847869268544
"1544",286,0.775,1,0.980986200155975
"1545",286.25,0.775,1,0.967796268378055
"1546",286.5,0.775,1,0.954515430624341
"1547",286.75,0.775,1,0.939415010200801
"1548",287,0.775,1,0.924654520096196
"1549",287.25,0.775,1,0.907528985413751
"1550",287.5,0.775,1,0.891308483786267
"1551",287.75,0.775,1,0.871493480756481
"1552",288,0.775,1,0.853514448979059
"1553",288.25,0.775,1,0.834405745219769
"1554",288.5,0.775,1,0.814015109752201
"1555",288.75,0.775,1,0.791917175416393
"1556",289,0.775,1,0.76724453227111
"1557",289.25,0.775,1,0.738705283762005
"1558",289.5,0.775,1,0.717036500352095
"1559",289.75,0.775,1,0.692605508025763
"1560",290,0.775,1,0.664200694491081
"1561",290.25,0.775,1,0.630088028452525
"1562",290.5,0.775,1,0.610029889259216
"1563",290.75,0.775,1,0.586217615543904
"1564",291,0.775,1,0.557502790160517
"1565",291.25,0.775,1,0.522349242911911
"1566",291.5,0.775,1,0.478094280634504
"1567",291.75,0.775,1,0.462979830224463
"1568",292,0.775,1,0.398143454802176
"1569",280,0.8,1,1.0917852620564
"1570",280.25,0.8,1,1.09239781863202
"1571",280.5,0.8,1,1.09275583492352
"1572",280.75,0.8,1,1.09292676955727
"1573",281,0.8,1,1.09282621212098
"1574",281.25,0.8,1,1.09234997862799
"1575",281.5,0.8,1,1.09154753243238
"1576",281.75,0.8,1,1.09034410047137
"1577",282,0.8,1,1.08877715161304
"1578",282.25,0.8,1,1.08685798201139
"1579",282.5,0.8,1,1.08440363024772
"1580",282.75,0.8,1,1.08139681481336
"1581",283,0.8,1,1.0778777427127
"1582",283.25,0.8,1,1.07384132877119
"1583",283.5,0.8,1,1.06932453463533
"1584",283.75,0.8,1,1.0641477562468
"1585",284,0.8,1,1.05825274326683
"1586",284.25,0.8,1,1.05177716942624
"1587",284.5,0.8,1,1.04460745493432
"1588",284.75,0.8,1,1.03668075894725
"1589",285,0.8,1,1.02800084339823
"1590",285.25,0.8,1,1.01864586555299
"1591",285.5,0.8,1,1.00836231768348
"1592",285.75,0.8,1,0.997473994625068
"1593",286,0.8,1,0.985546219755146
"1594",286.25,0.8,1,0.972626551833354
"1595",286.5,0.8,1,0.959665941245313
"1596",286.75,0.8,1,0.945284555038602
"1597",287,0.8,1,0.929926487125447
"1598",287.25,0.8,1,0.913459748672166
"1599",287.5,0.8,1,0.895832924738202
"1600",287.75,0.8,1,0.876702540991991
"1601",288,0.8,1,0.860217863738311
"1602",288.25,0.8,1,0.838293371626052
"1603",288.5,0.8,1,0.819594954882992
"1604",288.75,0.8,1,0.79949190770691
"1605",289,0.8,1,0.777635454616879
"1606",289.25,0.8,1,0.753317079588965
"1607",289.5,0.8,1,0.725139243873883
"1608",289.75,0.8,1,0.704647743683018
"1609",290,0.8,1,0.681227022827568
"1610",290.25,0.8,1,0.653897708431195
"1611",290.5,0.8,1,0.620782219997246
"1612",290.75,0.8,1,0.579066961685717
"1613",291,0.8,1,0.554117204519103
"1614",291.25,0.8,1,0.523056946799715
"1615",291.5,0.8,1,0.483965129086424
"1616",291.75,0.8,1,0.474306749818194
"1617",292,0.8,1,0.417972030602679
"1618",280,0.825,1,1.09223275810585
"1619",280.25,0.825,1,1.09295306514814
"1620",280.5,0.825,1,1.09340291884297
"1621",280.75,0.825,1,1.0935426603378
"1622",281,0.825,1,1.09345826181025
"1623",281.25,0.825,1,1.09308440265497
"1624",281.5,0.825,1,1.09245830929293
"1625",281.75,0.825,1,1.09142418248642
"1626",282,0.825,1,1.0899614593598
"1627",282.25,0.825,1,1.08807446907783
"1628",282.5,0.825,1,1.08577046570388
"1629",282.75,0.825,1,1.08299035265638
"1630",283,0.825,1,1.07962329665674
"1631",283.25,0.825,1,1.07565878110118
"1632",283.5,0.825,1,1.07118531813171
"1633",283.75,0.825,1,1.06614262594519
"1634",284,0.825,1,1.06044482399949
"1635",284.25,0.825,1,1.05398072073937
"1636",284.5,0.825,1,1.0469301572832
"1637",284.75,0.825,1,1.0392281279716
"1638",285,0.825,1,1.03068955883144
"1639",285.25,0.825,1,1.0213559796261
"1640",285.5,0.825,1,1.01140333325439
"1641",285.75,0.825,1,1.00055771096008
"1642",286,0.825,1,0.988915262121772
"1643",286.25,0.825,1,0.976468527310923
"1644",286.5,0.825,1,0.963280262565461
"1645",286.75,0.825,1,0.948073568957275
"1646",287,0.825,1,0.933195096547271
"1647",287.25,0.825,1,0.917494258634541
"1648",287.5,0.825,1,0.900884951659752
"1649",287.75,0.825,1,0.883332290658404
"1650",288,0.825,1,0.864637145855256
"1651",288.25,0.825,1,0.844464582811499
"1652",288.5,0.825,1,0.822225036134015
"1653",288.75,0.825,1,0.804372658058036
"1654",289,0.825,1,0.777150381586785
"1655",289.25,0.825,1,0.754988859212619
"1656",289.5,0.825,1,0.729733316568037
"1657",289.75,0.825,1,0.713024726781719
"1658",290,0.825,1,0.679840215373133
"1659",290.25,0.825,1,0.656129041179988
"1660",290.5,0.825,1,0.627437438929814
"1661",290.75,0.825,1,0.591684193163935
"1662",291,0.825,1,0.573131706489361
"1663",291.25,0.825,1,0.549553488398127
"1664",291.5,0.825,1,0.519623130809858
"1665",291.75,0.825,1,0.481467589842371
"1666",292,0.825,1,0.432036628712503
"1667",280,0.85,1,1.09108618402535
"1668",280.25,0.85,1,1.09181501646446
"1669",280.5,0.85,1,1.09228087818819
"1670",280.75,0.85,1,1.09254339696854
"1671",281,0.85,1,1.09252597802928
"1672",281.25,0.85,1,1.0922542826779
"1673",281.5,0.85,1,1.09164821439292
"1674",281.75,0.85,1,1.09070678554897
"1675",282,0.85,1,1.08942475944823
"1676",282.25,0.85,1,1.08768803205462
"1677",282.5,0.85,1,1.08550262480579
"1678",282.75,0.85,1,1.08285191171136
"1679",283,0.85,1,1.07970669374592
"1680",283.25,0.85,1,1.07596265475916
"1681",283.5,0.85,1,1.07162588828681
"1682",283.75,0.85,1,1.06671378442369
"1683",284,0.85,1,1.06117241717179
"1684",284.25,0.85,1,1.05490105805957
"1685",284.5,0.85,1,1.04785251277573
"1686",284.75,0.85,1,1.04022049645426
"1687",285,0.85,1,1.03187366273508
"1688",285.25,0.85,1,1.02269987867622
"1689",285.5,0.85,1,1.01279308464959
"1690",285.75,0.85,1,1.00213738270716
"1691",286,0.85,1,0.990693378910489
"1692",286.25,0.85,1,0.978206710571455
"1693",286.5,0.85,1,0.965268834583295
"1694",286.75,0.85,1,0.950577206277003
"1695",287,0.85,1,0.936404356619366
"1696",287.25,0.85,1,0.921286364779802
"1697",287.5,0.85,1,0.90389229282619
"1698",287.75,0.85,1,0.887437734881556
"1699",288,0.85,1,0.866563712516932
"1700",288.25,0.85,1,0.848101399801178
"1701",288.5,0.85,1,0.828169035338342
"1702",288.75,0.85,1,0.806289082684855
"1703",289,0.85,1,0.781537593634179
"1704",289.25,0.85,1,0.762918021509241
"1705",289.5,0.85,1,0.741979710173801
"1706",289.75,0.85,1,0.717961302652367
"1707",290,0.85,1,0.689383303677191
"1708",290.25,0.85,1,0.653947858454214
"1709",290.5,0.85,1,0.629818478047009
"1710",290.75,0.85,1,0.599679152908627
"1711",291,0.85,1,0.587183498018801
"1712",291.25,0.85,1,0.542203132683899
"1713",291.5,0.85,1,0.517217198226696
"1714",291.75,0.85,1,0.484313892242716
"1715",292,0.85,1,0.441347908609517
"1716",280,0.875,1,1.08832428242678
"1717",280.25,0.875,1,1.08904556002529
"1718",280.5,0.875,1,1.08953927561736
"1719",280.75,0.875,1,1.08979663273449
"1720",281,0.875,1,1.08985573563448
"1721",281.25,0.875,1,1.08962258501873
"1722",281.5,0.875,1,1.08908041186426
"1723",281.75,0.875,1,1.08822913285038
"1724",282,0.875,1,1.08698708486387
"1725",282.25,0.875,1,1.0853701299193
"1726",282.5,0.875,1,1.08334716337519
"1727",282.75,0.875,1,1.08085764896032
"1728",283,0.875,1,1.07786109439689
"1729",283.25,0.875,1,1.07435162086431
"1730",283.5,0.875,1,1.0702502306826
"1731",283.75,0.875,1,1.06552143113736
"1732",284,0.875,1,1.06025666318253
"1733",284.25,0.875,1,1.0542599019329
"1734",284.5,0.875,1,1.04742042688487
"1735",284.75,0.875,1,1.03983186083917
"1736",285,0.875,1,1.03154175597992
"1737",285.25,0.875,1,1.02256667496061
"1738",285.5,0.875,1,1.01276233004681
"1739",285.75,0.875,1,1.00221167171188
"1740",286,0.875,1,0.990924020924449
"1741",286.25,0.875,1,0.978813966854001
"1742",286.5,0.875,1,0.965609330073859
"1743",286.75,0.875,1,0.952232949342704
"1744",287,0.875,1,0.937652760853128
"1745",287.25,0.875,1,0.921883728668468
"1746",287.5,0.875,1,0.904751133432169
"1747",287.75,0.875,1,0.889406783690163
"1748",288,0.875,1,0.870504078693225
"1749",288.25,0.875,1,0.849018594390568
"1750",288.5,0.875,1,0.831381106050871
"1751",288.75,0.875,1,0.812226388732964
"1752",289,0.875,1,0.79123015215526
"1753",289.25,0.875,1,0.767539499832318
"1754",289.5,0.875,1,0.739530048314881
"1755",289.75,0.875,1,0.719172157223347
"1756",290,0.875,1,0.694975822920039
"1757",290.25,0.875,1,0.665245826840455
"1758",290.5,0.875,1,0.647723825730823
"1759",290.75,0.875,1,0.602978829222849
"1760",291,0.875,1,0.571139406095676
"1761",291.25,0.875,1,0.559506547686765
"1762",291.5,0.875,1,0.509645971233079
"1763",291.75,0.875,1,0.482505600976689
"1764",292,0.875,1,0.445925797458265
"1765",280,0.9,1,1.08386112388569
"1766",280.25,0.9,1,1.08451015580176
"1767",280.5,0.9,1,1.08499720564539
"1768",280.75,0.9,1,1.08527913491241
"1769",281,0.9,1,1.08535449531729
"1770",281.25,0.9,1,1.08513873930978
"1771",281.5,0.9,1,1.08461332424535
"1772",281.75,0.9,1,1.0837907284137
"1773",282,0.9,1,1.08263214508761
"1774",282.25,0.9,1,1.08112871682735
"1775",282.5,0.9,1,1.07919426682838
"1776",282.75,0.9,1,1.0768247830486
"1777",283,0.9,1,1.0740985072879
"1778",283.25,0.9,1,1.07080415714096
"1779",283.5,0.9,1,1.06678683326273
"1780",283.75,0.9,1,1.06236934365293
"1781",284,0.9,1,1.05735924317051
"1782",284.25,0.9,1,1.05151098763538
"1783",284.5,0.9,1,1.04529361429812
"1784",284.75,0.9,1,1.03790381239533
"1785",285,0.9,1,1.02985766015272
"1786",285.25,0.9,1,1.02093325048948
"1787",285.5,0.9,1,1.01130266971881
"1788",285.75,0.9,1,1.00085565387991
"1789",286,0.9,1,0.989624887644852
"1790",286.25,0.9,1,0.977702119418414
"1791",286.5,0.9,1,0.964969327220819
"1792",286.75,0.9,1,0.951355152347405
"1793",287,0.9,1,0.937089581144347
"1794",287.25,0.9,1,0.922005300041316
"1795",287.5,0.9,1,0.906105513741763
"1796",287.75,0.9,1,0.889456355279821
"1797",288,0.9,1,0.871829364128528
"1798",288.25,0.9,1,0.852896478005384
"1799",288.5,0.9,1,0.83191781304418
"1800",288.75,0.9,1,0.807797147354551
"1801",289,0.9,1,0.789517461343036
"1802",289.25,0.9,1,0.768851923370199
"1803",289.5,0.9,1,0.744904027096759
"1804",289.75,0.9,1,0.715992557430599
"1805",290,0.9,1,0.696495219131352
"1806",290.25,0.9,1,0.672292026929147
"1807",290.5,0.9,1,0.641418972129393
"1808",290.75,0.9,1,0.624824578648821
"1809",291,0.9,1,0.575941966917939
"1810",291.25,0.9,1,0.571916981073388
"1811",291.5,0.9,1,0.530882691202848
"1812",291.75,0.9,1,0.513115955982522
"1813",292,0.9,1,0.48703829924703
"1814",280,0.925,1,1.0775270451399
"1815",280.25,0.925,1,1.07815630095638
"1816",280.5,0.925,1,1.07864043131279
"1817",280.75,0.925,1,1.07889438527123
"1818",281,0.925,1,1.07892815067147
"1819",281.25,0.925,1,1.07867646296682
"1820",281.5,0.925,1,1.07817406653838
"1821",281.75,0.925,1,1.07744167859325
"1822",282,0.925,1,1.07641574807865
"1823",282.25,0.925,1,1.07493540170925
"1824",282.5,0.925,1,1.0730041679805
"1825",282.75,0.925,1,1.07079574033501
"1826",283,0.925,1,1.06820866696657
"1827",283.25,0.925,1,1.06500441574944
"1828",283.5,0.925,1,1.06126296224307
"1829",283.75,0.925,1,1.05715782838425
"1830",284,0.925,1,1.05221967766069
"1831",284.25,0.925,1,1.04672324212116
"1832",284.5,0.925,1,1.04079147639584
"1833",284.75,0.925,1,1.03380555177648
"1834",285,0.925,1,1.02633094621342
"1835",285.25,0.925,1,1.01772752768418
"1836",285.5,0.925,1,1.00839968481225
"1837",285.75,0.925,1,0.997966526813179
"1838",286,0.925,1,0.986956577334013
"1839",286.25,0.925,1,0.974997146446678
"1840",286.5,0.925,1,0.962527603636792
"1841",286.75,0.925,1,0.948875081178906
"1842",287,0.925,1,0.934825455584221
"1843",287.25,0.925,1,0.920141017698352
"1844",287.5,0.925,1,0.903407715005718
"1845",287.75,0.925,1,0.887578765571397
"1846",288,0.925,1,0.870878317877704
"1847",288.25,0.925,1,0.84862954175059
"1848",288.5,0.925,1,0.829390118248634
"1849",288.75,0.925,1,0.807920503350866
"1850",289,0.925,1,0.793221763759432
"1851",289.25,0.925,1,0.76643150312473
"1852",289.5,0.925,1,0.746671796645589
"1853",289.75,0.925,1,0.722953933305539
"1854",290,0.925,1,0.693328788446209
"1855",290.25,0.925,1,0.675018580764881
"1856",290.5,0.925,1,0.650891803188571
"1857",290.75,0.925,1,0.618643848926698
"1858",291,0.925,1,0.575139060722529
"1859",291.25,0.925,1,0.548880326357346
"1860",291.5,0.925,1,0.547083378942748
"1861",291.75,0.925,1,0.501327940251458
"1862",292,0.925,1,0.482422319610414
"1863",280,0.95,1,1.06918211447087
"1864",280.25,0.95,1,1.06981251277213
"1865",280.5,0.95,1,1.0702606386598
"1866",280.75,0.95,1,1.07050433541659
"1867",281,0.95,1,1.07051232722584
"1868",281.25,0.95,1,1.07030514068431
"1869",281.5,0.95,1,1.06989339756957
"1870",281.75,0.95,1,1.06919153663891
"1871",282,0.95,1,1.06809657877582
"1872",282.25,0.95,1,1.06659263519008
"1873",282.5,0.95,1,1.06475076194865
"1874",282.75,0.95,1,1.06262032648894
"1875",283,0.95,1,1.06009895940276
"1876",283.25,0.95,1,1.05701888260288
"1877",283.5,0.95,1,1.05342739815958
"1878",283.75,0.95,1,1.04945492569478
"1879",284,0.95,1,1.04497553234485
"1880",284.25,0.95,1,1.03967810241568
"1881",284.5,0.95,1,1.03393400523069
"1882",284.75,0.95,1,1.0275673987397
"1883",285,0.95,1,1.02027864063541
"1884",285.25,0.95,1,1.0124275247224
"1885",285.5,0.95,1,1.00352729354587
"1886",285.75,0.95,1,0.993768391975367
"1887",286,0.95,1,0.982731156503664
"1888",286.25,0.95,1,0.970958230683341
"1889",286.5,0.95,1,0.95827233545571
"1890",286.75,0.95,1,0.945310012946256
"1891",287,0.95,1,0.93095649543337
"1892",287.25,0.95,1,0.916481827230439
"1893",287.5,0.95,1,0.900912454146285
"1894",287.75,0.95,1,0.883330023987526
"1895",288,0.95,1,0.867893507107724
"1896",288.25,0.95,1,0.847929366937283
"1897",288.5,0.95,1,0.831176113622192
"1898",288.75,0.95,1,0.804683628329012
"1899",289,0.95,1,0.783834013672497
"1900",289.25,0.95,1,0.759233667097183
"1901",289.5,0.95,1,0.74457789921177
"1902",289.75,0.95,1,0.709592753404838
"1903",290,0.95,1,0.684307802250782
"1904",290.25,0.95,1,0.672905497111879
"1905",290.5,0.95,1,0.632169034505437
"1906",290.75,0.95,1,0.605164516066262
"1907",291,0.95,1,0.597842709442594
"1908",291.25,0.95,1,0.549650677626209
"1909",291.5,0.95,1,0.521888399585482
"1910",291.75,0.95,1,0.481178427639129
"1911",292,0.95,1,0.470508900092626
"1912",280,0.975,1,1.05889090560866
"1913",280.25,0.975,1,1.05934973020446
"1914",280.5,0.975,1,1.05965449593732
"1915",280.75,0.975,1,1.05983541434888
"1916",281,0.975,1,1.05984889833945
"1917",281.25,0.975,1,1.0596822645253
"1918",281.5,0.975,1,1.05922211328712
"1919",281.75,0.975,1,1.05840388542429
"1920",282,0.975,1,1.057274986007
"1921",282.25,0.975,1,1.05583304904489
"1922",282.5,0.975,1,1.05406875563266
"1923",282.75,0.975,1,1.0519821467375
"1924",283,0.975,1,1.04955385551955
"1925",283.25,0.975,1,1.04668120833232
"1926",283.5,0.975,1,1.04320535374301
"1927",283.75,0.975,1,1.03924500846818
"1928",284,0.975,1,1.03503695939573
"1929",284.25,0.975,1,1.03025499826854
"1930",284.5,0.975,1,1.02474191438166
"1931",284.75,0.975,1,1.01864567557996
"1932",285,0.975,1,1.01196498014142
"1933",285.25,0.975,1,1.0044307477918
"1934",285.5,0.975,1,0.996297456042788
"1935",285.75,0.975,1,0.987066923053134
"1936",286,0.975,1,0.977155536246124
"1937",286.25,0.975,1,0.965370928981538
"1938",286.5,0.975,1,0.95294906395679
"1939",286.75,0.975,1,0.939855176416029
"1940",287,0.975,1,0.926027438176647
"1941",287.25,0.975,1,0.911305532595152
"1942",287.5,0.975,1,0.896010574898295
"1943",287.75,0.975,1,0.880008190750594
"1944",288,0.975,1,0.862958748680122
"1945",288.25,0.975,1,0.844496081612398
"1946",288.5,0.975,1,0.823141503646837
"1947",288.75,0.975,1,0.797214545625001
"1948",289,0.975,1,0.781132417012767
"1949",289.25,0.975,1,0.761637269717418
"1950",289.5,0.975,1,0.737684155165112
"1951",289.75,0.975,1,0.707009300735004
"1952",290,0.975,1,0.689299253545272
"1953",290.25,0.975,1,0.664464867260939
"1954",290.5,0.975,1,0.629590223942647
"1955",290.75,0.975,1,0.612196321921449
"1956",291,0.975,1,0.5843483345411
"1957",291.25,0.975,1,0.542531409722425
"1958",291.5,0.975,1,0.525310447656131
"1959",291.75,0.975,1,0.49494629044989
"1960",292,0.975,1,0.448131268783057
"1961",280,1,1,1.04630209873204
"1962",280.25,1,1,1.04669477878087
"1963",280.5,1,1,1.0470130280033
"1964",280.75,1,1,1.0471142490138
"1965",281,1,1,1.04693883794125
"1966",281.25,1,1,1.04648791399552
"1967",281.5,1,1,1.04576925445772
"1968",281.75,1,1,1.04491632193666
"1969",282,1,1,1.04388825492803
"1970",282.25,1,1,1.04251841194144
"1971",282.5,1,1,1.04076925441849
"1972",282.75,1,1,1.03867304821892
"1973",283,1,1,1.03625786768315
"1974",283.25,1,1,1.03354671062608
"1975",283.5,1,1,1.03048960937178
"1976",283.75,1,1,1.02681341832904
"1977",284,1,1,1.02267617701909
"1978",284.25,1,1,1.01813021947674
"1979",284.5,1,1,1.01289159017104
"1980",284.75,1,1,1.00724403297448
"1981",285,1,1,1.00093378235794
"1982",285.25,1,1,0.994061644007857
"1983",285.5,1,1,0.986319898834836
"1984",285.75,1,1,0.977991445539941
"1985",286,1,1,0.968578997631115
"1986",286.25,1,1,0.958296776170916
"1987",286.5,1,1,0.946129867536679
"1988",286.75,1,1,0.933124810202295
"1989",287,1,1,0.919249702360803
"1990",287.25,1,1,0.904637659358298
"1991",287.5,1,1,0.889435847822481
"1992",287.75,1,1,0.871717358744462
"1993",288,1,1,0.855670197125284
"1994",288.25,1,1,0.83855821775573
"1995",288.5,1,1,0.820199038756614
"1996",288.75,1,1,0.799609816418378
"1997",289,1,1,0.774593864266707
"1998",289.25,1,1,0.760700003906512
"1999",289.5,1,1,0.723846844799516
"2000",289.75,1,1,0.698588700101376
"2001",290,1,1,0.690682408149004
"2002",290.25,1,1,0.646501807291205
"2003",290.5,1,1,0.618709449865661
"2004",290.75,1,1,0.614223465458399
"2005",291,1,1,0.557162194696408
"2006",291.25,1,1,0.522709890623664
"2007",291.5,1,1,0.519889576328209
"2008",291.75,1,1,0.503044746846068
"2009",292,1,1,0.467771477774111
