"T","kappa","Y","Lambda"
"1",280,0,1,1.38350849403752e-15
"2",280.25,0,1,1.02130280851996e-15
"3",280.5,0,1,7.50753907200412e-16
"4",280.75,0,1,5.49529139151681e-16
"5",281,0,1,4.00509956003125e-16
"6",281.25,0,1,2.90632735831301e-16
"7",281.5,0,1,2.09972910412746e-16
"8",281.75,0,1,1.51024766400512e-16
"9",282,0,1,1.08137824388202e-16
"10",282.25,0,1,7.70778793729317e-17
"11",282.5,0,1,5.46867891497392e-17
"12",282.75,0,1,3.86200856738101e-17
"13",283,0,1,2.71456046668147e-17
"14",283.25,0,1,1.89897096300032e-17
"15",283.5,0,1,1.3220458940123e-17
"16",283.75,0,1,9.15926555974396e-18
"17",284,0,1,6.31447080852554e-18
"18",284.25,0,1,4.33163114825894e-18
"19",284.5,0,1,2.95651383161676e-18
"20",284.75,0,1,2.00769514927808e-18
"21",285,0,1,1.35637640892868e-18
"22",285.25,0,1,9.11595579401734e-19
"23",285.5,0,1,6.09450397017729e-19
"24",285.75,0,1,4.05287358501974e-19
"25",286,0,1,2.68071336989483e-19
"26",286.25,0,1,1.76349462976971e-19
"27",286.5,0,1,1.15373978228355e-19
"28",286.75,0,1,7.50628072287951e-20
"29",287,0,1,4.85621495149358e-20
"30",287.25,0,1,3.12391951053037e-20
"31",287.5,0,1,1.99803450241703e-20
"32",287.75,0,1,1.27051393835268e-20
"33",288,0,1,8.03157986049037e-21
"34",288.25,0,1,5.04706766984013e-21
"35",288.5,0,1,3.15257243133608e-21
"36",288.75,0,1,1.95726541658088e-21
"37",289,0,1,1.20771282149544e-21
"38",289.25,0,1,7.40588962636662e-22
"39",289.5,0,1,4.51294863412317e-22
"40",289.75,0,1,2.73264255899852e-22
"41",290,0,1,1.64404584178432e-22
"42",290.25,0,1,9.82704035147549e-23
"43",290.5,0,1,5.83549943540172e-23
"44",290.75,0,1,3.44229608110853e-23
"45",291,0,1,2.01697924365171e-23
"46",291.25,0,1,1.17383064944289e-23
"47",291.5,0,1,6.78465454796139e-24
"48",291.75,0,1,3.89435426705971e-24
"49",292,0,1,2.21970577465607e-24
"50",280,0.025,1,0
"51",280.25,0.025,1,0
"52",280.5,0.025,1,0
"53",280.75,0.025,1,0
"54",281,0.025,1,0
"55",281.25,0.025,1,0
"56",281.5,0.025,1,0
"57",281.75,0.025,1,0
"58",282,0.025,1,0
"59",282.25,0.025,1,0
"60",282.5,0.025,1,0
"61",282.75,0.025,1,0
"62",283,0.025,1,0
"63",283.25,0.025,1,0
"64",283.5,0.025,1,0
"65",283.75,0.025,1,0
"66",284,0.025,1,0
"67",284.25,0.025,1,0
"68",284.5,0.025,1,0
"69",284.75,0.025,1,0
"70",285,0.025,1,0
"71",285.25,0.025,1,0
"72",285.5,0.025,1,0
"73",285.75,0.025,1,0
"74",286,0.025,1,0
"75",286.25,0.025,1,0
"76",286.5,0.025,1,0
"77",286.75,0.025,1,0
"78",287,0.025,1,0
"79",287.25,0.025,1,0
"80",287.5,0.025,1,0
"81",287.75,0.025,1,0
"82",288,0.025,1,0
"83",288.25,0.025,1,0
"84",288.5,0.025,1,0
"85",288.75,0.025,1,0
"86",289,0.025,1,0
"87",289.25,0.025,1,0
"88",289.5,0.025,1,0
"89",289.75,0.025,1,0
"90",290,0.025,1,0
"91",290.25,0.025,1,1.17046919880807e-13
"92",290.5,0.025,1,5.70552860208693e-14
"93",290.75,0.025,1,2.69469938748226e-14
"94",291,0.025,1,1.23294189162295e-14
"95",291.25,0.025,1,5.46526587689395e-15
"96",291.5,0.025,1,2.34757216713349e-15
"97",291.75,0.025,1,9.77587495221999e-16
"98",292,0.025,1,3.94912408273764e-16
"99",280,0.05,1,0.0870930681929484
"100",280.25,0.05,1,0.0834462207101826
"101",280.5,0.05,1,0.0798984133106025
"102",280.75,0.05,1,0.0764493902838708
"103",281,0.05,1,0.0730987965238987
"104",281.25,0.05,1,0.0698461787458149
"105",281.5,0.05,1,0.0666909869298448
"106",281.75,0.05,1,0.063632575989475
"107",282,0.05,1,0.0606702076603952
"108",282.25,0.05,1,0.0578030526058236
"109",282.5,0.05,1,0.0550301927329339
"110",282.75,0.05,1,0.0523506237142227
"111",283,0.05,1,0.0497632577067849
"112",283.25,0.05,1,0.0472669262616089
"113",283.5,0.05,1,0.0448603834141672
"114",283.75,0.05,1,0.0425423089467655
"115",284,0.05,1,0.0403113118123304
"116",284.25,0.05,1,0.038165933708568
"117",284.5,0.05,1,0.0361046527907158
"118",284.75,0.05,1,0.0341258875104488
"119",285,0.05,1,0.0322280005678869
"120",285.25,0.05,1,0.0304093029630975
"121",285.5,0.05,1,0.0286680581329948
"122",285.75,0.05,1,0.0270024861591154
"123",286,0.05,1,0.0254107680314009
"124",286.25,0.05,1,0.0238910499528624
"125",286.5,0.05,1,0.0224414476697911
"126",286.75,0.05,1,0.0210600508121211
"127",287,0.05,1,0.0197449272285446
"128",287.25,0.05,1,0.0184941273010271
"129",287.5,0.05,1,0.0173056882236134
"130",287.75,0.05,1,0.0161776382306489
"131",288,0.05,1,0
"132",288.25,0.05,1,0
"133",288.5,0.05,1,0
"134",288.75,0.05,1,0
"135",289,0.05,1,0
"136",289.25,0.05,1,0
"137",289.5,0.05,1,0
"138",289.75,0.05,1,0
"139",290,0.05,1,0
"140",290.25,0.05,1,0
"141",290.5,0.05,1,0
"142",290.75,0.05,1,0
"143",291,0.05,1,0
"144",291.25,0.05,1,0
"145",291.5,0.05,1,0
"146",291.75,0.05,1,0
"147",292,0.05,1,0
"148",280,0.075,1,0.0870844755446375
"149",280.25,0.075,1,0.0834378011362187
"150",280.5,0.075,1,0.0798901736276666
"151",280.75,0.075,1,0.0764413372634551
"152",281,0.075,1,0.073090936862073
"153",281.25,0.075,1,0.0698385190285892
"154",281.5,0.075,1,0.0666835335939288
"155",281.75,0.075,1,0.0636253352783234
"156",282,0.075,1,0.060663185575541
"157",282.25,0.075,1,0.0577962548536399
"158",282.5,0.075,1,0.0550236246671334
"159",282.75,0.075,1,0.0523442902745949
"160",283,0.075,1,0.0497571633548906
"161",283.25,0.075,1,0.0472610749143818
"162",283.5,0.075,1,0.0448547783766182
"163",283.75,0.075,1,0.0425369528452255
"164",284,0.075,1,0.0403062065298936
"165",284.25,0.075,1,0.0381610803245916
"166",284.5,0.075,1,0.0361000515263793
"167",284.75,0.075,1,0.0341215376824491
"168",285,0.075,1,0.0322239005523434
"169",285.25,0.075,1,0.03040545017163
"170",285.5,0.075,1,0.0286644490027235
"171",285.75,0.075,1,0.0269991161580029
"172",286,0.075,1,0.0254076316799231
"173",286.25,0.075,1,0.0238881408624548
"174",286.5,0.075,1,0.0224387585979387
"175",286.75,0.075,1,0.0210575737333073
"176",287,0.075,1,0.0197426534196218
"177",287.25,0.075,1,0.0184920474390074
"178",287.5,0.075,1,0.0173037924933307
"179",287.75,0.075,1,0.0161759164393517
"180",288,0.075,1,0.0151064424555916
"181",288.25,0.075,1,0.0140933931267587
"182",288.5,0.075,1,0.0131347944322611
"183",288.75,0.075,1,0.0122286796260822
"184",289,0.075,1,0.0113730929960839
"185",289.25,0.075,1,0.010566093491619
"186",289.5,0.075,1,0.00980575820916387
"187",289.75,0.075,1,0.00909018572652027
"188",290,0.075,1,0.00841749927697154
"189",290.25,0.075,1,0.00778584975561963
"190",290.5,0.075,1,0.0071934185509739
"191",290.75,0.075,1,0.00663842019571618
"192",291,0.075,1,0
"193",291.25,0.075,1,0
"194",291.5,0.075,1,0
"195",291.75,0.075,1,0
"196",292,0.075,1,0
"197",280,0.1,1,0.0870736978958
"198",280.25,0.1,1,0.0834271559302417
"199",280.5,0.1,1,0.0798796716053001
"200",280.75,0.1,1,0.0764309895724458
"201",281,0.1,1,0.0730807550355459
"202",281.25,0.1,1,0.0698285149533433
"203",281.5,0.1,1,0.0666737194672654
"204",281.75,0.1,1,0.0636157235520695
"205",282,0.1,1,0.0606537888860423
"206",282.25,0.1,1,0.0577870859366951
"207",282.5,0.1,1,0.0550146962571366
"208",282.75,0.1,1,0.0523356149875617
"209",283,0.1,1,0.0497487535555656
"210",283.25,0.1,1,0.047252942568272
"211",283.5,0.1,1,0.0448469348885515
"212",283.75,0.1,1,0.0425294088868799
"213",284,0.1,1,0.0402989718596499
"214",284.25,0.1,1,0.0381541636039771
"215",284.5,0.1,1,0.0360934601382543
"216",284.75,0.1,1,0.0341152775567984
"217",285,0.1,1,0.0322179760061332
"218",285.25,0.1,1,0.0303998637694209
"219",285.5,0.1,1,0.0286592014446605
"220",285.75,0.1,1,0.0269942062013144
"221",286,0.1,1,0.0254030560991416
"222",286.25,0.1,1,0.0238838944522371
"223",286.5,0.1,1,0.0224348342206609
"224",286.75,0.1,1,0.0210539624116345
"225",287,0.1,1,0.0197393444721401
"226",287.25,0.1,1,0.0184890286549026
"227",287.5,0.1,1,0.0173010503401804
"228",287.75,0.1,1,0.0161734362965113
"229",288,0.1,1,0.0151042088645469
"230",288.25,0.1,1,0.0140913900492393
"231",288.5,0.1,1,0.0131330055069388
"232",288.75,0.1,1,0.012227088415252
"233",289,0.1,1,0.0113716832147882
"234",289.25,0.1,1,0.0105648492131068
"235",289.5,0.1,1,0.00980466404223595
"236",289.75,0.1,1,0.00908922696205021
"237",290,0.1,1,0.00841666200257902
"238",290.25,0.1,1,0.00778512093898847
"239",290.5,0.1,1,0.00719278609357338
"240",290.75,0.1,1,0.0066378729596532
"241",291,0.1,1,0.00611863264282079
"242",291.25,0.1,1,0.00563335411558028
"243",291.5,0.1,1,0.0051803662820523
"244",291.75,0.1,1,0.00475803985013232
"245",292,0.1,1,0.00436478900927329
"246",280,0.125,1,0.0870597340716947
"247",280.25,0.125,1,0.0834132338060844
"248",280.5,0.125,1,0.0798658054694491
"249",280.75,0.125,1,0.0764171949764473
"250",281,0.125,1,0.0730670488421428
"251",281.25,0.125,1,0.0698149153696512
"252",281.5,0.125,1,0.0666602460587565
"253",281.75,0.125,1,0.0636023972325552
"254",282,0.125,1,0.060640631878504
"255",282.25,0.125,1,0.0577741216996359
"256",282.5,0.125,1,0.0550019493711734
"257",282.75,0.125,1,0.0523231109974124
"258",283,0.125,1,0.0497365187631705
"259",283.25,0.125,1,0.0472410037742331
"260",283.5,0.125,1,0.0448353190806146
"261",283.75,0.125,1,0.0425181428765094
"262",284,0.125,1,0.0402880818704867
"263",284.25,0.125,1,0.0381436748191934
"264",284.5,0.125,1,0.0360833962171829
"265",284.75,0.125,1,0.0341056601348809
"266",285,0.125,1,0.0322088241953823
"267",285.25,0.125,1,0.0303911936793598
"268",285.5,0.125,1,0.0286510257454336
"269",285.75,0.125,1,0.0269865337511487
"270",286,0.125,1,0.025395891657206
"271",286.25,0.125,1,0.0238772384952045
"272",286.5,0.125,1,0.0224286828767843
"273",286.75,0.125,1,0.021048307520256
"274",287,0.125,1,0.0197341737696269
"275",287.25,0.125,1,0.0184843260806426
"276",287.5,0.125,1,0.0172967964491518
"277",287.75,0.125,1,0.0161696087587546
"278",288,0.125,1,0.015100783027194
"279",288.25,0.125,1,0.0140883395340581
"280",288.5,0.125,1,0.0131303028157723
"281",288.75,0.125,1,0.0122247055172578
"282",289,0.125,1,0.0113695920926955
"283",289.25,0.125,1,0.0105630223503543
"284",289.5,0.125,1,0.00980307483825527
"285",289.75,0.125,1,0.00908785006856273
"286",290,0.125,1,0.00841547357901842
"287",290.25,0.125,1,0.0077840988297293
"288",290.5,0.125,1,0.00719190993318419
"289",290.75,0.125,1,0.00663712421489699
"290",291,0.125,1,0.00611799460153845
"291",291.25,0.125,1,0.00563281183309446
"292",291.5,0.125,1,0.00517990649545992
"293",291.75,0.125,1,0.00475765087003672
"294",292,0.125,1,0.00436446059732805
"295",280,0.15,1,0.0870410765639809
"296",280.25,0.15,1,0.0833944250918994
"297",280.5,0.15,1,0.0798468595867828
"298",280.75,0.15,1,0.0763981286095199
"299",281,0.15,1,0.0730478815922837
"300",281.25,0.15,1,0.0697956700230633
"301",281.5,0.15,1,0.0666409488417722
"302",281.75,0.15,1,0.0635830780426196
"303",282,0.15,1,0.0606213244768503
"304",282.25,0.15,1,0.0577548638486633
"305",282.5,0.15,1,0.0549827828980053
"306",282.75,0.15,1,0.0523040817627816
"307",283,0.15,1,0.0497176765142356
"308",283.25,0.15,1,0.047222401860013
"309",283.5,0.15,1,0.0448170140107675
"310",283.75,0.15,1,0.042500193708086
"311",284,0.15,1,0.0402705494137375
"312",284.25,0.15,1,0.0381266206622049
"313",284.5,0.15,1,0.0360668815803894
"314",284.75,0.15,1,0.0340897445797443
"315",285,0.15,1,0.032193564225886
"316",285.25,0.15,1,0.0303766412892541
"317",285.5,0.15,1,0.0286372269768096
"318",285.75,0.15,1,0.0269735273391027
"319",286,0.15,1,0.0253837078394476
"320",286.25,0.15,1,0.0238658980628966
"321",286.5,0.15,1,0.0224181965331157
"322",286.75,0.15,1,0.0210386755962517
"323",287,0.15,1,0.01972538632374
"324",287.25,0.15,1,0.0184763633818901
"325",287.5,0.15,1,0.0172896298158406
"326",287.75,0.15,1,0.016163201699377
"327",288,0.15,1,0.0150950926098177
"328",288.25,0.15,1,0.0140833178977326
"329",288.5,0.15,1,0.0131258987332776
"330",288.75,0.15,1,0.0122208659228359
"331",289,0.15,1,0.0113662635000051
"332",289.25,0.15,1,0.0105601521026774
"333",289.5,0.15,1,0.00980061215247175
"334",289.75,0.15,1,0.00908574685408993
"335",290,0.15,1,0.00841368503074993
"336",290.25,0.15,1,0.00778258380846848
"337",290.5,0.15,1,0.00719063115751058
"338",290.75,0.15,1,0.00663604829463598
"339",291,0.15,1,0.00611709194551876
"340",291.25,0.15,1,0.00563205646333856
"341",291.5,0.15,1,0.00517927579726079
"342",291.75,0.15,1,0.00475712530332927
"343",292,0.15,1,0.00436402339015092
"344",280,0.175,1,0.386858007458174
"345",280.25,0.175,1,0.382431780700103
"346",280.5,0.175,1,0.377995064666241
"347",280.75,0.175,1,0.373550953017374
"348",281,0.175,1,0.369102788750171
"349",281.25,0.175,1,0.364654151841979
"350",281.5,0.175,1,0.360208835825982
"351",281.75,0.175,1,0.355770810879575
"352",282,0.175,1,0.351344170938739
"353",282.25,0.175,1,0.346933062434643
"354",282.5,0.175,1,0.342541592542024
"355",282.75,0.175,1,0.338173715390152
"356",283,0.175,1,0.333833095579823
"357",283.25,0.175,1,0.329522949617046
"358",283.5,0.175,1,0.32524586754009
"359",283.75,0.175,1,0.321003619060697
"360",284,0.175,1,0.316796950880462
"361",284.25,0.175,1,0.312625384304618
"362",284.5,0.175,1,0.308487024554751
"363",284.75,0.175,1,0.304378394779189
"364",285,0.175,1,0.300294307835707
"365",285.25,0.175,1,0.296227785962149
"366",285.5,0.175,1,0.292170029425216
"367",285.75,0.175,1,0.0269491490538846
"368",286,0.175,1,0.0253607570740284
"369",286.25,0.175,1,0.0238444657624244
"370",286.5,0.175,1,0.0223983489847349
"371",286.75,0.175,1,0.0210204522532573
"372",287,0.175,1,0.0197087988715022
"373",287.25,0.175,1,0.0184613961289184
"374",287.5,0.175,1,0.0172762413759666
"375",287.75,0.175,1,0.0161513278158792
"376",288,0.175,1,0.015084649875661
"377",288.25,0.175,1,0.0140742080611079
"378",288.5,0.175,1,0.0131180132517226
"379",288.75,0.175,1,0.0122140904428735
"380",289,0.175,1,0.0113604819864119
"381",289.25,0.175,1,0.0105552504114898
"382",289.5,0.175,1,0.00979648092195362
"383",289.75,0.175,1,0.00908228366607565
"384",290,0.175,1,0.00841079586169761
"385",290.25,0.175,1,0.00778018383961227
"386",290.5,0.175,1,0.00718864504488105
"387",290.75,0.175,1,0.00663441001370157
"388",291,0.175,1,0.00611574432506503
"389",291.25,0.175,1,0.00563095051309941
"390",291.5,0.175,1,0.00517836991785597
"391",291.75,0.175,1,0.00475638444875588
"392",292,0.175,1,0.00436341823494954
"393",280,0.2,1,0.4756078875129
"394",280.25,0.2,1,0.470420575079571
"395",280.5,0.2,1,0.465232398902589
"396",280.75,0.2,1,0.460049913533447
"397",281,0.2,1,0.454880219547059
"398",281.25,0.2,1,0.449730900172963
"399",281.5,0.2,1,0.444609917503902
"400",281.75,0.2,1,0.439525459846497
"401",282,0.2,1,0.434485732110071
"402",282.25,0.2,1,0.42949868244065
"403",282.5,0.2,1,0.424571660972477
"404",282.75,0.2,1,0.419711010990091
"405",283,0.2,1,0.414921599337187
"406",283.25,0.2,1,0.410206301805684
"407",283.5,0.2,1,0.405565470428735
"408",283.75,0.2,1,0.311972190248227
"409",284,0.2,1,0.307774902055278
"410",284.25,0.2,1,0.303677572944927
"411",284.5,0.2,1,0.299683622247619
"412",284.75,0.2,1,0.295793779010918
"413",285,0.2,1,0.292005631565242
"414",285.25,0.2,1,0.288313255409218
"415",285.5,0.2,1,0.284706961698384
"416",285.75,0.2,1,0.281173207342268
"417",286,0.2,1,0.277694702587315
"418",286.25,0.2,1,0.274250740351159
"419",286.5,0.2,1,0.270817754263127
"420",286.75,0.2,1,0.267370087963804
"421",287,0.2,1,0.263880921539944
"422",287.25,0.2,1,0.260323230339914
"423",287.5,0.2,1,0.0172476391964774
"424",287.75,0.2,1,0.0161262153475011
"425",288,0.2,1,0.0150628406123286
"426",288.25,0.2,1,0.0140554653514461
"427",288.5,0.2,1,0.013102065870964
"428",288.75,0.2,1,0.0122006479690757
"429",289,0.2,1,0.0113492487873806
"430",289.25,0.2,1,0.0105459374094042
"431",289.5,0.2,1,0.00978881466449746
"432",289.75,0.2,1,0.00907601263177156
"433",290,0.2,1,0.0084056941912533
"434",290.25,0.2,1,0.00777605286898939
"435",290.5,0.2,1,0.00718531312781312
"436",290.75,0.2,1,0.00663173111671481
"437",291,0.2,1,0.00611359584041594
"438",291.25,0.2,1,0.00562923065812523
"439",291.5,0.2,1,0.00517699500223147
"440",291.75,0.2,1,0.00475528620738015
"441",292,0.2,1,0.00436254135205615
"442",280,0.225,1,0.51791749648761
"443",280.25,0.225,1,0.512598594562243
"444",280.5,0.225,1,0.507287824117579
"445",280.75,0.225,1,0.501995187325898
"446",281,0.225,1,0.49673179498856
"447",281.25,0.225,1,0.491509770773248
"448",281.5,0.225,1,0.486342061170927
"449",281.75,0.225,1,0.481242126109488
"450",282,0.225,1,0.476223484605908
"451",282.25,0.225,1,0.471299091724889
"452",282.5,0.225,1,0.466480528513636
"453",282.75,0.225,1,0.461776996749825
"454",283,0.225,1,0.45719412664562
"455",283.25,0.225,1,0.452732629466118
"456",283.5,0.225,1,0.38544405172789
"457",283.75,0.225,1,0.381002569875511
"458",284,0.225,1,0.376815087502943
"459",284.25,0.225,1,0.372885485653438
"460",284.5,0.225,1,0.369208146970639
"461",284.75,0.225,1,0.365766299601696
"462",285,0.225,1,0.362530811085475
"463",285.25,0.225,1,0.35945974515013
"464",285.5,0.225,1,0.356499018025184
"465",285.75,0.225,1,0.35358444514428
"466",286,0.225,1,0.35064531601316
"467",286.25,0.225,1,0.261254104949017
"468",286.5,0.225,1,0.258826012685966
"469",286.75,0.225,1,0.256481610420509
"470",287,0.225,1,0.254172147237011
"471",287.25,0.225,1,0.251846084764897
"472",287.5,0.225,1,0.249451459771253
"473",287.75,0.225,1,0.246938352104806
"474",288,0.225,1,0.244261244293855
"475",288.25,0.225,1,0.241381034746073
"476",288.5,0.225,1,0.238266318554357
"477",288.75,0.225,1,0.0121695034477181
"478",289,0.225,1,0.0113239432007846
"479",289.25,0.225,1,0.0105255796112261
"480",289.5,0.225,1,0.00977257958771953
"481",289.75,0.225,1,0.00906316193236059
"482",290,0.225,1,0.00839558575379428
"483",290.25,0.225,1,0.00776814160031472
"484",290.5,0.225,1,0.00717914567765759
"485",290.75,0.225,1,0.00662693686874606
"486",291,0.225,1,0.00610987614758599
"487",291.25,0.225,1,0.00562634771026902
"488",291.5,0.225,1,0.00517476125359551
"489",291.75,0.225,1,0.00475355488711272
"490",292,0.225,1,0.00436119828257326
"491",280,0.25,1,0.548846215278104
"492",280.25,0.25,1,0.543451580212289
"493",280.5,0.25,1,0.538059581923344
"494",280.75,0.25,1,0.532687839146201
"495",281,0.25,1,0.527357254462328
"496",281.25,0.25,1,0.522092004156928
"497",281.5,0.25,1,0.516919311066166
"498",281.75,0.25,1,0.511868945394141
"499",282,0.25,1,0.506972381531761
"500",282.25,0.25,1,0.502261566834068
"501",282.5,0.25,1,0.497767259460919
"502",282.75,0.25,1,0.493516912384856
"503",283,0.25,1,0.489532116725079
"504",283.25,0.25,1,0.485825652469493
"505",283.5,0.25,1,0.482398246365819
"506",283.75,0.25,1,0.479235194105651
"507",284,0.25,1,0.411017852283957
"508",284.25,0.25,1,0.408078655618431
"509",284.5,0.25,1,0.40560368995253
"510",284.75,0.25,1,0.403549830687593
"511",285,0.25,1,0.401844465726301
"512",285.25,0.25,1,0.400383016083088
"513",285.5,0.25,1,0.399028699339772
"514",285.75,0.25,1,0.39761565316448
"515",286,0.25,1,0.320935398614712
"516",286.25,0.25,1,0.321099840299246
"517",286.5,0.25,1,0.321350855183961
"518",286.75,0.25,1,0.32149619471358
"519",287,0.25,1,0.321341084612913
"520",287.25,0.25,1,0.320709519752145
"521",287.5,0.25,1,0.319465905113459
"522",287.75,0.25,1,0.232817366732038
"523",288,0.25,1,0.232218119037661
"524",288.25,0.25,1,0.231364539428711
"525",288.5,0.25,1,0.23018325824703
"526",288.75,0.25,1,0.228617696381791
"527",289,0.25,1,0.22662961244374
"528",289.25,0.25,1,0.224199108191094
"529",289.5,0.25,1,0.221322519584382
"530",289.75,0.25,1,0.00903211746884815
"531",290,0.25,1,0.00837225902093371
"532",290.25,0.25,1,0.00775070836455151
"533",290.5,0.25,1,0.00716616518053514
"534",290.75,0.25,1,0.00661729274210415
"535",291,0.25,1,0.00610271656786521
"536",291.25,0.25,1,0.00562103053300463
"537",291.5,0.25,1,0.00517080685718182
"538",291.75,0.25,1,0.00475060745466705
"539",292,0.25,1,0.00435899505950018
"540",280,0.275,1,0.606244781416196
"541",280.25,0.275,1,0.601170445826562
"542",280.5,0.275,1,0.596119008396489
"543",280.75,0.275,1,0.591125086857061
"544",281,0.275,1,0.586228640643949
"545",281.25,0.275,1,0.581474354095893
"546",281.5,0.275,1,0.576910550787609
"547",281.75,0.275,1,0.572587511925249
"548",282,0.275,1,0.521611213822616
"549",282.25,0.275,1,0.516921999356438
"550",282.5,0.275,1,0.512745598551679
"551",282.75,0.275,1,0.509157839120812
"552",283,0.275,1,0.506177925352905
"553",283.25,0.275,1,0.503840310451024
"554",283.5,0.275,1,0.502157389231644
"555",283.75,0.275,1,0.501092517280813
"556",284,0.275,1,0.500567978551564
"557",284.25,0.275,1,0.500487831098079
"558",284.5,0.275,1,0.500687066898273
"559",284.75,0.275,1,0.434946309427398
"560",285,0.275,1,0.43600182487226
"561",285.25,0.275,1,0.437458607958801
"562",285.5,0.275,1,0.438954671591483
"563",285.75,0.275,1,0.440251684620398
"564",286,0.275,1,0.441085824637216
"565",286.25,0.275,1,0.354991107297694
"566",286.5,0.275,1,0.359300694668477
"567",286.75,0.275,1,0.363226395903033
"568",287,0.275,1,0.366315297893107
"569",287.25,0.275,1,0.368123965152534
"570",287.5,0.275,1,0.288570246179018
"571",287.75,0.275,1,0.293026060036969
"572",288,0.275,1,0.296327005080397
"573",288.25,0.275,1,0.298197211752531
"574",288.5,0.275,1,0.298529997417087
"575",288.75,0.275,1,0.213921317776425
"576",289,0.275,1,0.214871659236727
"577",289.25,0.275,1,0.215096907574665
"578",289.5,0.275,1,0.214569298988888
"579",289.75,0.275,1,0.213294433087309
"580",290,0.275,1,0.211304932456934
"581",290.25,0.275,1,0.00770437240466443
"582",290.5,0.275,1,0.00713376216012818
"583",290.75,0.275,1,0.00659465548268549
"584",291,0.275,1,0.00608688521894319
"585",291.25,0.275,1,0.00560992835507565
"586",291.5,0.275,1,0.00516298888167419
"587",291.75,0.275,1,0.00474507339260963
"588",292,0.275,1,0.00435505406960085
"589",280,0.3,1,0.610108382921857
"590",280.25,0.3,1,0.603829096710004
"591",280.5,0.3,1,0.597652858435211
"592",280.75,0.3,1,0.591667661602771
"593",281,0.3,1,0.585974179464827
"594",281.25,0.3,1,0.580685487408023
"595",281.5,0.3,1,0.575924259876937
"596",281.75,0.3,1,0.571816699490878
"597",282,0.3,1,0.568485218180994
"598",282.25,0.3,1,0.56604222085264
"599",282.5,0.3,1,0.56458254004772
"600",282.75,0.3,1,0.564171631116275
"601",283,0.3,1,0.56483427733374
"602",283.25,0.3,1,0.566549991428045
"603",283.5,0.3,1,0.569253317081494
"604",283.75,0.3,1,0.572800425102034
"605",284,0.3,1,0.576986495059203
"606",284.25,0.3,1,0.537997281139791
"607",284.5,0.3,1,0.544181897845491
"608",284.75,0.3,1,0.550394149393419
"609",285,0.3,1,0.556231104719038
"610",285.25,0.3,1,0.561284003711976
"611",285.5,0.3,1,0.515344540889942
"612",285.75,0.3,1,0.519524904831346
"613",286,0.3,1,0.522311042874447
"614",286.25,0.3,1,0.523294634864664
"615",286.5,0.3,1,0.454266511464124
"616",286.75,0.3,1,0.45164274162118
"617",287,0.3,1,0.446784103742497
"618",287.25,0.3,1,0.444232965224716
"619",287.5,0.3,1,0.325680888542364
"620",287.75,0.3,1,0.335960582014794
"621",288,0.3,1,0.343811481447769
"622",288.25,0.3,1,0.258199721277417
"623",288.5,0.3,1,0.267980703620183
"624",288.75,0.3,1,0.275503850962967
"625",289,0.3,1,0.280312399780789
"626",289.25,0.3,1,0.282372790783244
"627",289.5,0.3,1,0.199252032904534
"628",289.75,0.3,1,0.201657826012171
"629",290,0.3,1,0.202804023705822
"630",290.25,0.3,1,0.202765872922173
"631",290.5,0.3,1,0.201653711921864
"632",290.75,0.3,1,0.199596315853611
"633",291,0.3,1,0.00604480965887852
"634",291.25,0.3,1,0.00558263017397815
"635",291.5,0.3,1,0.00514513163327084
"636",291.75,0.3,1,0.00473327724073258
"637",292,0.3,1,0.00434717711872341
"638",280,0.325,1,0.662595802040686
"639",280.25,0.325,1,0.657468354767223
"640",280.5,0.325,1,0.652642815088792
"641",280.75,0.325,1,0.648253841027949
"642",281,0.325,1,0.644454547182062
"643",281.25,0.325,1,0.64141260905294
"644",281.5,0.325,1,0.63930149734745
"645",281.75,0.325,1,0.638292274979985
"646",282,0.325,1,0.638535568650706
"647",282.25,0.325,1,0.608585044863038
"648",282.5,0.325,1,0.612734230715222
"649",282.75,0.325,1,0.618565420467994
"650",283,0.325,1,0.625946528989101
"651",283.25,0.325,1,0.634608989450732
"652",283.5,0.325,1,0.644158503174938
"653",283.75,0.325,1,0.654059236135486
"654",284,0.325,1,0.663681771457289
"655",284.25,0.325,1,0.646291126827941
"656",284.5,0.325,1,0.655117821022383
"657",284.75,0.325,1,0.662192625839283
"658",285,0.325,1,0.667393776161158
"659",285.25,0.325,1,0.640944094840191
"660",285.5,0.325,1,0.643918571345314
"661",285.75,0.325,1,0.645411465707287
"662",286,0.325,1,0.607846529976318
"663",286.25,0.325,1,0.608385095463064
"664",286.5,0.325,1,0.60774727544655
"665",286.75,0.325,1,0.55698764154799
"666",287,0.325,1,0.555828932517917
"667",287.25,0.325,1,0.552805156269626
"668",287.5,0.325,1,0.479116744892081
"669",287.75,0.325,1,0.472398372519115
"670",288,0.325,1,0.459694726221503
"671",288.25,0.325,1,0.294720736762488
"672",288.5,0.325,1,0.312179228103354
"673",288.75,0.325,1,0.325292198992615
"674",289,0.325,1,0.237970256367372
"675",289.25,0.325,1,0.25188699319972
"676",289.5,0.325,1,0.261944136397625
"677",289.75,0.325,1,0.267709873669377
"678",290,0.325,1,0.184678160260382
"679",290.25,0.325,1,0.189369166320646
"680",290.5,0.325,1,0.192134294985879
"681",290.75,0.325,1,0.193180532420327
"682",291,0.325,1,0.192748444010154
"683",291.25,0.325,1,0.191081284235862
"684",291.5,0.325,1,0.00509581085645978
"685",291.75,0.325,1,0.00470358906333818
"686",292,0.325,1,0.00432899021583128
"687",280,0.35,1,0.6728142087271
"688",280.25,0.35,1,0.668273197447129
"689",280.5,0.35,1,0.66465055847733
"690",280.75,0.35,1,0.662226402849526
"691",281,0.35,1,0.661280028191851
"692",281.25,0.35,1,0.66207336134237
"693",281.5,0.35,1,0.664826576779912
"694",281.75,0.35,1,0.669686729706664
"695",282,0.35,1,0.676700035918333
"696",282.25,0.35,1,0.68572915234103
"697",282.5,0.35,1,0.696401683764793
"698",282.75,0.35,1,0.708080752431529
"699",283,0.35,1,0.719829923092818
"700",283.25,0.35,1,0.730640562743733
"701",283.5,0.35,1,0.724768925994673
"702",283.75,0.35,1,0.732425164760004
"703",284,0.35,1,0.737725676940684
"704",284.25,0.35,1,0.741034577574334
"705",284.5,0.35,1,0.725739366004446
"706",284.75,0.35,1,0.726792617150725
"707",285,0.35,1,0.726964752691138
"708",285.25,0.35,1,0.705314574175747
"709",285.5,0.35,1,0.705018416375029
"710",285.75,0.35,1,0.704118930116403
"711",286,0.35,1,0.677115249003083
"712",286.25,0.35,1,0.676421403909387
"713",286.5,0.35,1,0.642495611913371
"714",286.75,0.35,1,0.64220051790309
"715",287,0.35,1,0.640896158342581
"716",287.25,0.35,1,0.599845159322568
"717",287.5,0.35,1,0.599239812057886
"718",287.75,0.35,1,0.546686647121869
"719",288,0.35,1,0.545870456367598
"720",288.25,0.35,1,0.47215217592299
"721",288.5,0.35,1,0.467652336211446
"722",288.75,0.35,1,0.455691483444222
"723",289,0.35,1,0.279851671651752
"724",289.25,0.35,1,0.301621385700647
"725",289.5,0.35,1,0.316213145273737
"726",289.75,0.35,1,0.231250187703872
"727",290,0.35,1,0.246048010391291
"728",290.25,0.35,1,0.254998867701891
"729",290.5,0.35,1,0.172589815711678
"730",290.75,0.35,1,0.179214872982261
"731",291,0.35,1,0.183178562377258
"732",291.25,0.35,1,0.184886221837525
"733",291.5,0.35,1,0.184753033813608
"734",291.75,0.35,1,0.183158343934261
"735",292,0.35,1,0.00427833158069681
"736",280,0.375,1,0.70050101379964
"737",280.25,0.375,1,0.698663124270011
"738",280.5,0.375,1,0.698588053267663
"739",280.75,0.375,1,0.700610001164333
"740",281,0.375,1,0.704993308880797
"741",281.25,0.375,1,0.711887215915319
"742",281.5,0.375,1,0.721218675929459
"743",281.75,0.375,1,0.732591201406603
"744",282,0.375,1,0.745158680565168
"745",282.25,0.375,1,0.757710132545431
"746",282.5,0.375,1,0.76888777718111
"747",282.75,0.375,1,0.777823921770753
"748",283,0.375,1,0.784183907670712
"749",283.25,0.375,1,0.778982513533035
"750",283.5,0.375,1,0.781486708857294
"751",283.75,0.375,1,0.782721057724794
"752",284,0.375,1,0.783104795619613
"753",284.25,0.375,1,0.771764057690896
"754",284.5,0.375,1,0.771659156983955
"755",284.75,0.375,1,0.771256828020333
"756",285,0.375,1,0.756979557676241
"757",285.25,0.375,1,0.756707503562627
"758",285.5,0.375,1,0.739221598993633
"759",285.75,0.375,1,0.739147331107491
"760",286,0.375,1,0.718083856768534
"761",286.25,0.375,1,0.718221830618666
"762",286.5,0.375,1,0.693054915195553
"763",286.75,0.375,1,0.69338836700626
"764",287,0.375,1,0.663346170866876
"765",287.25,0.375,1,0.663867995350415
"766",287.5,0.375,1,0.62794644880756
"767",287.75,0.375,1,0.628609486594559
"768",288,0.375,1,0.585208891073051
"769",288.25,0.375,1,0.585659963451141
"770",288.5,0.375,1,0.531576544215572
"771",288.75,0.375,1,0.531968564055921
"772",289,0.375,1,0.458424001656838
"773",289.25,0.375,1,0.452855222344677
"774",289.5,0.375,1,0.2535524454338
"775",289.75,0.375,1,0.282749052393764
"776",290,0.375,1,0.302564954483541
"777",290.25,0.375,1,0.216759819534105
"778",290.5,0.375,1,0.234731031095917
"779",290.75,0.375,1,0.245308551106311
"780",291,0.375,1,0.163987446833787
"781",291.25,0.375,1,0.17170761219383
"782",291.5,0.375,1,0.176115507602186
"783",291.75,0.375,1,0.177862427727665
"784",292,0.375,1,0.177548741061315
"785",280,0.4,1,0.724685687503887
"786",280.25,0.4,1,0.727620508152183
"787",280.5,0.4,1,0.745402091518122
"788",280.75,0.4,1,0.75243384833998
"789",281,0.4,1,0.761986385800371
"790",281.25,0.4,1,0.773396647731758
"791",281.5,0.4,1,0.785426584991803
"792",281.75,0.4,1,0.796552181341656
"793",282,0.4,1,0.805613148843299
"794",282.25,0.4,1,0.812093391582847
"795",282.5,0.4,1,0.81070463180484
"796",282.75,0.4,1,0.813248769920463
"797",283,0.4,1,0.814744063409924
"798",283.25,0.4,1,0.815624328238816
"799",283.5,0.4,1,0.816142364420617
"800",283.75,0.4,1,0.809792394250395
"801",284,0.4,1,0.810403598431171
"802",284.25,0.4,1,0.81097208079173
"803",284.5,0.4,1,0.803462155924289
"804",284.75,0.4,1,0.804444119353696
"805",285,0.4,1,0.795572374612902
"806",285.25,0.4,1,0.796966535431103
"807",285.5,0.4,1,0.78652810586187
"808",285.75,0.4,1,0.787839694164554
"809",286,0.4,1,0.775299157835259
"810",286.25,0.4,1,0.759422976740656
"811",286.5,0.4,1,0.760338894182625
"812",286.75,0.4,1,0.741003594305633
"813",287,0.4,1,0.717064723079001
"814",287.25,0.4,1,0.717223891641941
"815",287.5,0.4,1,0.689089089803401
"816",287.75,0.4,1,0.655219554654005
"817",288,0.4,1,0.656059367067524
"818",288.25,0.4,1,0.617351459234263
"819",288.5,0.4,1,0.617951826413197
"820",288.75,0.4,1,0.573418416888841
"821",289,0.4,1,0.517296463574278
"822",289.25,0.4,1,0.519346185301396
"823",289.5,0.4,1,0.445989893393085
"824",289.75,0.4,1,0.443549031961219
"825",290,0.4,1,0.273658755488771
"826",290.25,0.4,1,0.271966568295605
"827",290.5,0.4,1,0.294123023728051
"828",290.75,0.4,1,0.209622530085801
"829",291,0.4,1,0.228482500544939
"830",291.25,0.4,1,0.238451711622144
"831",291.5,0.4,1,0.159001900152017
"832",291.75,0.4,1,0.166645875852945
"833",292,0.4,1,0.170589703541958
"834",280,0.425,1,0.762813451073821
"835",280.25,0.425,1,0.770827040090221
"836",280.5,0.425,1,0.7813597262401
"837",280.75,0.425,1,0.798852962763311
"838",281,0.425,1,0.810140050062799
"839",281.25,0.425,1,0.820112825316927
"840",281.5,0.425,1,0.827684357384532
"841",281.75,0.425,1,0.832829269879367
"842",282,0.425,1,0.836124000884027
"843",282.25,0.425,1,0.834501038770968
"844",282.5,0.425,1,0.836059141434674
"845",282.75,0.425,1,0.837464347434688
"846",283,0.425,1,0.838970741516571
"847",283.25,0.425,1,0.840711808327848
"848",283.5,0.425,1,0.838226434990105
"849",283.75,0.425,1,0.841328449894239
"850",284,0.425,1,0.845217708218964
"851",284.25,0.425,1,0.844786543401125
"852",284.5,0.425,1,0.850798506290109
"853",284.75,0.425,1,0.851369539362668
"854",285,0.425,1,0.858077622444955
"855",285.25,0.425,1,0.857702622909028
"856",285.5,0.425,1,0.855242232748714
"857",285.75,0.425,1,0.859834769013033
"858",286,0.425,1,0.854137923298685
"859",286.25,0.425,1,0.845538384279349
"860",286.5,0.425,1,0.83366853015949
"861",286.75,0.425,1,0.83370124875798
"862",287,0.425,1,0.818222874325861
"863",287.25,0.425,1,0.798925162764104
"864",287.5,0.425,1,0.77480794214539
"865",287.75,0.425,1,0.745331144825535
"866",288,0.425,1,0.740827061420407
"867",288.25,0.425,1,0.705564980393334
"868",288.5,0.425,1,0.664086891556828
"869",288.75,0.425,1,0.616304462728539
"870",289,0.425,1,0.61452549255916
"871",289.25,0.425,1,0.564420749546047
"872",289.5,0.425,1,0.50527479452952
"873",289.75,0.425,1,0.508568167560149
"874",290,0.425,1,0.434322615747247
"875",290.25,0.425,1,0.432603579344395
"876",290.5,0.425,1,0.240646355202723
"877",290.75,0.425,1,0.269675975234575
"878",291,0.425,1,0.1825358580905
"879",291.25,0.425,1,0.209060345940029
"880",291.5,0.425,1,0.22593292066449
"881",291.75,0.425,1,0.233018554798188
"882",292,0.425,1,0.156800821536654
"883",280,0.45,1,0.799716177179485
"884",280.25,0.45,1,0.815102277012324
"885",280.5,0.45,1,0.825770148205107
"886",280.75,0.45,1,0.834956517350228
"887",281,0.45,1,0.84178106782867
"888",281.25,0.45,1,0.84640851547055
"889",281.5,0.45,1,0.849511446398069
"890",281.75,0.45,1,0.8518103162723
"891",282,0.45,1,0.853866450832967
"892",282.25,0.45,1,0.856105509538042
"893",282.5,0.45,1,0.858882535769738
"894",282.75,0.45,1,0.862557441948031
"895",283,0.45,1,0.864802668386548
"896",283.25,0.45,1,0.871859793417304
"897",283.5,0.45,1,0.880734797797568
"898",283.75,0.45,1,0.88795593065991
"899",284,0.45,1,0.898218405447655
"900",284.25,0.45,1,0.904143576675994
"901",284.5,0.45,1,0.911637622840673
"902",284.75,0.45,1,0.913962489763457
"903",285,0.45,1,0.913966328157671
"904",285.25,0.45,1,0.916987766550453
"905",285.5,0.45,1,0.914609273882216
"906",285.75,0.45,1,0.910459230022157
"907",286,0.45,1,0.904884527181528
"908",286.25,0.45,1,0.897429076854326
"909",286.5,0.45,1,0.888444873319936
"910",286.75,0.45,1,0.877530943223427
"911",287,0.45,1,0.864420551955265
"912",287.25,0.45,1,0.849048294584846
"913",287.5,0.45,1,0.848696832925191
"914",287.75,0.45,1,0.831117996038604
"915",288,0.45,1,0.810568403492245
"916",288.25,0.45,1,0.786497981801915
"917",288.5,0.45,1,0.757977965705341
"918",288.75,0.45,1,0.72357748810125
"919",289,0.45,1,0.681110272781689
"920",289.25,0.45,1,0.628053079426839
"921",289.5,0.45,1,0.622336011352243
"922",289.75,0.45,1,0.563372317963723
"923",290,0.45,1,0.498192325314739
"924",290.25,0.45,1,0.499682233956507
"925",290.5,0.45,1,0.424543098482929
"926",290.75,0.45,1,0.419530375106534
"927",291,0.45,1,0.241503729505211
"928",291.25,0.45,1,0.273199807904875
"929",291.5,0.45,1,0.188997567937159
"930",291.75,0.45,1,0.212437691290474
"931",292,0.45,1,0.224344556029637
"932",280,0.475,1,0.835552694911901
"933",280.25,0.475,1,0.844356622184427
"934",280.5,0.475,1,0.852854693761754
"935",280.75,0.475,1,0.857361639938221
"936",281,0.475,1,0.860550597998843
"937",281.25,0.475,1,0.863183134561814
"938",281.5,0.475,1,0.865816767268964
"939",281.75,0.475,1,0.868977333194136
"940",282,0.475,1,0.873204860053678
"941",282.25,0.475,1,0.879167108642136
"942",282.5,0.475,1,0.887507400405758
"943",282.75,0.475,1,0.898125710450732
"944",283,0.475,1,0.908333427707405
"945",283.25,0.475,1,0.919356584541215
"946",283.5,0.475,1,0.928345249488423
"947",283.75,0.475,1,0.934191294198143
"948",284,0.475,1,0.938130733071468
"949",284.25,0.475,1,0.942870083881435
"950",284.5,0.475,1,0.944796340004882
"951",284.75,0.475,1,0.945652370937761
"952",285,0.475,1,0.948720486734161
"953",285.25,0.475,1,0.948332400496367
"954",285.5,0.475,1,0.946998464579556
"955",285.75,0.475,1,0.94471052464299
"956",286,0.475,1,0.941209217914189
"957",286.25,0.475,1,0.936588857963471
"958",286.5,0.475,1,0.930784253045846
"959",286.75,0.475,1,0.92352346358006
"960",287,0.475,1,0.914883094234908
"961",287.25,0.475,1,0.893745194294037
"962",287.5,0.475,1,0.880794052385099
"963",287.75,0.475,1,0.865848468737551
"964",288,0.475,1,0.848900364508406
"965",288.25,0.475,1,0.829504422920478
"966",288.5,0.475,1,0.807404223008027
"967",288.75,0.475,1,0.782313305594921
"968",289,0.475,1,0.753519257021002
"969",289.25,0.475,1,0.719913646581654
"970",289.5,0.475,1,0.68019810379289
"971",289.75,0.475,1,0.631312449726532
"972",290,0.475,1,0.569889768888682
"973",290.25,0.475,1,0.566431929494026
"974",290.5,0.475,1,0.495433461405488
"975",290.75,0.475,1,0.41435653349106
"976",291,0.475,1,0.415329346330348
"977",291.25,0.475,1,0.262664365448028
"978",291.5,0.475,1,0.254784539406141
"979",291.75,0.475,1,0.170137888199046
"980",292,0.475,1,0.19910543297916
"981",280,0.5,1,0.859816329201064
"982",280.25,0.5,1,0.864438837293213
"983",280.5,0.5,1,0.867839861885815
"984",280.75,0.5,1,0.870750326260344
"985",281,0.5,1,0.875050404164218
"986",281.25,0.5,1,0.878965613619005
"987",281.5,0.5,1,0.884411258192227
"988",281.75,0.5,1,0.892200010536249
"989",282,0.5,1,0.902667110790309
"990",282.25,0.5,1,0.914734673443583
"991",282.5,0.5,1,0.925391098742848
"992",282.75,0.5,1,0.934866927774836
"993",283,0.5,1,0.942772192245261
"994",283.25,0.5,1,0.948390429207522
"995",283.5,0.5,1,0.954262728879697
"996",283.75,0.5,1,0.958431295708932
"997",284,0.5,1,0.963467995256245
"998",284.25,0.5,1,0.966830471981585
"999",284.5,0.5,1,0.969772145365448
"1000",284.75,0.5,1,0.971990329424064
"1001",285,0.5,1,0.973436575385706
"1002",285.25,0.5,1,0.974153000697422
"1003",285.5,0.5,1,0.974109297445215
"1004",285.75,0.5,1,0.973226732513826
"1005",286,0.5,1,0.971302599396205
"1006",286.25,0.5,1,0.968380720783325
"1007",286.5,0.5,1,0.964190676339575
"1008",286.75,0.5,1,0.953340990258776
"1009",287,0.5,1,0.946681397443693
"1010",287.25,0.5,1,0.938482734659599
"1011",287.5,0.5,1,0.91900358182245
"1012",287.75,0.5,1,0.907712634730185
"1013",288,0.5,1,0.894567142123577
"1014",288.25,0.5,1,0.862319309380298
"1015",288.5,0.5,1,0.844385983388469
"1016",288.75,0.5,1,0.824203703675416
"1017",289,0.5,1,0.801278819600404
"1018",289.25,0.5,1,0.775237576208457
"1019",289.5,0.5,1,0.745634801868575
"1020",289.75,0.5,1,0.711751126618708
"1021",290,0.5,1,0.672625060647949
"1022",290.25,0.5,1,0.62603969346139
"1023",290.5,0.5,1,0.568219728381428
"1024",290.75,0.5,1,0.496123015708855
"1025",291,0.5,1,0.492145759608723
"1026",291.25,0.5,1,0.408159661369394
"1027",291.5,0.5,1,0.400857101516811
"1028",291.75,0.5,1,0.236869133989713
"1029",292,0.5,1,0.26689227428618
"1030",280,0.525,1,0.873425964833147
"1031",280.25,0.525,1,0.876589358776973
"1032",280.5,0.525,1,0.879937337630466
"1033",280.75,0.525,1,0.884196415594483
"1034",281,0.525,1,0.891126448317252
"1035",281.25,0.525,1,0.899806809079997
"1036",281.5,0.525,1,0.911043457905937
"1037",281.75,0.525,1,0.923021581860865
"1038",282,0.525,1,0.933520826412585
"1039",282.25,0.525,1,0.941907387483104
"1040",282.5,0.525,1,0.949353421227061
"1041",282.75,0.525,1,0.955506496107077
"1042",283,0.525,1,0.961829455246695
"1043",283.25,0.525,1,0.967951072604268
"1044",283.5,0.525,1,0.973323637375298
"1045",283.75,0.525,1,0.978387875629906
"1046",284,0.525,1,0.984043368839835
"1047",284.25,0.525,1,0.988515015545895
"1048",284.5,0.525,1,0.992514435234457
"1049",284.75,0.525,1,0.995976310213202
"1050",285,0.525,1,0.998721414788932
"1051",285.25,0.525,1,1.00079298979858
"1052",285.5,0.525,1,1.00022108989839
"1053",285.75,0.525,1,1.00061019139292
"1054",286,0.525,1,1.00023238874713
"1055",286.25,0.525,1,0.995616222611562
"1056",286.5,0.525,1,0.993020331179788
"1057",286.75,0.525,1,0.984602516425703
"1058",287,0.525,1,0.979816126279253
"1059",287.25,0.525,1,0.967101360131149
"1060",287.5,0.525,1,0.959663783663593
"1061",287.75,0.525,1,0.941691586399508
"1062",288,0.525,1,0.931260891004244
"1063",288.25,0.525,1,0.906033995487606
"1064",288.5,0.525,1,0.892321778125494
"1065",288.75,0.525,1,0.857013146389613
"1066",289,0.525,1,0.838620111948913
"1067",289.25,0.525,1,0.817705086449852
"1068",289.5,0.525,1,0.761289829253332
"1069",289.75,0.525,1,0.731644359089806
"1070",290,0.525,1,0.697530135723344
"1071",290.25,0.525,1,0.657828749874054
"1072",290.5,0.525,1,0.611401626662246
"1073",290.75,0.525,1,0.555683150111771
"1074",291,0.525,1,0.562556769160328
"1075",291.25,0.525,1,0.49378683944105
"1076",291.5,0.525,1,0.404252597310041
"1077",291.75,0.525,1,0.398201542823979
"1078",292,0.525,1,0.221085768807085
"1079",280,0.55,1,0.883399682759225
"1080",280.25,0.55,1,0.887654745243384
"1081",280.5,0.55,1,0.894360204316143
"1082",280.75,0.55,1,0.903054315987038
"1083",281,0.55,1,0.914087263134626
"1084",281.25,0.55,1,0.925819952961701
"1085",281.5,0.55,1,0.935579410757597
"1086",281.75,0.55,1,0.943502212252603
"1087",282,0.55,1,0.950692735693661
"1088",282.25,0.55,1,0.957627677089806
"1089",282.5,0.55,1,0.964090640669184
"1090",282.75,0.55,1,0.970834053328231
"1091",283,0.55,1,0.977590682198711
"1092",283.25,0.55,1,0.983862053352316
"1093",283.5,0.55,1,0.990459770574839
"1094",283.75,0.55,1,0.996478193387524
"1095",284,0.55,1,1.00209240935411
"1096",284.25,0.55,1,1.00734909419717
"1097",284.5,0.55,1,1.01220217116569
"1098",284.75,0.55,1,1.01660364042483
"1099",285,0.55,1,1.02033906763753
"1100",285.25,0.55,1,1.02225574081953
"1101",285.5,0.55,1,1.0245729760336
"1102",285.75,0.55,1,1.02436889856903
"1103",286,0.55,1,1.02510199903764
"1104",286.25,0.55,1,1.02224081188805
"1105",286.5,0.55,1,1.02097122946824
"1106",286.75,0.55,1,1.01549240497779
"1107",287,0.55,1,1.00790170219021
"1108",287.25,0.55,1,0.997919075816528
"1109",287.5,0.55,1,0.992264957994957
"1110",287.75,0.55,1,0.97865114660439
"1111",288,0.55,1,0.961729477021108
"1112",288.25,0.55,1,0.940565089670629
"1113",288.5,0.55,1,0.929886247294453
"1114",288.75,0.55,1,0.902459555158003
"1115",289,0.55,1,0.867778599275006
"1116",289.25,0.55,1,0.851481443274066
"1117",289.5,0.55,1,0.832256354819606
"1118",289.75,0.55,1,0.781355068097735
"1119",290,0.55,1,0.755646461378422
"1120",290.25,0.55,1,0.725820742411426
"1121",290.5,0.55,1,0.691577894147593
"1122",290.75,0.55,1,0.652201496740564
"1123",291,0.55,1,0.606577267245997
"1124",291.25,0.55,1,0.552490420802785
"1125",291.5,0.55,1,0.486136835713255
"1126",291.75,0.55,1,0.400216699655283
"1127",292,0.55,1,0.395081111997394
"1128",280,0.575,1,0.89510385281304
"1129",280.25,0.575,1,0.903487425947443
"1130",280.5,0.575,1,0.913782124137617
"1131",280.75,0.575,1,0.924740665064609
"1132",281,0.575,1,0.934025363318265
"1133",281.25,0.575,1,0.941752299890802
"1134",281.5,0.575,1,0.948759732032149
"1135",281.75,0.575,1,0.955747114700108
"1136",282,0.575,1,0.962747028710555
"1137",282.25,0.575,1,0.9698784835278
"1138",282.5,0.575,1,0.977046100674397
"1139",282.75,0.575,1,0.984320479376975
"1140",283,0.575,1,0.991343491903612
"1141",283.25,0.575,1,0.998571814180826
"1142",283.5,0.575,1,1.00545461073057
"1143",283.75,0.575,1,1.01203140365158
"1144",284,0.575,1,1.01836901475428
"1145",284.25,0.575,1,1.02442976916487
"1146",284.5,0.575,1,1.03014427475067
"1147",284.75,0.575,1,1.03529250439401
"1148",285,0.575,1,1.03922026114985
"1149",285.25,0.575,1,1.04324374542301
"1150",285.5,0.575,1,1.04547242695851
"1151",285.75,0.575,1,1.04656170391874
"1152",286,0.575,1,1.04823304357401
"1153",286.25,0.575,1,1.04737112909657
"1154",286.5,0.575,1,1.04514824906768
"1155",286.75,0.575,1,1.04131845964717
"1156",287,0.575,1,1.03591011505208
"1157",287.25,0.575,1,1.02880012792176
"1158",287.5,0.575,1,1.01984533798793
"1159",287.75,0.575,1,1.00872342503692
"1160",288,0.575,1,0.995368646709027
"1161",288.25,0.575,1,0.979489664895584
"1162",288.5,0.575,1,0.960507828902653
"1163",288.75,0.575,1,0.937919967941443
"1164",289,0.575,1,0.910720874518715
"1165",289.25,0.575,1,0.877273278707031
"1166",289.5,0.575,1,0.863098542743324
"1167",289.75,0.575,1,0.819342260219942
"1168",290,0.575,1,0.799557189841928
"1169",290.25,0.575,1,0.738630871662558
"1170",290.5,0.575,1,0.710314876755242
"1171",290.75,0.575,1,0.677371512094598
"1172",291,0.575,1,0.638565057413469
"1173",291.25,0.575,1,0.593189553702497
"1174",291.5,0.575,1,0.539495298648065
"1175",291.75,0.575,1,0.473981426740397
"1176",292,0.575,1,0.392089796370497
"1177",280,0.6,1,0.910981890621645
"1178",280.25,0.6,1,0.9212028441548
"1179",280.5,0.6,1,0.93018712864081
"1180",280.75,0.6,1,0.93789234939436
"1181",281,0.6,1,0.944664106292538
"1182",281.25,0.6,1,0.951588632779146
"1183",281.5,0.6,1,0.958683882116781
"1184",281.75,0.6,1,0.965841288593045
"1185",282,0.6,1,0.973134679015941
"1186",282.25,0.6,1,0.980700802245436
"1187",282.5,0.6,1,0.988172975871673
"1188",282.75,0.6,1,0.995952231283607
"1189",283,0.6,1,1.00350637964725
"1190",283.25,0.6,1,1.01122575531037
"1191",283.5,0.6,1,1.0185977802452
"1192",283.75,0.6,1,1.02583625523193
"1193",284,0.6,1,1.03289181818419
"1194",284.25,0.6,1,1.03968386670038
"1195",284.5,0.6,1,1.04599795048783
"1196",284.75,0.6,1,1.05152818051218
"1197",285,0.6,1,1.05689017912356
"1198",285.25,0.6,1,1.0612047886268
"1199",285.5,0.6,1,1.06454969300859
"1200",285.75,0.6,1,1.06696442708352
"1201",286,0.6,1,1.06837283306724
"1202",286.25,0.6,1,1.06868403529954
"1203",286.5,0.6,1,1.06764886025399
"1204",286.75,0.6,1,1.06324292595568
"1205",287,0.6,1,1.05944898121284
"1206",287.25,0.6,1,1.05412240803982
"1207",287.5,0.6,1,1.04257392145519
"1208",287.75,0.6,1,1.03376870045626
"1209",288,0.6,1,1.02288231641552
"1210",288.25,0.6,1,1.00983827962921
"1211",288.5,0.6,1,0.984924440310158
"1212",288.75,0.6,1,0.966121763584004
"1213",289,0.6,1,0.943904619358189
"1214",289.25,0.6,1,0.917722441094184
"1215",289.5,0.6,1,0.886292153785677
"1216",289.75,0.6,1,0.848109227854474
"1217",290,0.6,1,0.833869645347039
"1218",290.25,0.6,1,0.783839651802739
"1219",290.5,0.6,1,0.762572441628004
"1220",290.75,0.6,1,0.692400837327187
"1221",291,0.6,1,0.661013130335384
"1222",291.25,0.6,1,0.623434174739192
"1223",291.5,0.6,1,0.579033372310901
"1224",291.75,0.6,1,0.526034880662838
"1225",292,0.6,1,0.461992698681684
"1226",280,0.625,1,0.924988263151343
"1227",280.25,0.625,1,0.932452360783464
"1228",280.5,0.625,1,0.939157125967805
"1229",280.75,0.625,1,0.945634089821915
"1230",281,0.625,1,0.952493338619269
"1231",281.25,0.625,1,0.959529700553005
"1232",281.5,0.625,1,0.966841544916404
"1233",281.75,0.625,1,0.974291030480683
"1234",282,0.625,1,0.981993744145017
"1235",282.25,0.625,1,0.98990256387976
"1236",282.5,0.625,1,0.99789030226061
"1237",282.75,0.625,1,1.00597255195198
"1238",283,0.625,1,1.01399721867668
"1239",283.25,0.625,1,1.02207822802711
"1240",283.5,0.625,1,1.03002713684737
"1241",283.75,0.625,1,1.03786478351454
"1242",284,0.625,1,1.0455122222085
"1243",284.25,0.625,1,1.05260682538623
"1244",284.5,0.625,1,1.05959859294543
"1245",284.75,0.625,1,1.06588435907428
"1246",285,0.625,1,1.07157001991602
"1247",285.25,0.625,1,1.07707481914951
"1248",285.5,0.625,1,1.08077711527374
"1249",285.75,0.625,1,1.08415286635391
"1250",286,0.625,1,1.08659525479724
"1251",286.25,0.625,1,1.08792693224171
"1252",286.5,0.625,1,1.08695042406444
"1253",286.75,0.625,1,1.0839311074612
"1254",287,0.625,1,1.08162414254376
"1255",287.25,0.625,1,1.07514901849573
"1256",287.5,0.625,1,1.06980431105342
"1257",287.75,0.625,1,1.059204652584
"1258",288,0.625,1,1.04521159867141
"1259",288.25,0.625,1,1.03482841600963
"1260",288.5,0.625,1,1.0144322633539
"1261",288.75,0.625,1,0.999573318803338
"1262",289,0.625,1,0.969301763779067
"1263",289.25,0.625,1,0.948320792865899
"1264",289.5,0.625,1,0.92371952357016
"1265",289.75,0.625,1,0.894623117212288
"1266",290,0.625,1,0.860003361344986
"1267",290.25,0.625,1,0.817726673183363
"1268",290.5,0.625,1,0.764943538145504
"1269",290.75,0.625,1,0.746874250009653
"1270",291,0.625,1,0.723109942898377
"1271",291.25,0.625,1,0.644106933282338
"1272",291.5,0.625,1,0.608197651914934
"1273",291.75,0.625,1,0.565047593328774
"1274",292,0.625,1,0.513162436996395
"1275",280,0.65,1,0.932704829663851
"1276",280.25,0.65,1,0.938876498753509
"1277",280.5,0.65,1,0.94519966213565
"1278",280.75,0.65,1,0.951903569601847
"1279",281,0.65,1,0.958900670184019
"1280",281.25,0.65,1,0.966132367260958
"1281",281.5,0.65,1,0.973616451006626
"1282",281.75,0.65,1,0.9814784845713
"1283",282,0.65,1,0.989447029150321
"1284",282.25,0.65,1,0.997629712490043
"1285",282.5,0.65,1,1.00592858604098
"1286",282.75,0.65,1,1.01435162838323
"1287",283,0.65,1,1.0228376015449
"1288",283.25,0.65,1,1.03127193712767
"1289",283.5,0.65,1,1.03975000602394
"1290",283.75,0.65,1,1.0479982681039
"1291",284,0.65,1,1.05608575499903
"1292",284.25,0.65,1,1.06393305512299
"1293",284.5,0.65,1,1.07135876424973
"1294",284.75,0.65,1,1.07832140180233
"1295",285,0.65,1,1.08475866180588
"1296",285.25,0.65,1,1.09048929303761
"1297",285.5,0.65,1,1.09548656054443
"1298",285.75,0.65,1,1.09926068221977
"1299",286,0.65,1,1.10249379810004
"1300",286.25,0.65,1,1.10415576399361
"1301",286.5,0.65,1,1.10430384619172
"1302",286.75,0.65,1,1.10295399971793
"1303",287,0.65,1,1.09998627986191
"1304",287.25,0.65,1,1.09527189249668
"1305",287.5,0.65,1,1.08864218098797
"1306",287.75,0.65,1,1.07988952065199
"1307",288,0.65,1,1.06859968788265
"1308",288.25,0.65,1,1.05449503751251
"1309",288.5,0.65,1,1.03696844906192
"1310",288.75,0.65,1,1.02550618365053
"1311",289,0.65,1,1.00176939450307
"1312",289.25,0.65,1,0.971249026114695
"1313",289.5,0.65,1,0.952000841141161
"1314",289.75,0.65,1,0.928950853473837
"1315",290,0.65,1,0.877637998533682
"1316",290.25,0.65,1,0.842339975025961
"1317",290.5,0.65,1,0.799055044040037
"1318",290.75,0.65,1,0.787649269001765
"1319",291,0.65,1,0.730121903003164
"1320",291.25,0.65,1,0.708873952444985
"1321",291.5,0.65,1,0.628014124126986
"1322",291.75,0.65,1,0.593774453059484
"1323",292,0.65,1,0.551915955402831
"1324",280,0.675,1,0.937431733255526
"1325",280.25,0.675,1,0.943566745661849
"1326",280.5,0.675,1,0.950100325827284
"1327",280.75,0.675,1,0.956883166270623
"1328",281,0.675,1,0.964007256424288
"1329",281.25,0.675,1,0.971473009430384
"1330",281.5,0.675,1,0.979220739404093
"1331",281.75,0.675,1,0.987237190554935
"1332",282,0.675,1,0.99547827757408
"1333",282.25,0.675,1,1.00387027021133
"1334",282.5,0.675,1,1.01245556016515
"1335",282.75,0.675,1,1.02111719340688
"1336",283,0.675,1,1.02998277768639
"1337",283.25,0.675,1,1.03880031167252
"1338",283.5,0.675,1,1.04760962863068
"1339",283.75,0.675,1,1.05628200314536
"1340",284,0.675,1,1.06476761845803
"1341",284.25,0.675,1,1.07316836066406
"1342",284.5,0.675,1,1.08101984977766
"1343",284.75,0.675,1,1.08855685720133
"1344",285,0.675,1,1.09560242007608
"1345",285.25,0.675,1,1.10181426259609
"1346",285.5,0.675,1,1.10713726904275
"1347",285.75,0.675,1,1.11205744231075
"1348",286,0.675,1,1.11567606077342
"1349",286.25,0.675,1,1.11806234610628
"1350",286.5,0.675,1,1.11934657040205
"1351",286.75,0.675,1,1.11818991401371
"1352",287,0.675,1,1.11661594107753
"1353",287.25,0.675,1,1.11344561772692
"1354",287.5,0.675,1,1.10625123156387
"1355",287.75,0.675,1,1.09966546180207
"1356",288,0.675,1,1.09087686708907
"1357",288.25,0.675,1,1.07546598549427
"1358",288.5,0.675,1,1.06195175818266
"1359",288.75,0.675,1,1.04550649408095
"1360",289,0.675,1,1.02590697172785
"1361",289.25,0.675,1,1.00205691589726
"1362",289.5,0.675,1,0.972667884002913
"1363",289.75,0.675,1,0.954740160528476
"1364",290,0.675,1,0.913637884940747
"1365",290.25,0.675,1,0.887452562926458
"1366",290.5,0.675,1,0.855944106631995
"1367",290.75,0.675,1,0.81814150959085
"1368",291,0.675,1,0.772039444256227
"1369",291.25,0.675,1,0.713598941316368
"1370",291.5,0.675,1,0.694859839633834
"1371",291.75,0.675,1,0.613286062446714
"1372",292,0.675,1,0.580753987272182
"1373",280,0.7,1,0.941009968681724
"1374",280.25,0.7,1,0.947259506306209
"1375",280.5,0.7,1,0.953811212321168
"1376",280.75,0.7,1,0.960720583831414
"1377",281,0.7,1,0.967992779553897
"1378",281.25,0.7,1,0.975578263050528
"1379",281.5,0.7,1,0.983462296550488
"1380",281.75,0.7,1,0.991618341240178
"1381",282,0.7,1,0.999976963114443
"1382",282.25,0.7,1,1.00857870192262
"1383",282.5,0.7,1,1.01740462268478
"1384",282.75,0.7,1,1.02633436530328
"1385",283,0.7,1,1.03537281782998
"1386",283.25,0.7,1,1.04449174793134
"1387",283.5,0.7,1,1.05363451377037
"1388",283.75,0.7,1,1.06265567764492
"1389",284,0.7,1,1.07152150453012
"1390",284.25,0.7,1,1.08020475169012
"1391",284.5,0.7,1,1.08859279233692
"1392",284.75,0.7,1,1.09657475167314
"1393",285,0.7,1,1.10401198917228
"1394",285.25,0.7,1,1.11077696044365
"1395",285.5,0.7,1,1.11683236880749
"1396",285.75,0.7,1,1.12205066753159
"1397",286,0.7,1,1.12634898587079
"1398",286.25,0.7,1,1.12904081966881
"1399",286.5,0.7,1,1.1311981509564
"1400",286.75,0.7,1,1.13119727132138
"1401",287,0.7,1,1.12932865435614
"1402",287.25,0.7,1,1.12751868068489
"1403",287.5,0.7,1,1.12227549831129
"1404",287.75,0.7,1,1.11475607325166
"1405",288,0.7,1,1.10427378372442
"1406",288.25,0.7,1,1.09591417069157
"1407",288.5,0.7,1,1.08018659680485
"1408",288.75,0.7,1,1.06705671322264
"1409",289,0.7,1,1.04329774972253
"1410",289.25,0.7,1,1.02426043647168
"1411",289.5,0.7,1,1.00126797287611
"1412",289.75,0.7,1,0.973555527345
"1413",290,0.7,1,0.939229845582123
"1414",290.25,0.7,1,0.894962840314289
"1415",290.5,0.7,1,0.870609672931209
"1416",290.75,0.7,1,0.840102395529003
"1417",291,0.7,1,0.802713257040594
"1418",291.25,0.7,1,0.756733592242266
"1419",291.5,0.7,1,0.698642368502468
"1420",291.75,0.7,1,0.681542979378413
"1421",292,0.7,1,0.600446474640469
"1422",280,0.725,1,0.9435932525604
"1423",280.25,0.725,1,0.949850238741982
"1424",280.5,0.725,1,0.956453574835298
"1425",280.75,0.725,1,0.963441620730673
"1426",281,0.725,1,0.97076094417526
"1427",281.25,0.725,1,0.978406225518943
"1428",281.5,0.725,1,0.986359329090698
"1429",281.75,0.725,1,0.994552954620145
"1430",282,0.725,1,1.00304582628593
"1431",282.25,0.725,1,1.01180266724568
"1432",282.5,0.725,1,1.02072022975159
"1433",282.75,0.725,1,1.02982230958573
"1434",283,0.725,1,1.0390680640876
"1435",283.25,0.725,1,1.04841774866475
"1436",283.5,0.725,1,1.05772139574336
"1437",283.75,0.725,1,1.06706562931334
"1438",284,0.725,1,1.07623262015249
"1439",284.25,0.725,1,1.08523778383142
"1440",284.5,0.725,1,1.09392309222901
"1441",284.75,0.725,1,1.10228014397427
"1442",285,0.725,1,1.11008156930161
"1443",285.25,0.725,1,1.11734113001191
"1444",285.5,0.725,1,1.12388630375404
"1445",285.75,0.725,1,1.12956907674091
"1446",286,0.725,1,1.13406333879596
"1447",286.25,0.725,1,1.13800829066191
"1448",286.5,0.725,1,1.14037582623236
"1449",286.75,0.725,1,1.14137673134386
"1450",287,0.725,1,1.14093404039138
"1451",287.25,0.725,1,1.13768814542317
"1452",287.5,0.725,1,1.13391671469755
"1453",287.75,0.725,1,1.12827457794176
"1454",288,0.725,1,1.12046155545051
"1455",288.25,0.725,1,1.11040716977213
"1456",288.5,0.725,1,1.09789648543673
"1457",288.75,0.725,1,1.08255295101328
"1458",289,0.725,1,1.0635631869532
"1459",289.25,0.725,1,1.03921673627964
"1460",289.5,0.725,1,1.02112971194035
"1461",289.75,0.725,1,0.984120238702878
"1462",290,0.725,1,0.95584417664786
"1463",290.25,0.725,1,0.92055541721447
"1464",290.5,0.725,1,0.903653700332473
"1465",290.75,0.725,1,0.853209145010982
"1466",291,0.725,1,0.824287981522069
"1467",291.25,0.725,1,0.787800207596764
"1468",291.5,0.725,1,0.74264779399426
"1469",291.75,0.725,1,0.68542573169414
"1470",292,0.725,1,0.611114415936014
"1471",280,0.75,1,0.945156449295382
"1472",280.25,0.75,1,0.951370938526099
"1473",280.5,0.75,1,0.95798128978112
"1474",280.75,0.75,1,0.964933820175766
"1475",281,0.75,1,0.972241878849525
"1476",281.25,0.75,1,0.979872917705185
"1477",281.5,0.75,1,0.987786321582064
"1478",281.75,0.75,1,0.996078461648923
"1479",282,0.75,1,1.00457547691117
"1480",282.25,0.75,1,1.01339217624111
"1481",282.5,0.75,1,1.02238160785368
"1482",282.75,0.75,1,1.03159806645112
"1483",283,0.75,1,1.04095919406249
"1484",283.25,0.75,1,1.05036944355332
"1485",283.5,0.75,1,1.05988201300873
"1486",283.75,0.75,1,1.06933593956419
"1487",284,0.75,1,1.07874034472713
"1488",284.25,0.75,1,1.08795221999403
"1489",284.5,0.75,1,1.09690244281962
"1490",284.75,0.75,1,1.10546367065645
"1491",285,0.75,1,1.11371385319108
"1492",285.25,0.75,1,1.12127024406704
"1493",285.5,0.75,1,1.1281855864265
"1494",285.75,0.75,1,1.13430790696088
"1495",286,0.75,1,1.1395513001627
"1496",286.25,0.75,1,1.14368184082949
"1497",286.5,0.75,1,1.14634845396329
"1498",286.75,0.75,1,1.14830391818755
"1499",287,0.75,1,1.14802501270498
"1500",287.25,0.75,1,1.14699064320227
"1501",287.5,0.75,1,1.14340828928451
"1502",287.75,0.75,1,1.13731082613893
"1503",288,0.75,1,1.13125674309763
"1504",288.25,0.75,1,1.12059125856422
"1505",288.5,0.75,1,1.1053208264818
"1506",288.75,0.75,1,1.09271436824871
"1507",289,0.75,1,1.07697418936234
"1508",289.25,0.75,1,1.05764632786483
"1509",289.5,0.75,1,1.0340297462079
"1510",289.75,0.75,1,1.0037303711823
"1511",290,0.75,1,0.983113342291968
"1512",290.25,0.75,1,0.936045926293607
"1513",290.5,0.75,1,0.901146341718928
"1514",290.75,0.75,1,0.887186807191564
"1515",291,0.75,1,0.836659718475171
"1516",291.25,0.75,1,0.809321427220666
"1517",291.5,0.75,1,0.728217989755852
"1518",291.75,0.75,1,0.677847412681342
"1519",292,0.75,1,0.674187023170786
"1520",280,0.775,1,0.945681176070424
"1521",280.25,0.775,1,0.951826233631532
"1522",280.5,0.775,1,0.958326840376357
"1523",280.75,0.775,1,0.965202222340275
"1524",281,0.775,1,0.972405367421811
"1525",281.25,0.775,1,0.979968393462592
"1526",281.5,0.775,1,0.987840978428651
"1527",281.75,0.775,1,0.996053929474896
"1528",282,0.775,1,1.00451656022511
"1529",282.25,0.775,1,1.01330622009495
"1530",282.5,0.775,1,1.02230022616417
"1531",282.75,0.775,1,1.03153142903726
"1532",283,0.775,1,1.04084910082831
"1533",283.25,0.775,1,1.05029525626351
"1534",283.5,0.775,1,1.05985300455146
"1535",283.75,0.775,1,1.06944701721888
"1536",284,0.775,1,1.07894431286794
"1537",284.25,0.775,1,1.08827161440587
"1538",284.5,0.775,1,1.09732143777275
"1539",284.75,0.775,1,1.10622505495391
"1540",285,0.775,1,1.11456957444233
"1541",285.25,0.775,1,1.12242403256842
"1542",285.5,0.775,1,1.12967127551639
"1543",285.75,0.775,1,1.13616521819607
"1544",286,0.775,1,1.14186056451008
"1545",286.25,0.775,1,1.14657899207133
"1546",286.5,0.775,1,1.15026330226292
"1547",286.75,0.775,1,1.15278062217902
"1548",287,0.775,1,1.1540108749651
"1549",287.25,0.775,1,1.1538126590626
"1550",287.5,0.775,1,1.15086518326067
"1551",287.75,0.775,1,1.14703018607573
"1552",288,0.775,1,1.140773791947
"1553",288.25,0.775,1,1.13187600159732
"1554",288.5,0.775,1,1.12011443026497
"1555",288.75,0.775,1,1.10484337680596
"1556",289,0.775,1,1.08502402540209
"1557",289.25,0.775,1,1.06942098112141
"1558",289.5,0.775,1,1.03905657676739
"1559",289.75,0.775,1,1.01450462214796
"1560",290,0.775,1,0.982941131017581
"1561",290.25,0.775,1,0.964761590425087
"1562",290.5,0.775,1,0.916077144070122
"1563",290.75,0.775,1,0.882514313050396
"1564",291,0.775,1,0.8384473077632
"1565",291.25,0.775,1,0.821729283289728
"1566",291.5,0.775,1,0.753091995704491
"1567",291.75,0.775,1,0.716441394498252
"1568",292,0.775,1,0.667651997683475
"1569",280,0.8,1,0.945123049488516
"1570",280.25,0.8,1,0.951101414368949
"1571",280.5,0.8,1,0.957439201708683
"1572",280.75,0.8,1,0.964112648894147
"1573",281,0.8,1,0.971138093181438
"1574",281.25,0.8,1,0.978536373341306
"1575",281.5,0.8,1,0.986284980080643
"1576",281.75,0.8,1,0.994302070086423
"1577",282,0.8,1,1.00268246582152
"1578",282.25,0.8,1,1.01131226771472
"1579",282.5,0.8,1,1.02020523530972
"1580",282.75,0.8,1,1.02930309662812
"1581",283,0.8,1,1.03858551648262
"1582",283.25,0.8,1,1.04796601615362
"1583",283.5,0.8,1,1.05748184993429
"1584",283.75,0.8,1,1.06712915379671
"1585",284,0.8,1,1.07660285001173
"1586",284.25,0.8,1,1.08589857559959
"1587",284.5,0.8,1,1.09519180585809
"1588",284.75,0.8,1,1.10399722606422
"1589",285,0.8,1,1.11260747235265
"1590",285.25,0.8,1,1.12067127614854
"1591",285.5,0.8,1,1.12822240864216
"1592",285.75,0.8,1,1.13524944754368
"1593",286,0.8,1,1.14184008994204
"1594",286.25,0.8,1,1.14805022022639
"1595",286.5,0.8,1,1.15401156232366
"1596",286.75,0.8,1,1.15932777649175
"1597",287,0.8,1,1.16409176402159
"1598",287.25,0.8,1,1.16663117001014
"1599",287.5,0.8,1,1.16623131123646
"1600",287.75,0.8,1,1.1645410741635
"1601",288,0.8,1,1.15896535254737
"1602",288.25,0.8,1,1.14941023845302
"1603",288.5,0.8,1,1.13978695885573
"1604",288.75,0.8,1,1.12189618367691
"1605",289,0.8,1,1.10464481291773
"1606",289.25,0.8,1,1.08238328316822
"1607",289.5,0.8,1,1.0542819035064
"1608",289.75,0.8,1,1.03399012703257
"1609",290,0.8,1,0.993228768637327
"1610",290.25,0.8,1,0.96151345423431
"1611",290.5,0.8,1,0.94574509721033
"1612",290.75,0.8,1,0.897379166461314
"1613",291,0.8,1,0.865974292741663
"1614",291.25,0.8,1,0.823754383903057
"1615",291.5,0.8,1,0.76632671765575
"1616",291.75,0.8,1,0.74248538957569
"1617",292,0.8,1,0.70746810910436
"1618",280,0.825,1,0.943257322571985
"1619",280.25,0.825,1,0.948949699347873
"1620",280.5,0.825,1,0.954990791063396
"1621",280.75,0.825,1,0.961406494879646
"1622",281,0.825,1,0.968161145137421
"1623",281.25,0.825,1,0.975287443841981
"1624",281.5,0.825,1,0.982759572588927
"1625",281.75,0.825,1,0.990549985134892
"1626",282,0.825,1,0.998671950170775
"1627",282.25,0.825,1,1.00705351661825
"1628",282.5,0.825,1,1.01573034309256
"1629",282.75,0.825,1,1.02463384675688
"1630",283,0.825,1,1.0336650635418
"1631",283.25,0.825,1,1.04290098313739
"1632",283.5,0.825,1,1.05237964472694
"1633",283.75,0.825,1,1.06173359353007
"1634",284,0.825,1,1.07111544968196
"1635",284.25,0.825,1,1.08050675739959
"1636",284.5,0.825,1,1.08966270647128
"1637",284.75,0.825,1,1.09866050491566
"1638",285,0.825,1,1.10737447157169
"1639",285.25,0.825,1,1.11592206651914
"1640",285.5,0.825,1,1.12452753250289
"1641",285.75,0.825,1,1.13363681444296
"1642",286,0.825,1,1.14359315477706
"1643",286.25,0.825,1,1.15374881170346
"1644",286.5,0.825,1,1.16197552131337
"1645",286.75,0.825,1,1.16741247185116
"1646",287,0.825,1,1.17011875410794
"1647",287.25,0.825,1,1.17032502272848
"1648",287.5,0.825,1,1.16917543275393
"1649",287.75,0.825,1,1.16606126760968
"1650",288,0.825,1,1.15896958887607
"1651",288.25,0.825,1,1.15172882703622
"1652",288.5,0.825,1,1.14191487902618
"1653",288.75,0.825,1,1.12879980095543
"1654",289,0.825,1,1.11127064722195
"1655",289.25,0.825,1,1.09735804292527
"1656",289.5,0.825,1,1.07835872751271
"1657",289.75,0.825,1,1.04040258589892
"1658",290,0.825,1,1.02051509359504
"1659",290.25,0.825,1,0.974944360432006
"1660",290.5,0.825,1,0.942183155087736
"1661",290.75,0.825,1,0.901059984563687
"1662",291,0.825,1,0.880898699704962
"1663",291.25,0.825,1,0.813279512355765
"1664",291.5,0.825,1,0.767686725234675
"1665",291.75,0.825,1,0.756932360018192
"1666",292,0.825,1,0.679929144314171
"1667",280,0.85,1,0.939826070356871
"1668",280.25,0.85,1,0.945136991829601
"1669",280.5,0.85,1,0.950799403409975
"1670",280.75,0.85,1,0.956841326459557
"1671",281,0.85,1,0.963213214841653
"1672",281.25,0.85,1,0.969969505028819
"1673",281.5,0.85,1,0.976997804083924
"1674",281.75,0.85,1,0.98443198364621
"1675",282,0.85,1,0.992166958170602
"1676",282.25,0.85,1,1.00016718452562
"1677",282.5,0.85,1,1.00846154385009
"1678",282.75,0.85,1,1.01705881340261
"1679",283,0.85,1,1.02571262616079
"1680",283.25,0.85,1,1.03461693516096
"1681",283.5,0.85,1,1.04375234210657
"1682",283.75,0.85,1,1.05280144559537
"1683",284,0.85,1,1.06204618547692
"1684",284.25,0.85,1,1.0711561862181
"1685",284.5,0.85,1,1.0804023379954
"1686",284.75,0.85,1,1.08953784659095
"1687",285,0.85,1,1.09907224058261
"1688",285.25,0.85,1,1.10969765792326
"1689",285.5,0.85,1,1.12193982145849
"1690",285.75,0.85,1,1.13411878922503
"1691",286,0.85,1,1.14347163238172
"1692",286.25,0.85,1,1.15008932603921
"1693",286.5,0.85,1,1.15479023498909
"1694",286.75,0.85,1,1.1580826102005
"1695",287,0.85,1,1.15990752327246
"1696",287.25,0.85,1,1.15992220586578
"1697",287.5,0.85,1,1.15824232652321
"1698",287.75,0.85,1,1.15599593052325
"1699",288,0.85,1,1.15103592194871
"1700",288.25,0.85,1,1.14392176078064
"1701",288.5,0.85,1,1.13383472331395
"1702",288.75,0.85,1,1.11865830777128
"1703",289,0.85,1,1.10661812809937
"1704",289.25,0.85,1,1.09033332590037
"1705",289.5,0.85,1,1.06852109533694
"1706",289.75,0.85,1,1.05239832275882
"1707",290,0.85,1,1.01509949128012
"1708",290.25,0.85,1,0.982200058127229
"1709",290.5,0.85,1,0.960507681934299
"1710",290.75,0.85,1,0.926906251386085
"1711",291,0.85,1,0.885628563437574
"1712",291.25,0.85,1,0.831454595517348
"1713",291.5,0.85,1,0.802366466146839
"1714",291.75,0.85,1,0.759432160865768
"1715",292,0.85,1,0.697705253020292
"1716",280,0.875,1,0.934627864393132
"1717",280.25,0.875,1,0.939425389930623
"1718",280.5,0.875,1,0.944610750876447
"1719",280.75,0.875,1,0.950100095307808
"1720",281,0.875,1,0.955979073043162
"1721",281.25,0.875,1,0.962160908320124
"1722",281.5,0.875,1,0.968680469585057
"1723",281.75,0.875,1,0.975558879437868
"1724",282,0.875,1,0.982727199911022
"1725",282.25,0.875,1,0.99018251317435
"1726",282.5,0.875,1,0.997949114836436
"1727",282.75,0.875,1,1.00598124307892
"1728",283,0.875,1,1.01408467604013
"1729",283.25,0.875,1,1.0225959488154
"1730",283.5,0.875,1,1.03102190663021
"1731",283.75,0.875,1,1.03979173701485
"1732",284,0.875,1,1.04850943540836
"1733",284.25,0.875,1,1.05748325946145
"1734",284.5,0.875,1,1.06675196039121
"1735",284.75,0.875,1,1.07723558762087
"1736",285,0.875,1,1.0896596063734
"1737",285.25,0.875,1,1.1026617462982
"1738",285.5,0.875,1,1.11299798763408
"1739",285.75,0.875,1,1.12106302356211
"1740",286,0.875,1,1.12759078644769
"1741",286.25,0.875,1,1.13323513223289
"1742",286.5,0.875,1,1.13764946256448
"1743",286.75,0.875,1,1.14072683591819
"1744",287,0.875,1,1.14266797576668
"1745",287.25,0.875,1,1.14305505256534
"1746",287.5,0.875,1,1.14196203526294
"1747",287.75,0.875,1,1.13910825189626
"1748",288,0.875,1,1.13330721406322
"1749",288.25,0.875,1,1.1278931393181
"1750",288.5,0.875,1,1.11548875765851
"1751",288.75,0.875,1,1.10525172282142
"1752",289,0.875,1,1.09049272766293
"1753",289.25,0.875,1,1.0800122068524
"1754",289.5,0.875,1,1.05534479327828
"1755",289.75,0.875,1,1.03464840312801
"1756",290,0.875,1,1.00494764144105
"1757",290.25,0.875,1,0.985693478244892
"1758",290.5,0.875,1,0.956734694908645
"1759",290.75,0.875,1,0.913804017654902
"1760",291,0.875,1,0.884858891262549
"1761",291.25,0.875,1,0.839071000331708
"1762",291.5,0.875,1,0.777897521837142
"1763",291.75,0.875,1,0.74834780751646
"1764",292,0.875,1,0.701814669733011
"1765",280,0.9,1,0.927333477353538
"1766",280.25,0.9,1,0.931526836528648
"1767",280.5,0.9,1,0.935998127507144
"1768",280.75,0.9,1,0.940836786018616
"1769",281,0.9,1,0.945991904799192
"1770",281.25,0.9,1,0.951449850136888
"1771",281.5,0.9,1,0.957258450317473
"1772",281.75,0.9,1,0.963391860056023
"1773",282,0.9,1,0.969790814741365
"1774",282.25,0.9,1,0.976474125795509
"1775",282.5,0.9,1,0.983465175421124
"1776",282.75,0.9,1,0.990662548466479
"1777",283,0.9,1,0.998099517723443
"1778",283.25,0.9,1,1.00577627846689
"1779",283.5,0.9,1,1.01363147728251
"1780",283.75,0.9,1,1.02162095736555
"1781",284,0.9,1,1.0300295920731
"1782",284.25,0.9,1,1.03907961236655
"1783",284.5,0.9,1,1.04987589327487
"1784",284.75,0.9,1,1.06240364121984
"1785",285,0.9,1,1.07322352997738
"1786",285.25,0.9,1,1.08187664770196
"1787",285.5,0.9,1,1.08934292368872
"1788",285.75,0.9,1,1.09621110409095
"1789",286,0.9,1,1.10231818169032
"1790",286.25,0.9,1,1.10786180402334
"1791",286.5,0.9,1,1.11237876584714
"1792",286.75,0.9,1,1.11579331218697
"1793",287,0.9,1,1.11778215475184
"1794",287.25,0.9,1,1.11814644768226
"1795",287.5,0.9,1,1.11672645521592
"1796",287.75,0.9,1,1.11430771360244
"1797",288,0.9,1,1.11007735735588
"1798",288.25,0.9,1,1.10396928201706
"1799",288.5,0.9,1,1.09590854669039
"1800",288.75,0.9,1,1.08560534079211
"1801",289,0.9,1,1.07075772765322
"1802",289.25,0.9,1,1.05805144545257
"1803",289.5,0.9,1,1.04085984498968
"1804",289.75,0.9,1,1.01645202501139
"1805",290,0.9,1,0.998374678902059
"1806",290.25,0.9,1,0.971933917465855
"1807",290.5,0.9,1,0.931233491745393
"1808",290.75,0.9,1,0.90313170372297
"1809",291,0.9,1,0.85847893624823
"1810",291.25,0.9,1,0.834128733783108
"1811",291.5,0.9,1,0.789040608267249
"1812",291.75,0.9,1,0.721583507332372
"1813",292,0.9,1,0.690511837943454
"1814",280,0.925,1,0.917550004070437
"1815",280.25,0.925,1,0.920843617974536
"1816",280.5,0.925,1,0.924463104856011
"1817",280.75,0.925,1,0.928393758868401
"1818",281,0.925,1,0.932586868297159
"1819",281.25,0.925,1,0.937079184708206
"1820",281.5,0.925,1,0.941895900532422
"1821",281.75,0.925,1,0.947004142024862
"1822",282,0.925,1,0.952382386922377
"1823",282.25,0.925,1,0.958017539887124
"1824",282.5,0.925,1,0.963933097475106
"1825",282.75,0.925,1,0.969997140740445
"1826",283,0.925,1,0.976430360869494
"1827",283.25,0.925,1,0.983009844152746
"1828",283.5,0.925,1,0.989803018878424
"1829",283.75,0.925,1,0.997147084259609
"1830",284,0.925,1,1.00541466878811
"1831",284.25,0.925,1,1.01551919571323
"1832",284.5,0.925,1,1.02617711495091
"1833",284.75,0.925,1,1.03480485274781
"1834",285,0.925,1,1.04195153294237
"1835",285.25,0.925,1,1.04887257136847
"1836",285.5,0.925,1,1.05530408698956
"1837",285.75,0.925,1,1.06138320915058
"1838",286,0.925,1,1.06702048010049
"1839",286.25,0.925,1,1.07204105617459
"1840",286.5,0.925,1,1.07625868442027
"1841",286.75,0.925,1,1.07967126786618
"1842",287,0.925,1,1.08194393098651
"1843",287.25,0.925,1,1.08285675505661
"1844",287.5,0.925,1,1.08193144759343
"1845",287.75,0.925,1,1.07939945165464
"1846",288,0.925,1,1.0751378625489
"1847",288.25,0.925,1,1.0691846226032
"1848",288.5,0.925,1,1.06008159377274
"1849",288.75,0.925,1,1.05190100440636
"1850",289,0.925,1,1.03422430573693
"1851",289.25,0.925,1,1.01874659465519
"1852",289.5,0.925,1,1.00988621332011
"1853",289.75,0.925,1,0.978869426263304
"1854",290,0.925,1,0.952715394404581
"1855",290.25,0.925,1,0.940015426255536
"1856",290.5,0.925,1,0.914401321292011
"1857",290.75,0.925,1,0.871022598671307
"1858",291,0.925,1,0.845278173636938
"1859",291.25,0.925,1,0.798669991978176
"1860",291.5,0.925,1,0.777950589445281
"1861",291.75,0.925,1,0.734372326366519
"1862",292,0.925,1,0.661154175367525
"1863",280,0.95,1,0.904429670387635
"1864",280.25,0.95,1,0.90660057333619
"1865",280.5,0.95,1,0.909042693664868
"1866",280.75,0.95,1,0.911677264360038
"1867",281,0.95,1,0.914573434703358
"1868",281.25,0.95,1,0.917751051591494
"1869",281.5,0.95,1,0.921193576355466
"1870",281.75,0.95,1,0.924882379323267
"1871",282,0.95,1,0.928804453570631
"1872",282.25,0.95,1,0.932971204713919
"1873",282.5,0.95,1,0.937363254370314
"1874",282.75,0.95,1,0.941990984307626
"1875",283,0.95,1,0.946790778242608
"1876",283.25,0.95,1,0.951939431751186
"1877",283.5,0.95,1,0.957547822166349
"1878",283.75,0.95,1,0.964043038358773
"1879",284,0.95,1,0.972200886637002
"1880",284.25,0.95,1,0.979909885734561
"1881",284.5,0.95,1,0.986052103835223
"1882",284.75,0.95,1,0.991824774706755
"1883",285,0.95,1,0.997314764603494
"1884",285.25,0.95,1,1.00281739210189
"1885",285.5,0.95,1,1.00796126063775
"1886",285.75,0.95,1,1.01282464789297
"1887",286,0.95,1,1.01725433020717
"1888",286.25,0.95,1,1.02131659613108
"1889",286.5,0.95,1,1.02495385303747
"1890",286.75,0.95,1,1.0278676911997
"1891",287,0.95,1,1.03004408747449
"1892",287.25,0.95,1,1.0316356046154
"1893",287.5,0.95,1,1.03238403606341
"1894",287.75,0.95,1,1.03158993720264
"1895",288,0.95,1,1.02816969039783
"1896",288.25,0.95,1,1.02271826887307
"1897",288.5,0.95,1,1.0101894313941
"1898",288.75,0.95,1,1.00417694677783
"1899",289,0.95,1,0.991975026855506
"1900",289.25,0.95,1,0.969850127530202
"1901",289.5,0.95,1,0.959726777107957
"1902",289.75,0.95,1,0.938291292652208
"1903",290,0.95,1,0.900428987317687
"1904",290.25,0.95,1,0.877355976955355
"1905",290.5,0.95,1,0.872933718591381
"1906",290.75,0.95,1,0.850313461068388
"1907",291,0.95,1,0.806264616774357
"1908",291.25,0.95,1,0.783938733516867
"1909",291.5,0.95,1,0.735405672744692
"1910",291.75,0.95,1,0.718443041616409
"1911",292,0.95,1,0.674256187214407
"1912",280,0.975,1,0.886601718740549
"1913",280.25,0.975,1,0.887126423703301
"1914",280.5,0.975,1,0.887787230595102
"1915",280.75,0.975,1,0.888619268754776
"1916",281,0.975,1,0.889640585422703
"1917",281.25,0.975,1,0.89084217644329
"1918",281.5,0.975,1,0.892219071147989
"1919",281.75,0.975,1,0.893778059374664
"1920",282,0.975,1,0.895511077845763
"1921",282.25,0.975,1,0.897409143424477
"1922",282.5,0.975,1,0.899483765087544
"1923",282.75,0.975,1,0.901746723629368
"1924",283,0.975,1,0.904251722017395
"1925",283.25,0.975,1,0.907028802053568
"1926",283.5,0.975,1,0.910628822910759
"1927",283.75,0.975,1,0.915168259773837
"1928",284,0.975,1,0.919022643283143
"1929",284.25,0.975,1,0.92231998481258
"1930",284.5,0.975,1,0.925494174464238
"1931",284.75,0.975,1,0.928610222436924
"1932",285,0.975,1,0.931616093426237
"1933",285.25,0.975,1,0.934551250317421
"1934",285.5,0.975,1,0.937505482481635
"1935",285.75,0.975,1,0.940292520866152
"1936",286,0.975,1,0.942843283348732
"1937",286.25,0.975,1,0.945180152509952
"1938",286.5,0.975,1,0.947405651076671
"1939",286.75,0.975,1,0.949858830823207
"1940",287,0.975,1,0.952136701502798
"1941",287.25,0.975,1,0.953170208113211
"1942",287.5,0.975,1,0.95296002605036
"1943",287.75,0.975,1,0.951523357509362
"1944",288,0.975,1,0.948713078314889
"1945",288.25,0.975,1,0.943101788874524
"1946",288.5,0.975,1,0.930850889637126
"1947",288.75,0.975,1,0.922539751597421
"1948",289,0.975,1,0.902853048588708
"1949",289.25,0.975,1,0.901892790880155
"1950",289.5,0.975,1,0.88794134573329
"1951",289.75,0.975,1,0.857610757148696
"1952",290,0.975,1,0.843877619834032
"1953",290.25,0.975,1,0.802673718417081
"1954",290.5,0.975,1,0.787045537936921
"1955",290.75,0.975,1,0.739512996713668
"1956",291,0.975,1,0.720335445127855
"1957",291.25,0.975,1,0.666567608144863
"1958",291.5,0.975,1,0.644157529712576
"1959",291.75,0.975,1,0.666166053386064
"1960",292,0.975,1,0.568942578842299
"1961",280,1,1,0.86053980369368
"1962",280.25,1,1,0.858277264196737
"1963",280.5,1,1,0.855985295054251
"1964",280.75,1,1,0.853663678203843
"1965",281,1,1,0.851312198155397
"1966",281.25,1,1,0.848930642131601
"1967",281.5,1,1,0.846518800211142
"1968",281.75,1,1,0.844076465474561
"1969",282,1,1,0.841603434152744
"1970",282.25,1,1,0.839099505778047
"1971",282.5,1,1,0.836564483338035
"1972",282.75,1,1,0.833998173431827
"1973",283,1,1,0.831400386429013
"1974",283.25,1,1,0.828770936631138
"1975",283.5,1,1,0.826109642435708
"1976",283.75,1,1,0.823416326502704
"1977",284,1,1,0.820690815923571
"1978",284.25,1,1,0.817932942392629
"1979",284.5,1,1,0.815142542380891
"1980",284.75,1,1,0.812319457312232
"1981",285,1,1,0.809463533741859
"1982",285.25,1,1,0.806574623537042
"1983",285.5,1,1,0.803652584060049
"1984",285.75,1,1,0.800697278353217
"1985",286,1,1,0.797708575326116
"1986",286.25,1,1,0.794686349944718
"1987",286.5,1,1,0.791630483422515
"1988",286.75,1,1,0.788540863413508
"1989",287,1,1,0.785417384206985
"1990",287.25,1,1,0.782259946923998
"1991",287.5,1,1,0.779068459715464
"1992",287.75,1,1,0.775842837961782
"1993",288,1,1,0.77258300447388
"1994",288.25,1,1,0.76928888969557
"1995",288.5,1,1,0.76378281181008
"1996",288.75,1,1,0.754816324016206
"1997",289,1,1,0.708505972450682
"1998",289.25,1,1,0.726309260959264
"1999",289.5,1,1,0.680204601761099
"2000",289.75,1,1,0.704475136504528
"2001",290,1,1,0.669798552889866
"2002",290.25,1,1,0.393086653524594
"2003",290.5,1,1,0.276866572086272
"2004",290.75,1,1,0.386891399752417
"2005",291,1,1,0.250357881348729
"2006",291.25,1,1,0.303125940805601
"2007",291.5,1,1,0.493321659671051
"2008",291.75,1,1,0.498311014753313
"2009",292,1,1,0.37786909795044
