"T","kappa","Y","Lambda"
"1",275,0.1,1,0.000149153258851182
"2",276,0.1,1,0.000149152367247067
"3",277,0.1,1,0.000149151394005767
"4",278,0.1,1,0.000149150346540806
"5",279,0.1,1,0.000149149243948092
"6",280,0.1,1,0.000149148123529126
"7",281,0.1,1,0.000149147048886303
"8",282,0.1,1,0.000149146117887856
"9",283,0.1,1,0.000149145466212071
"10",284,0.1,1,0.000149145259008835
"11",285,0.1,1,0.000149145662321796
"12",286,0.1,1,0.000149146792634734
"13",287,0.1,1,0.000149148660014292
"14",288,0.1,1,0.000149151137794866
"15",289,0.1,1,0.000149153987041322
"16",290,0.1,1,0.00014915692916701
"17",291,0.1,1,0.000149159725084823
"18",275,0.15,1,0.000149145446975909
"19",276,0.15,1,0.000149143286797099
"20",277,0.15,1,0.000149140787337163
"21",278,0.15,1,0.000149137904691659
"22",279,0.15,1,0.000149134608488164
"23",280,0.15,1,0.00014913090382315
"24",281,0.15,1,0.000149126869202644
"25",282,0.15,1,0.000149122713728088
"26",283,0.15,1,0.000149118844969885
"27",284,0.15,1,0.000149115909880627
"28",285,0.15,1,0.000149114730477744
"29",286,0.15,1,0.000149116053612747
"30",287,0.15,1,0.000149120155955302
"31",288,0.15,1,0.000149126565587392
"32",289,0.15,1,0.000149134197772218
"33",290,0.15,1,0.000149141853831439
"34",291,0.15,1,0.000149148682128735
"35",275,0.2,1,0.0895641947540122
"36",276,0.2,1,0.0894874359739248
"37",277,0.2,1,0.0893883479557762
"38",278,0.2,1,0.0892646376696625
"39",279,0.2,1,0.0891175665307061
"40",280,0.2,1,0.0889562532013878
"41",281,0.2,1,0.0888043679713439
"42",282,0.2,1,0.0887078565741423
"43",283,0.2,1,0.08873736716951
"44",284,0.2,1,0.0889708363482998
"45",285,0.2,1,0.089438473851995
"46",286,0.2,1,0.000149026062024504
"47",287,0.2,1,0.000149036541110304
"48",288,0.2,1,0.000149057924672317
"49",289,0.2,1,0.000149083846604297
"50",290,0.2,1,0.00014910789823699
"51",291,0.2,1,0.000149126874052504
"52",275,0.25,1,0.210121537185842
"53",276,0.25,1,0.21104965262689
"54",277,0.25,1,0.212019731969464
"55",278,0.25,1,0.212897358984005
"56",279,0.25,1,0.32714767168156
"57",280,0.25,1,0.328253113302726
"58",281,0.25,1,0.329218805444638
"59",282,0.25,1,0.330077437165607
"60",283,0.25,1,0.212673327257056
"61",284,0.25,1,0.213393050980158
"62",285,0.25,1,0.214044272351567
"63",286,0.25,1,0.0836455422164298
"64",287,0.25,1,0.0864382486837692
"65",288,0.25,1,0.0891229301797771
"66",289,0.25,1,0.000148890574262123
"67",290,0.25,1,0.000149002564029106
"68",291,0.25,1,0.000149072624057029
"69",275,0.3,1,0.421592772454408
"70",276,0.3,1,0.42198534008847
"71",277,0.3,1,0.421566294555876
"72",278,0.3,1,0.498235052539899
"73",279,0.3,1,0.497096351677113
"74",280,0.3,1,0.494519322871127
"75",281,0.3,1,0.491272619436189
"76",282,0.3,1,0.489778028283625
"77",283,0.3,1,0.493984602346478
"78",284,0.3,1,0.50620551358852
"79",285,0.3,1,0.421017054165185
"80",286,0.3,1,0.318519854483937
"81",287,0.3,1,0.200332641322587
"82",288,0.3,1,0.214035708320177
"83",289,0.3,1,0.0856782098903351
"84",290,0.3,1,0.000148430755038748
"85",291,0.3,1,0.00014887609529164
"86",275,0.35,1,0.547581742685584
"87",276,0.35,1,0.588613256796818
"88",277,0.35,1,0.619241378062225
"89",278,0.35,1,0.613754439946289
"90",279,0.35,1,0.603211668560371
"91",280,0.35,1,0.6298241271839
"92",281,0.35,1,0.621172587696692
"93",282,0.35,1,0.617698543221619
"94",283,0.35,1,0.627537697682053
"95",284,0.35,1,0.589196020640777
"96",285,0.35,1,0.557048509790658
"97",286,0.35,1,0.535608368703949
"98",287,0.35,1,0.509773774696397
"99",288,0.35,1,0.313214128005857
"100",289,0.35,1,0.206574857668415
"101",290,0.35,1,0.081776128451106
"102",291,0.35,1,0.0001474804776759
"103",275,0.4,1,0.647482983036348
"104",276,0.4,1,0.654340434632083
"105",277,0.4,1,0.657355120076381
"106",278,0.4,1,0.642187652248915
"107",279,0.4,1,0.643901352232259
"108",280,0.4,1,0.651463866579815
"109",281,0.4,1,0.639494039526654
"110",282,0.4,1,0.636252287935819
"111",283,0.4,1,0.60336887313948
"112",284,0.4,1,0.647007257454735
"113",285,0.4,1,0.600948084579357
"114",286,0.4,1,0.557735659860498
"115",287,0.4,1,0.62113968735249
"116",288,0.4,1,0.420092397552529
"117",289,0.4,1,0.438504856322612
"118",290,0.4,1,0.199621627159961
"119",291,0.4,1,0.081243188484766
"120",275,0.45,1,0.658826929051345
"121",276,0.45,1,0.663692674556866
"122",277,0.45,1,0.660328577874678
"123",278,0.45,1,0.656727956925209
"124",279,0.45,1,0.654596207980174
"125",280,0.45,1,0.657396829469864
"126",281,0.45,1,0.644851025266899
"127",282,0.45,1,0.647570584033129
"128",283,0.45,1,0.671576088386411
"129",284,0.45,1,0.676100097189772
"130",285,0.45,1,0.746582984267608
"131",286,0.45,1,0.789380352883884
"132",287,0.45,1,0.774331802384753
"133",288,0.45,1,0.72198119497145
"134",289,0.45,1,0.561087366442605
"135",290,0.45,1,0.446661363211962
"136",291,0.45,1,0.20615475285632
"137",275,0.5,1,0.666820879778992
"138",276,0.5,1,0.660624716061773
"139",277,0.5,1,0.663060886714724
"140",278,0.5,1,0.654760875644639
"141",279,0.5,1,0.663279959004491
"142",280,0.5,1,0.663298062794187
"143",281,0.5,1,0.674332693670275
"144",282,0.5,1,0.69250767415936
"145",283,0.5,1,0.761777978501194
"146",284,0.5,1,0.996622155502692
"147",285,0.5,1,1.46986803321456
"148",286,0.5,1,1.84301990010072
"149",287,0.5,1,1.98669537364202
"150",288,0.5,1,1.84925764732099
"151",289,0.5,1,1.15618845324665
"152",290,0.5,1,0.650827805718439
"153",291,0.5,1,0.318811404558064
"154",275,0.55,1,0.669001081706511
"155",276,0.55,1,0.668182842807464
"156",277,0.55,1,0.667565487758342
"157",278,0.55,1,0.668197333045015
"158",279,0.55,1,0.672194894217307
"159",280,0.55,1,0.682035240187726
"160",281,0.55,1,0.698630978803509
"161",282,0.55,1,0.809426938949197
"162",283,0.55,1,1.26530295751715
"163",284,0.55,1,1.70518985718899
"164",285,0.55,1,1.896358760119
"165",286,0.55,1,2.05354431430128
"166",287,0.55,1,2.1822082156531
"167",288,0.55,1,2.26187375702067
"168",289,0.55,1,2.26552458295769
"169",290,0.55,1,1.81293857916973
"170",291,0.55,1,0.62686220591465
"171",275,0.6,1,0.672926969953893
"172",276,0.6,1,0.675134480736445
"173",277,0.6,1,0.67363020636569
"174",278,0.6,1,0.677687816746198
"175",279,0.6,1,0.681426795732347
"176",280,0.6,1,0.698626770953024
"177",281,0.6,1,0.803031263510013
"178",282,0.6,1,1.28025033496175
"179",283,0.6,1,1.57330216063102
"180",284,0.6,1,1.75312294606078
"181",285,0.6,1,1.93010850523339
"182",286,0.6,1,2.09869505139484
"183",287,0.6,1,2.23736031817026
"184",288,0.6,1,2.33159155977899
"185",289,0.6,1,2.35610678440258
"186",290,0.6,1,2.28483227623825
"187",291,0.6,1,1.87516013892146
"188",275,0.65,1,0.677198041408637
"189",276,0.65,1,0.677818340530022
"190",277,0.65,1,0.680163257501857
"191",278,0.65,1,0.682293712656253
"192",279,0.65,1,0.691323782317039
"193",280,0.65,1,0.760468612030172
"194",281,0.65,1,1.15517516179808
"195",282,0.65,1,1.41624589007571
"196",283,0.65,1,1.5871392236234
"197",284,0.65,1,1.76446253577397
"198",285,0.65,1,1.94526578221655
"199",286,0.65,1,2.11979618921141
"200",287,0.65,1,2.26645626314003
"201",288,0.65,1,2.36902749632517
"202",289,0.65,1,2.40920903569209
"203",290,0.65,1,2.35977532375805
"204",291,0.65,1,2.20053166766363
"205",275,0.7,1,0.680249053541984
"206",276,0.7,1,0.680438240644403
"207",277,0.7,1,0.681201884889911
"208",278,0.7,1,0.685599775151886
"209",279,0.7,1,0.719467377592822
"210",280,0.7,1,0.980379123128393
"211",281,0.7,1,1.26424638853743
"212",282,0.7,1,1.41703755942378
"213",283,0.7,1,1.58148264545619
"214",284,0.7,1,1.75835835078272
"215",285,0.7,1,1.93971524087273
"216",286,0.7,1,2.11315848742957
"217",287,0.7,1,2.26351783104896
"218",288,0.7,1,2.3746928855433
"219",289,0.7,1,2.42525407728136
"220",290,0.7,1,2.3950454491093
"221",291,0.7,1,2.26343525871108
"222",275,0.75,1,0.680305517146911
"223",276,0.75,1,0.6806207977531
"224",277,0.75,1,0.682419538986479
"225",278,0.75,1,0.695681816281557
"226",279,0.75,1,0.817586094871259
"227",280,0.75,1,1.12122616504655
"228",281,0.75,1,1.25162462012912
"229",282,0.75,1,1.39931915084775
"230",283,0.75,1,1.56166739971677
"231",284,0.75,1,1.73469189836659
"232",285,0.75,1,1.91085591076931
"233",286,0.75,1,2.08123703137967
"234",287,0.75,1,2.23035147087247
"235",288,0.75,1,2.34275253161206
"236",289,0.75,1,2.40294688740699
"237",290,0.75,1,2.38710904303948
"238",291,0.75,1,2.27714892862037
"239",275,0.8,1,0.680356206830936
"240",276,0.8,1,0.680990477782462
"241",277,0.8,1,0.685451876108371
"242",278,0.8,1,0.727058684401341
"243",279,0.8,1,0.968412554022252
"244",280,0.8,1,1.10588803035006
"245",281,0.8,1,1.2300850704509
"246",282,0.8,1,1.36794506849652
"247",283,0.8,1,1.5224962672253
"248",284,0.8,1,1.68833342302331
"249",285,0.8,1,1.85742326521403
"250",286,0.8,1,2.01988407063546
"251",287,0.8,1,2.1647780169644
"252",288,0.8,1,2.27807319383646
"253",289,0.8,1,2.33868808242561
"254",290,0.8,1,2.33251348081299
"255",291,0.8,1,2.24314639194794
"256",275,0.85,1,0.680449348974177
"257",276,0.85,1,0.681815465660497
"258",277,0.85,1,0.693681582785425
"259",278,0.85,1,0.803871467348743
"260",279,0.85,1,0.980523157686719
"261",280,0.85,1,1.07526298760962
"262",281,0.85,1,1.19168427148347
"263",282,0.85,1,1.32116984001679
"264",283,0.85,1,1.46498562196003
"265",284,0.85,1,1.62017072006686
"266",285,0.85,1,1.77795272028644
"267",286,0.85,1,1.93015088999307
"268",287,0.85,1,2.06847487554125
"269",288,0.85,1,2.17637043532271
"270",289,0.85,1,2.23644787551036
"271",290,0.85,1,2.23131662132853
"272",291,0.85,1,2.15262996314295
"273",275,0.9,1,0.680631220066922
"274",276,0.9,1,0.683571528491018
"275",277,0.9,1,0.713888247295795
"276",278,0.9,1,0.862700509812051
"277",279,0.9,1,0.948664258893942
"278",280,0.9,1,1.03590490724856
"279",281,0.9,1,1.13819398121752
"280",282,0.9,1,1.25587952876216
"281",283,0.9,1,1.38733580793798
"282",284,0.9,1,1.52713236356713
"283",285,0.9,1,1.66992934495496
"284",286,0.9,1,1.81080847513236
"285",287,0.9,1,1.93810423220201
"286",288,0.9,1,2.03640137734783
"287",289,0.9,1,2.08864676756528
"288",290,0.9,1,2.07965271408352
"289",291,0.9,1,2.00359155158425
"290",275,0.95,1,0.680992710166929
"291",276,0.95,1,0.687818112368137
"292",277,0.95,1,0.749562763845836
"293",278,0.95,1,0.845422929923936
"294",279,0.95,1,0.905153015106132
"295",280,0.95,1,0.98154890241354
"296",281,0.95,1,1.06952667302063
"297",282,0.95,1,1.17033904083314
"298",283,0.95,1,1.28491969097766
"299",284,0.95,1,1.4079978119077
"300",285,0.95,1,1.53342550553108
"301",286,0.95,1,1.65780076924477
"302",287,0.95,1,1.76977602745775
"303",288,0.95,1,1.85802675346478
"304",289,0.95,1,1.8888338098881
"305",290,0.95,1,1.86050250811081
"306",291,0.95,1,1.77306290360049
"307",275,1,1,0.681599638357038
"308",276,1,1,0.695551802315642
"309",277,1,1,0.7630581750702
"310",278,1,1,0.807737570962848
"311",279,1,1,0.854982680986323
"312",280,1,1,0.913573832848554
"313",281,1,1,0.98410713172394
"314",282,1,1,1.06650098506252
"315",283,1,1,1.15919427025749
"316",284,1,1,1.25964980190866
"317",285,1,1,1.3648192941919
"318",286,1,1,1.47002365224923
"319",287,1,1,1.90472749615156
"320",288,1,1,2.07375044334107
"321",289,1,1,2.09201202942584
"322",290,1,1,1.67937572958357
"323",291,1,1,1.43296148811022
