"T","kappa","Y","Lambda"
"1",275,0.1,1,0.000148310713098734
"2",276,0.1,1,0.000148288041885493
"3",277,0.1,1,0.000148263301539342
"4",278,0.1,1,0.000148236682462601
"5",279,0.1,1,0.000148208671785869
"6",280,0.1,1,0.000148180218387866
"7",281,0.1,1,0.00014815293737802
"8",282,0.1,1,0.000148129310966114
"9",283,0.1,1,0.000148112777584511
"10",284,0.1,1,0.000148107521511293
"11",285,0.1,1,0.00014811775260336
"12",286,0.1,1,0.000148146433603582
"13",287,0.1,1,0.000148193841304814
"14",288,0.1,1,0.000148256789704211
"15",289,0.1,1,0.000148329233318223
"16",290,0.1,1,0.000148404097032234
"17",291,0.1,1,0.000148475287929829
"18",275,0.15,1,0.00523335894472368
"19",276,0.15,1,0.00530532795028727
"20",277,0.15,1,0.00539034638934499
"21",278,0.15,1,0.00548791729235971
"22",279,0.15,1,0.00559563740009302
"23",280,0.15,1,0.00570779906385097
"24",281,0.15,1,0.00581315304051574
"25",282,0.15,1,0.00589169047744806
"26",283,0.15,1,0.00591051872457398
"27",284,0.15,1,0.00581823170102696
"28",285,0.15,1,0.00114684811922426
"29",286,0.15,1,0.000936542684748124
"30",287,0.15,1,0.00067615584337679
"31",288,0.15,1,0.000147635051730836
"32",289,0.15,1,0.000147827523809324
"33",290,0.15,1,0.000148021199258725
"34",291,0.15,1,0.000148194402906104
"35",275,0.2,1,0.0466666157248394
"36",276,0.2,1,0.0470630555789592
"37",277,0.2,1,0.0475330446892131
"38",278,0.2,1,0.0649096247782172
"39",279,0.2,1,0.065548744028994
"40",280,0.2,1,0.0661989040234403
"41",281,0.2,1,0.0667888934051594
"42",282,0.2,1,0.0672100592947178
"43",283,0.2,1,0.0504452210967417
"44",284,0.2,1,0.0502078019140819
"45",285,0.2,1,0.0353139342647162
"46",286,0.2,1,0.0230945572170005
"47",287,0.2,1,0.0139147994577925
"48",288,0.2,1,0.00693526188875205
"49",289,0.2,1,0.00123921691534453
"50",290,0.2,1,0.000546231457267957
"51",291,0.2,1,0.000147642818723807
"52",275,0.25,1,0.176784111694218
"53",276,0.25,1,0.202278501688815
"54",277,0.25,1,0.203589158981622
"55",278,0.25,1,0.229446488979195
"56",279,0.25,1,0.255248395913272
"57",280,0.25,1,0.256929252609494
"58",281,0.25,1,0.258648998964174
"59",282,0.25,1,0.26068393357811
"60",283,0.25,1,0.237735762487272
"61",284,0.25,1,0.214102740469454
"62",285,0.25,1,0.161927670546521
"63",286,0.25,1,0.114809355720242
"64",287,0.25,1,0.071993463459671
"65",288,0.25,1,0.0371651143689962
"66",289,0.25,1,0.0147742859866198
"67",290,0.25,1,0.00727615142542188
"68",291,0.25,1,0.000948736418924013
"69",275,0.3,1,0.38046975374875
"70",276,0.3,1,0.417605874139612
"71",277,0.3,1,0.435003626601885
"72",278,0.3,1,0.466770079804215
"73",279,0.3,1,0.480936973925543
"74",280,0.3,1,0.49417204500381
"75",281,0.3,1,0.492259040388083
"76",282,0.3,1,0.492404901322145
"77",283,0.3,1,0.479987083132637
"78",284,0.3,1,0.453854784464317
"79",285,0.3,1,0.409243150491732
"80",286,0.3,1,0.336171801440247
"81",287,0.3,1,0.248165596774016
"82",288,0.3,1,0.1392867687383
"83",289,0.3,1,0.0732472911035654
"84",290,0.3,1,0.0246940123470479
"85",291,0.3,1,0.00814785108210512
"86",275,0.35,1,0.563167863767643
"87",276,0.35,1,0.578171243685315
"88",277,0.35,1,0.597428778092737
"89",278,0.35,1,0.605277523702489
"90",279,0.35,1,0.61001458657484
"91",280,0.35,1,0.613773864066349
"92",281,0.35,1,0.61206846341359
"93",282,0.35,1,0.608689535566707
"94",283,0.35,1,0.595076423732032
"95",284,0.35,1,0.583876501356606
"96",285,0.35,1,0.555633169197541
"97",286,0.35,1,0.513214339898574
"98",287,0.35,1,0.45987969586422
"99",288,0.35,1,0.345596761905784
"100",289,0.35,1,0.197536728126242
"101",290,0.35,1,0.0951769612614785
"102",291,0.35,1,0.0252610303562089
"103",275,0.4,1,0.643049144283994
"104",276,0.4,1,0.647871689616134
"105",277,0.4,1,0.647865964301774
"106",278,0.4,1,0.644898940029937
"107",279,0.4,1,0.642758969836836
"108",280,0.4,1,0.635074011339023
"109",281,0.4,1,0.635934813271628
"110",282,0.4,1,0.638380552167334
"111",283,0.4,1,0.646761497173145
"112",284,0.4,1,0.65655984421121
"113",285,0.4,1,0.678476123412198
"114",286,0.4,1,0.680071636376196
"115",287,0.4,1,0.646386984868028
"116",288,0.4,1,0.561634697649404
"117",289,0.4,1,0.401982023973527
"118",290,0.4,1,0.237436272715028
"119",291,0.4,1,0.0738097529805063
"120",275,0.45,1,0.661377443004925
"121",276,0.45,1,0.658586752167072
"122",277,0.45,1,0.652957292526398
"123",278,0.45,1,0.650782900380275
"124",279,0.45,1,0.648895914542771
"125",280,0.45,1,0.65038015155545
"126",281,0.45,1,0.656916845419084
"127",282,0.45,1,0.680003472765555
"128",283,0.45,1,0.720187849644783
"129",284,0.45,1,0.786053815144864
"130",285,0.45,1,0.857379595480657
"131",286,0.45,1,0.90636464768473
"132",287,0.45,1,0.918864334271746
"133",288,0.45,1,0.862475496663758
"134",289,0.45,1,0.682035142061743
"135",290,0.45,1,0.44147274512691
"136",291,0.45,1,0.206685201780518
"137",275,0.5,1,0.662992176205207
"138",276,0.5,1,0.660303918480819
"139",277,0.5,1,0.657814911148178
"140",278,0.5,1,0.65565148939506
"141",279,0.5,1,0.65827356766805
"142",280,0.5,1,0.669193956232051
"143",281,0.5,1,0.695186894118272
"144",282,0.5,1,0.749170486636885
"145",283,0.5,1,0.829573842141342
"146",284,0.5,1,0.895636826024444
"147",285,0.5,1,0.947481719818648
"148",286,0.5,1,0.991918276538114
"149",287,0.5,1,1.02107677977899
"150",288,0.5,1,1.02349158005816
"151",289,0.5,1,0.979245271281436
"152",290,0.5,1,0.790901584887587
"153",291,0.5,1,0.428898278321245
"154",275,0.55,1,0.663475977800415
"155",276,0.55,1,0.662162236889653
"156",277,0.55,1,0.661255255561727
"157",278,0.55,1,0.663738629695722
"158",279,0.55,1,0.673535267317753
"159",280,0.55,1,0.696336398515888
"160",281,0.55,1,0.748955271341984
"161",282,0.55,1,0.818048584944401
"162",283,0.55,1,0.872973720831874
"163",284,0.55,1,0.929709913075009
"164",285,0.55,1,0.991710377326535
"165",286,0.55,1,1.05256825681615
"166",287,0.55,1,1.09613501774593
"167",288,0.55,1,1.10742013589233
"168",289,0.55,1,1.07587426530669
"169",290,0.55,1,0.986300347755954
"170",291,0.55,1,0.754946860807356
"171",275,0.6,1,0.664727418254764
"172",276,0.6,1,0.665805165019206
"173",277,0.6,1,0.667274272980931
"174",278,0.6,1,0.673018205487729
"175",279,0.6,1,0.691079128333367
"176",280,0.6,1,0.733760746096736
"177",281,0.6,1,0.791017147743009
"178",282,0.6,1,0.839309511018472
"179",283,0.6,1,0.89628985656343
"180",284,0.6,1,0.968085051165538
"181",285,0.6,1,1.05363754935753
"182",286,0.6,1,1.14302048071135
"183",287,0.6,1,1.21111070441989
"184",288,0.6,1,1.22959528428255
"185",289,0.6,1,1.18686114123312
"186",290,0.6,1,1.08825342477262
"187",291,0.6,1,0.938441223809208
"188",275,0.65,1,0.667287999029769
"189",276,0.65,1,0.66704452515091
"190",277,0.65,1,0.670435770342934
"191",278,0.65,1,0.684455941967728
"192",279,0.65,1,0.714915186968671
"193",280,0.65,1,0.762213619648439
"194",281,0.65,1,0.803647206048359
"195",282,0.65,1,0.854945441135343
"196",283,0.65,1,0.925870231466341
"197",284,0.65,1,1.02435126822674
"198",285,0.65,1,1.15172174742057
"199",286,0.65,1,1.2878926854451
"200",287,0.65,1,1.3931324725999
"201",288,0.65,1,1.43126346040224
"202",289,0.65,1,1.37184793766608
"203",290,0.65,1,1.22131287268958
"204",291,0.65,1,1.0456671241117
"205",275,0.7,1,0.668976552621052
"206",276,0.7,1,0.672673229235167
"207",277,0.7,1,0.679080869694755
"208",278,0.7,1,0.698317719677723
"209",279,0.7,1,0.735720938494772
"210",280,0.7,1,0.770709437457409
"211",281,0.7,1,0.812806823898341
"212",282,0.7,1,0.874398508991712
"213",283,0.7,1,0.968044035948903
"214",284,0.7,1,1.10723447018375
"215",285,0.7,1,1.27575749898049
"216",286,0.7,1,1.43085295606567
"217",287,0.7,1,1.55361865600972
"218",288,0.7,1,1.61530122244643
"219",289,0.7,1,1.58621333446645
"220",290,0.7,1,1.43893628281951
"221",291,0.7,1,1.17538664174815
"222",275,0.75,1,0.672551401361956
"223",276,0.75,1,0.674225523710905
"224",277,0.75,1,0.685862682344547
"225",278,0.75,1,0.712998276074928
"226",279,0.75,1,0.742893053772338
"227",280,0.75,1,0.775193261504134
"228",281,0.75,1,0.823427126154713
"229",282,0.75,1,0.900384002145451
"230",283,0.75,1,1.02610933791501
"231",284,0.75,1,1.19381635882651
"232",285,0.75,1,1.36809847270613
"233",286,0.75,1,1.55374946938982
"234",287,0.75,1,1.71625390324099
"235",288,0.75,1,1.80390317412378
"236",289,0.75,1,1.7775699438339
"237",290,0.75,1,1.62715027342157
"238",291,0.75,1,1.37227186068337
"239",275,0.8,1,0.671641580901731
"240",276,0.8,1,0.680254904061084
"241",277,0.8,1,0.695713373368044
"242",278,0.8,1,0.720511452249303
"243",279,0.8,1,0.744717831864957
"244",280,0.8,1,0.779636580904229
"245",281,0.8,1,0.836254497784029
"246",282,0.8,1,0.934225567969775
"247",283,0.8,1,1.08260569750177
"248",284,0.8,1,1.2509653036585
"249",285,0.8,1,1.45741894070441
"250",286,0.8,1,1.67118818006998
"251",287,0.8,1,1.85529772485983
"252",288,0.8,1,1.96777473198998
"253",289,0.8,1,1.96156962339292
"254",290,0.8,1,1.81652980839301
"255",291,0.8,1,1.53833655529451
"256",275,0.85,1,0.676811655197747
"257",276,0.85,1,0.684143480537763
"258",277,0.85,1,0.70293526887545
"259",278,0.85,1,0.721743832134586
"260",279,0.85,1,0.745756220717624
"261",280,0.85,1,0.784405782482143
"262",281,0.85,1,0.851800378377775
"263",282,0.85,1,0.967928643884425
"264",283,0.85,1,1.11341479218936
"265",284,0.85,1,1.30094143847928
"266",285,0.85,1,1.5208138275883
"267",286,0.85,1,1.75368782943933
"268",287,0.85,1,1.96302154084378
"269",288,0.85,1,2.09946592797269
"270",289,0.85,1,2.11111926662738
"271",290,0.85,1,1.96650701819834
"272",291,0.85,1,1.68587680859043
"273",275,0.9,1,0.677690514297156
"274",276,0.9,1,0.689205242193877
"275",277,0.9,1,0.705323252805817
"276",278,0.9,1,0.7212577808453
"277",279,0.9,1,0.745927504623978
"278",280,0.9,1,0.788570520330959
"279",281,0.9,1,0.86700783915318
"280",282,0.9,1,0.983361267211864
"281",283,0.9,1,1.12965255185916
"282",284,0.9,1,1.32289027164905
"283",285,0.9,1,1.54808175875155
"284",286,0.9,1,1.78793814290415
"285",287,0.9,1,2.01182494232856
"286",288,0.9,1,2.16466061159943
"287",289,0.9,1,2.19151960719182
"288",290,0.9,1,2.05655687502447
"289",291,0.9,1,1.77169267163047
"290",275,0.95,1,0.683986981328843
"291",276,0.95,1,0.693016190236874
"292",277,0.95,1,0.703853079267128
"293",278,0.95,1,0.719275786249768
"294",279,0.95,1,0.744646741100126
"295",280,0.95,1,0.791157384886394
"296",281,0.95,1,0.872693216270076
"297",282,0.95,1,0.977157292045158
"298",283,0.95,1,1.12370616012261
"299",284,0.95,1,1.3051418133797
"300",285,0.95,1,1.51852851679271
"301",286,0.95,1,1.75046130835048
"302",287,0.95,1,1.96677136432125
"303",288,0.95,1,2.11659290204549
"304",289,0.95,1,2.14819543898398
"305",290,0.95,1,2.02496021890188
"306",291,0.95,1,1.75400035158393
"307",275,1,1,0.685121538614817
"308",276,1,1,0.693024044817872
"309",277,1,1,0.701997093410382
"310",278,1,1,0.715968361474466
"311",279,1,1,0.741303711659857
"312",280,1,1,0.788704040005177
"313",281,1,1,0.859762623809724
"314",282,1,1,0.953207861260772
"315",283,1,1,1.07835941678031
"316",284,1,1,1.23336294401755
"317",285,1,1,1.41345401228992
"318",286,1,1,1.60672076479557
"319",287,1,1,1.78242817608892
"320",288,1,1,1.89527001638194
"321",289,1,1,1.9017641063989
"322",290,1,1,1.77556357974426
"323",291,1,1,1.51642998011167
