"T","kappa","Y","Lambda"
"1",280,0.7,1,0.918489010050886
"2",280.2,0.7,1,0.921944147806462
"3",280.4,0.7,1,0.92550467898784
"4",280.6,0.7,1,0.929062163015163
"5",280.8,0.7,1,0.932735389572926
"6",281,0.7,1,0.93640242810539
"7",281.2,0.7,1,0.940965210598932
"8",281.4,0.7,1,0.943748134160639
"9",281.6,0.7,1,0.94758993708702
"10",281.8,0.7,1,0.950894837348821
"11",282,0.7,1,0.954241197927883
"12",282.2,0.7,1,0.957478050830521
"13",282.4,0.7,1,0.960521743535352
"14",282.6,0.7,1,0.963424885221674
"15",282.8,0.7,1,0.965938598522272
"16",283,0.7,1,0.968044035948905
"17",283.2,0.7,1,0.969816215030492
"18",283.4,0.7,1,0.970952059471526
"19",283.6,0.7,1,0.971135875253158
"20",283.8,0.7,1,0.970945785203507
"21",284,0.7,1,0.969771821290051
"22",284.2,0.7,1,0.967369800232119
"23",284.4,0.7,1,0.963956541342505
"24",284.6,0.7,1,0.95914386507135
"25",284.8,0.7,1,0.952841268695155
"26",285,0.7,1,0.945494420590411
"27",285.2,0.7,1,0.936110013314215
"28",285.4,0.7,1,0.92443095732425
"29",285.6,0.7,1,0.912127412793896
"30",285.8,0.7,1,0.895352217708435
"31",286,0.7,1,0.878888009823119
"32",280,0.71,1,0.920608955828356
"33",280.2,0.71,1,0.924452368826234
"34",280.4,0.71,1,0.928371467432392
"35",280.6,0.71,1,0.932412772545479
"36",280.8,0.71,1,0.936488617820022
"37",281,0.71,1,0.940651377141089
"38",281.2,0.71,1,0.944838716080633
"39",281.4,0.71,1,0.949040773470267
"40",281.6,0.71,1,0.953223680314944
"41",281.8,0.71,1,0.957534258554399
"42",282,0.71,1,0.961398251901274
"43",282.2,0.71,1,0.965244158395848
"44",282.4,0.71,1,0.969013418807509
"45",282.6,0.71,1,0.972478726974792
"46",282.8,0.71,1,0.97566290482629
"47",283,0.71,1,0.97851058662138
"48",283.2,0.71,1,0.980844724103066
"49",283.4,0.71,1,0.982557693583669
"50",283.6,0.71,1,0.983460667334023
"51",283.8,0.71,1,0.983613898554115
"52",284,0.71,1,0.982729381737431
"53",284.2,0.71,1,0.980859173342336
"54",284.4,0.71,1,0.97774193876562
"55",284.6,0.71,1,0.973171423511205
"56",284.8,0.71,1,0.967413380616082
"57",285,0.71,1,0.960043890629465
"58",285.2,0.71,1,0.950489123704544
"59",285.4,0.71,1,0.939578779753721
"60",285.6,0.71,1,0.926300026019937
"61",285.8,0.71,1,0.912784340639518
"62",286,0.71,1,0.895039967924659
"63",280,0.72,1,0.922901995249121
"64",280.2,0.72,1,0.927078768906328
"65",280.4,0.72,1,0.931435057863074
"66",280.6,0.72,1,0.935883671416425
"67",280.8,0.72,1,0.940475926677824
"68",281,0.72,1,0.945179189437534
"69",281.2,0.72,1,0.94993711000115
"70",281.4,0.72,1,0.954740015733964
"71",281.6,0.72,1,0.959530701040786
"72",281.8,0.72,1,0.964547073947397
"73",282,0.72,1,0.969127763434482
"74",282.2,0.72,1,0.973684513793014
"75",282.4,0.72,1,0.978056269060715
"76",282.6,0.72,1,0.982301384750714
"77",282.8,0.72,1,0.986138331957977
"78",283,0.72,1,0.989601882855644
"79",283.2,0.72,1,0.992487477699106
"80",283.4,0.72,1,0.994776253077995
"81",283.6,0.72,1,0.996286303017009
"82",283.8,0.72,1,0.996876266717825
"83",284,0.72,1,0.996364945159597
"84",284.2,0.72,1,0.994748893625712
"85",284.4,0.72,1,0.99195737108172
"86",284.6,0.72,1,0.987688451970851
"87",284.8,0.72,1,0.981945529461322
"88",285,0.72,1,0.974910554001733
"89",285.2,0.72,1,0.965980257402518
"90",285.4,0.72,1,0.95481097079409
"91",285.6,0.72,1,0.942396201803
"92",285.8,0.72,1,0.927863336771042
"93",286,0.72,1,0.911128715685758
"94",280,0.73,1,0.925268423883699
"95",280.2,0.73,1,0.929913847783388
"96",280.4,0.73,1,0.934753792882745
"97",280.6,0.73,1,0.939650240162699
"98",280.8,0.73,1,0.944752307787878
"99",281,0.73,1,0.94999425945748
"100",281.2,0.73,1,0.955358546154608
"101",281.4,0.73,1,0.960834818184422
"102",281.6,0.73,1,0.966347761141245
"103",281.8,0.73,1,0.971872263574839
"104",282,0.73,1,0.977291195187793
"105",282.2,0.73,1,0.982663816771947
"106",282.4,0.73,1,0.987820380947818
"107",282.6,0.73,1,0.992642080005061
"108",282.8,0.73,1,0.997210751069191
"109",283,0.73,1,1.00137905765255
"110",283.2,0.73,1,1.0048582552504
"111",283.4,0.73,1,1.00767768586169
"112",283.6,0.73,1,1.00951488722128
"113",283.8,0.73,1,1.01049214690797
"114",284,0.73,1,1.01037035474691
"115",284.2,0.73,1,1.00906203185921
"116",284.4,0.73,1,1.00637497226626
"117",284.6,0.73,1,1.00240734526833
"118",284.8,0.73,1,0.996852971274482
"119",285,0.73,1,0.989840616246704
"120",285.2,0.73,1,0.98063522705067
"121",285.4,0.73,1,0.969920076666487
"122",285.6,0.73,1,0.958103615278988
"123",285.8,0.73,1,0.942836939633066
"124",286,0.73,1,0.924297214109262
"125",280,0.74,1,0.927830023527664
"126",280.2,0.74,1,0.93288295616331
"127",280.4,0.74,1,0.93810848734305
"128",280.6,0.74,1,0.943629497390047
"129",280.8,0.74,1,0.949312725967122
"130",281,0.74,1,0.955168302593325
"131",281.2,0.74,1,0.961191771714183
"132",281.4,0.74,1,0.967358898655779
"133",281.6,0.74,1,0.973620799409822
"134",281.8,0.74,1,0.979894700960127
"135",282,0.74,1,0.986301230938755
"136",282.2,0.74,1,0.992231057062014
"137",282.4,0.74,1,0.998139036908421
"138",282.6,0.74,1,1.00365171198564
"139",282.8,0.74,1,1.0088831389342
"140",283,0.74,1,1.01358225494238
"141",283.2,0.74,1,1.01757952500766
"142",283.4,0.74,1,1.02079974646852
"143",283.6,0.74,1,1.02307214819043
"144",283.8,0.74,1,1.0243581169319
"145",284,0.74,1,1.0244284250303
"146",284.2,0.74,1,1.02328140907386
"147",284.4,0.74,1,1.02075778888508
"148",284.6,0.74,1,1.01682303123307
"149",284.8,0.74,1,1.01147730128604
"150",285,0.74,1,1.00430178447676
"151",285.2,0.74,1,0.99567555894253
"152",285.4,0.74,1,0.984727539270798
"153",285.6,0.74,1,0.972300892290815
"154",285.8,0.74,1,0.957478321134568
"155",286,0.74,1,0.939952275812931
"156",280,0.75,1,0.930506699109046
"157",280.2,0.75,1,0.93602209468932
"158",280.4,0.75,1,0.941830826941587
"159",280.6,0.75,1,0.947888648980568
"160",280.8,0.75,1,0.954161238480228
"161",281,0.75,1,0.960697347796766
"162",281.2,0.75,1,0.967435487726663
"163",281.4,0.75,1,0.974348875412265
"164",281.6,0.75,1,0.981390473510309
"165",281.8,0.75,1,0.988980235414854
"166",282,0.75,1,0.995519454122004
"167",282.2,0.75,1,1.00241338960002
"168",282.4,0.75,1,1.00895509897535
"169",282.6,0.75,1,1.01521624070279
"170",282.8,0.75,1,1.02091085543033
"171",283,0.75,1,1.02610933791501
"172",283.2,0.75,1,1.0304935072954
"173",283.4,0.75,1,1.03401403744861
"174",283.6,0.75,1,1.0365020127496
"175",283.8,0.75,1,1.03792505917455
"176",284,0.75,1,1.0382183139014
"177",284.2,0.75,1,1.0370113006526
"178",284.4,0.75,1,1.03451504710171
"179",284.6,0.75,1,1.0306356135903
"180",284.8,0.75,1,1.02520906176573
"181",285,0.75,1,1.01820203726562
"182",285.2,0.75,1,1.00985413025419
"183",285.4,0.75,1,0.999433595076659
"184",285.6,0.75,1,0.986845948946036
"185",285.8,0.75,1,0.972892347892462
"186",286,0.75,1,0.954902850473096
"187",280,0.76,1,0.933411392060406
"188",280.2,0.76,1,0.939434023994962
"189",280.4,0.76,1,0.945800329549867
"190",280.6,0.76,1,0.952419406565116
"191",280.8,0.76,1,0.959416638678584
"192",281,0.76,1,0.966653923651085
"193",281.2,0.76,1,0.97423054180674
"194",281.4,0.76,1,0.981907356609143
"195",281.6,0.76,1,0.989670688225731
"196",281.8,0.76,1,0.997559937818931
"197",282,0.76,1,1.00566162141741
"198",282.2,0.76,1,1.01306736938958
"199",282.4,0.76,1,1.02019196820285
"200",282.6,0.76,1,1.02697409995334
"201",282.8,0.76,1,1.03313112569653
"202",283,0.76,1,1.03856681001204
"203",283.2,0.76,1,1.04322660034422
"204",283.4,0.76,1,1.04688634859667
"205",283.6,0.76,1,1.04948633677849
"206",283.8,0.76,1,1.05095188766447
"207",284,0.76,1,1.05118464742004
"208",284.2,0.76,1,1.04995337869781
"209",284.4,0.76,1,1.04749075125719
"210",284.6,0.76,1,1.0436378448196
"211",284.8,0.76,1,1.03817288596034
"212",285,0.76,1,1.03139659628082
"213",285.2,0.76,1,1.02240910719937
"214",285.4,0.76,1,1.01229159769035
"215",285.6,0.76,1,1.00032132854194
"216",285.8,0.76,1,0.98581384610156
"217",286,0.76,1,0.968591384550939
"218",280,0.77,1,0.936516056655355
"219",280.2,0.77,1,0.94310526427074
"220",280.4,0.77,1,0.950051295054827
"221",280.6,0.77,1,0.957365292753596
"222",280.8,0.77,1,0.965016506223526
"223",281,0.77,1,0.973078849419499
"224",281.2,0.77,1,0.981383819665593
"225",281.4,0.77,1,0.989870431696649
"226",281.6,0.77,1,0.998459150385377
"227",281.8,0.77,1,1.0071160124153
"228",282,0.77,1,1.01600382020983
"229",282.2,0.77,1,1.02383844024179
"230",282.4,0.77,1,1.03155593715453
"231",282.6,0.77,1,1.03880894255861
"232",282.8,0.77,1,1.04523330296977
"233",283,0.77,1,1.05083387065847
"234",283.2,0.77,1,1.05562268511161
"235",283.4,0.77,1,1.05926771154555
"236",283.6,0.77,1,1.06179638122374
"237",283.8,0.77,1,1.0630305565574
"238",284,0.77,1,1.06313674337219
"239",284.2,0.77,1,1.0619058186817
"240",284.4,0.77,1,1.0592301543056
"241",284.6,0.77,1,1.05528859369801
"242",284.8,0.77,1,1.0497855399957
"243",285,0.77,1,1.04291300538405
"244",285.2,0.77,1,1.03421345223308
"245",285.4,0.77,1,1.02394297277905
"246",285.6,0.77,1,1.01225225732959
"247",285.8,0.77,1,0.998630385857211
"248",286,0.77,1,0.98282075053337
"249",280,0.78,1,0.939961124301986
"250",280.2,0.78,1,0.947019834515925
"251",280.4,0.78,1,0.954643410985282
"252",280.6,0.78,1,0.962634009916903
"253",280.8,0.78,1,0.971077522144731
"254",281,0.78,1,0.979942888603884
"255",281.2,0.78,1,0.989009344279422
"256",281.4,0.78,1,0.998300719414146
"257",281.6,0.78,1,1.00762675881512
"258",281.8,0.78,1,1.01699137395784
"259",282,0.78,1,1.02608879992541
"260",282.2,0.78,1,1.03484068293016
"261",282.4,0.78,1,1.04291109232149
"262",282.6,0.78,1,1.05033055734334
"263",282.8,0.78,1,1.05688059389751
"264",283,0.78,1,1.06244607331355
"265",283.2,0.78,1,1.06713933120194
"266",283.4,0.78,1,1.07059268668923
"267",283.6,0.78,1,1.07291796099859
"268",283.8,0.78,1,1.07395526918555
"269",284,0.78,1,1.07377844151503
"270",284.2,0.78,1,1.07244966596836
"271",284.4,0.78,1,1.06963726072137
"272",284.6,0.78,1,1.06555630458447
"273",284.8,0.78,1,1.0600227142383
"274",285,0.78,1,1.05323227735998
"275",285.2,0.78,1,1.04462623798096
"276",285.4,0.78,1,1.03473887461452
"277",285.6,0.78,1,1.0228848754285
"278",285.8,0.78,1,1.00895926999885
"279",286,0.78,1,0.993526674245485
"280",280,0.79,1,0.943308586847274
"281",280.2,0.79,1,0.951169361240901
"282",280.4,0.79,1,0.959494894325605
"283",280.6,0.79,1,0.968270199170597
"284",280.8,0.79,1,0.977500139839914
"285",281,0.79,1,0.987066278635637
"286",281.2,0.79,1,0.996980874035554
"287",281.4,0.79,1,1.00705603768301
"288",281.6,0.79,1,1.0170908643923
"289",281.8,0.79,1,1.02698699998577
"290",282,0.79,1,1.03656888516953
"291",282.2,0.79,1,1.0455897875557
"292",282.4,0.79,1,1.05385532904619
"293",282.6,0.79,1,1.06130165969065
"294",282.8,0.79,1,1.06770924301335
"295",283,0.79,1,1.07314877331319
"296",283.2,0.79,1,1.07755099563711
"297",283.4,0.79,1,1.08074958194376
"298",283.6,0.79,1,1.08280429387893
"299",283.8,0.79,1,1.08352152150195
"300",284,0.79,1,1.08306468453468
"301",284.2,0.79,1,1.08169946993968
"302",284.4,0.79,1,1.07876579846921
"303",284.6,0.79,1,1.07463128921713
"304",284.8,0.79,1,1.06922014646736
"305",285,0.79,1,1.06224951463205
"306",285.2,0.79,1,1.05368559553276
"307",285.4,0.79,1,1.04364791272789
"308",285.6,0.79,1,1.03219844923956
"309",285.8,0.79,1,1.01879945541354
"310",286,0.79,1,1.00309021358983
"311",280,0.8,1,0.94713796227742
"312",280.2,0.8,1,0.95568580727358
"313",280.4,0.8,1,0.964676417043855
"314",280.6,0.8,1,0.974274522674125
"315",280.8,0.8,1,0.984278872024282
"316",281,0.8,1,0.994676377994841
"317",281.2,0.8,1,1.00528190884155
"318",281.4,0.8,1,1.01593774522886
"319",281.6,0.8,1,1.02658733774176
"320",281.8,0.8,1,1.03691488577636
"321",282,0.8,1,1.04673270769975
"322",282.2,0.8,1,1.05581163082356
"323",282.4,0.8,1,1.0640769462937
"324",282.6,0.8,1,1.07140049922457
"325",282.8,0.8,1,1.07752546322074
"326",283,0.8,1,1.08260569750177
"327",283.2,0.8,1,1.08655509644079
"328",283.4,0.8,1,1.08953324400959
"329",283.6,0.8,1,1.09132285853517
"330",283.8,0.8,1,1.09188334910672
"331",284,0.8,1,1.09140649992107
"332",284.2,0.8,1,1.08965208978161
"333",284.4,0.8,1,1.08670886654613
"334",284.6,0.8,1,1.08254032825206
"335",284.8,0.8,1,1.07701514033526
"336",285,0.8,1,1.07023074749785
"337",285.2,0.8,1,1.06165268909343
"338",285.4,0.8,1,1.05183880983598
"339",285.6,0.8,1,1.04040689906732
"340",285.8,0.8,1,1.02659009023705
"341",286,0.8,1,1.01133460393104
"342",280,0.81,1,0.951247979407631
"343",280.2,0.81,1,0.960470922939132
"344",280.4,0.81,1,0.970270879520806
"345",280.6,0.81,1,0.980591408792667
"346",280.8,0.81,1,0.99135096563181
"347",281,0.81,1,1.00246482268094
"348",281.2,0.81,1,1.01373144334154
"349",281.4,0.81,1,1.02496808036535
"350",281.6,0.81,1,1.03595368037116
"351",281.8,0.81,1,1.04651302375975
"352",282,0.81,1,1.05635572950157
"353",282.2,0.81,1,1.06529502423858
"354",282.4,0.81,1,1.07336634130091
"355",282.6,0.81,1,1.0802491023761
"356",282.8,0.81,1,1.08611989891341
"357",283,0.81,1,1.09089438583796
"358",283.2,0.81,1,1.09452010166562
"359",283.4,0.81,1,1.09714455169107
"360",283.6,0.81,1,1.0986943640873
"361",283.8,0.81,1,1.0991514190349
"362",284,0.81,1,1.09847232690097
"363",284.2,0.81,1,1.09675611349465
"364",284.4,0.81,1,1.09376881096614
"365",284.6,0.81,1,1.08960974435065
"366",284.8,0.81,1,1.08402797515746
"367",285,0.81,1,1.07724383500972
"368",285.2,0.81,1,1.06897183383752
"369",285.4,0.81,1,1.05917861266022
"370",285.6,0.81,1,1.04760434137834
"371",285.8,0.81,1,1.03422011598315
"372",286,0.81,1,1.01973344013443
"373",280,0.82,1,0.955627108869476
"374",280.2,0.82,1,0.96560095540136
"375",280.4,0.82,1,0.976159605089487
"376",280.6,0.82,1,0.987236682516648
"377",280.8,0.82,1,0.998699172076971
"378",281,0.82,1,1.0104002560556
"379",281.2,0.82,1,1.02216300979933
"380",281.4,0.82,1,1.033746552984
"381",281.6,0.82,1,1.04488313376946
"382",281.8,0.82,1,1.05540230267542
"383",282,0.82,1,1.06502648976642
"384",282.2,0.82,1,1.0737965121672
"385",282.4,0.82,1,1.0817199345856
"386",282.6,0.82,1,1.08801436498337
"387",282.8,0.82,1,1.09355002016327
"388",283,0.82,1,1.09790001365898
"389",283.2,0.82,1,1.10126901393855
"390",283.4,0.82,1,1.10366806094067
"391",283.6,0.82,1,1.10508523453925
"392",283.8,0.82,1,1.10550215913154
"393",284,0.82,1,1.10487718639751
"394",284.2,0.82,1,1.1031483168918
"395",284.4,0.82,1,1.10012823002361
"396",284.6,0.82,1,1.09604646672772
"397",284.8,0.82,1,1.09060083896494
"398",285,0.82,1,1.08369650777144
"399",285.2,0.82,1,1.07548784463204
"400",285.4,0.82,1,1.06565650664599
"401",285.6,0.82,1,1.05412495681863
"402",285.8,0.82,1,1.04113066143909
"403",286,0.82,1,1.02602920341322
"404",280,0.83,1,0.960245413761768
"405",280.2,0.83,1,0.97097222095854
"406",280.4,0.83,1,0.982274839540444
"407",280.6,0.83,1,0.994014526411514
"408",280.8,0.83,1,1.00611391210226
"409",281,0.83,1,1.01841424147611
"410",281.2,0.83,1,1.0303018980324
"411",281.4,0.83,1,1.04202114805283
"412",281.6,0.83,1,1.05321573750276
"413",281.8,0.83,1,1.06333562907175
"414",282,0.83,1,1.07273320465627
"415",282.2,0.83,1,1.0810546919062
"416",282.4,0.83,1,1.08830932796524
"417",282.6,0.83,1,1.09453640017731
"418",282.8,0.83,1,1.09967877883301
"419",283,0.83,1,1.10391535671862
"420",283.2,0.83,1,1.10712189792112
"421",283.4,0.83,1,1.10943669600988
"422",283.6,0.83,1,1.11083561800707
"423",283.8,0.83,1,1.11128253943032
"424",284,0.83,1,1.11071686576973
"425",284.2,0.83,1,1.10891469550525
"426",284.4,0.83,1,1.10612297593482
"427",284.6,0.83,1,1.10195803032047
"428",284.8,0.83,1,1.09667699680433
"429",285,0.83,1,1.08984234894591
"430",285.2,0.83,1,1.08161208213831
"431",285.4,0.83,1,1.07190667866443
"432",285.6,0.83,1,1.0605894047851
"433",285.8,0.83,1,1.04755787840716
"434",286,0.83,1,1.03295932337545
"435",280,0.84,1,0.965020257868999
"436",280.2,0.84,1,0.976496945311876
"437",280.4,0.84,1,0.988486567232463
"438",280.6,0.84,1,1.000854516263
"439",280.8,0.84,1,1.01338761255513
"440",281,0.84,1,1.02582941093912
"441",281.2,0.84,1,1.03791496315828
"442",281.4,0.84,1,1.04948441474764
"443",281.6,0.84,1,1.06034517650625
"444",281.8,0.84,1,1.07030484389395
"445",282,0.84,1,1.07920236245452
"446",282.2,0.84,1,1.08712695386235
"447",282.4,0.84,1,1.09400502151768
"448",282.6,0.84,1,1.09993288290697
"449",282.8,0.84,1,1.10488635086463
"450",283,0.84,1,1.10895124286059
"451",283.2,0.84,1,1.11211597767275
"452",283.4,0.84,1,1.11452520362272
"453",283.6,0.84,1,1.11595717655772
"454",283.8,0.84,1,1.11655974945362
"455",284,0.84,1,1.11605030397758
"456",284.2,0.84,1,1.11454205671326
"457",284.4,0.84,1,1.11173464598637
"458",284.6,0.84,1,1.10777870015946
"459",284.8,0.84,1,1.10243617486691
"460",285,0.84,1,1.0956644039953
"461",285.2,0.84,1,1.08752032639576
"462",285.4,0.84,1,1.07774524153645
"463",285.6,0.84,1,1.06631871752541
"464",285.8,0.84,1,1.05341677035328
"465",286,0.84,1,1.03825795889095
"466",280,0.85,1,0.970009694838528
"467",280.2,0.85,1,0.982116366613401
"468",280.4,0.85,1,0.994694849391296
"469",280.6,0.85,1,1.00747528682413
"470",280.8,0.85,1,1.02028676203144
"471",281,0.85,1,1.03284024413212
"472",281.2,0.85,1,1.04485408935107
"473",281.4,0.85,1,1.05610752299595
"474",281.6,0.85,1,1.06649493910023
"475",281.8,0.85,1,1.07601562741427
"476",282,0.85,1,1.08449430282804
"477",282.2,0.85,1,1.09200189695831
"478",282.4,0.85,1,1.0987316489573
"479",282.6,0.85,1,1.10442229106016
"480",282.8,0.85,1,1.10929814315416
"481",283,0.85,1,1.11341479218936
"482",283.2,0.85,1,1.11677742665611
"483",283.4,0.85,1,1.11925380181832
"484",283.6,0.85,1,1.12089364256016
"485",283.8,0.85,1,1.12158094722721
"486",284,0.85,1,1.12119885685596
"487",284.2,0.85,1,1.11980700759988
"488",284.4,0.85,1,1.11723923252667
"489",284.6,0.85,1,1.11319697593624
"490",284.8,0.85,1,1.10800772940089
"491",285,0.85,1,1.10123245242705
"492",285.2,0.85,1,1.09300565835527
"493",285.4,0.85,1,1.08327408235421
"494",285.6,0.85,1,1.07201559962474
"495",285.8,0.85,1,1.05877848916555
"496",286,0.85,1,1.04404289132758
"497",280,0.86,1,0.975015380805309
"498",280.2,0.86,1,0.987767598480767
"499",280.4,0.86,1,1.00072250202414
"500",280.6,0.86,1,1.01374806801965
"501",280.8,0.86,1,1.02659702330428
"502",281,0.86,1,1.03901331540606
"503",281.2,0.86,1,1.05074627428618
"504",281.4,0.86,1,1.06173714857432
"505",281.6,0.86,1,1.07148282426212
"506",281.8,0.86,1,1.0804724622932
"507",282,0.86,1,1.08866426727846
"508",282.2,0.86,1,1.09592441966358
"509",282.4,0.86,1,1.10244954709589
"510",282.6,0.86,1,1.10820810027297
"511",282.8,0.86,1,1.11323633800915
"512",283,0.86,1,1.11747387777403
"513",283.2,0.86,1,1.12096936858561
"514",283.4,0.86,1,1.12362910455029
"515",283.6,0.86,1,1.12545120721975
"516",283.8,0.86,1,1.12633811850456
"517",284,0.86,1,1.12614921651412
"518",284.2,0.86,1,1.12486146595596
"519",284.4,0.86,1,1.12221161222549
"520",284.6,0.86,1,1.11837892390467
"521",284.8,0.86,1,1.11306680389415
"522",285,0.86,1,1.10639218329251
"523",285.2,0.86,1,1.09811104815261
"524",285.4,0.86,1,1.08830189671367
"525",285.6,0.86,1,1.0766614143295
"526",285.8,0.86,1,1.06364606833023
"527",286,0.86,1,1.04835989382024
"528",280,0.87,1,0.980211081826622
"529",280.2,0.87,1,0.99324850516825
"530",280.4,0.87,1,1.00647297636094
"531",280.6,0.87,1,1.01951939032685
"532",280.8,0.87,1,1.03215380729243
"533",281,0.87,1,1.04418429372012
"534",281.2,0.87,1,1.05543017709814
"535",281.4,0.87,1,1.06584479266483
"536",281.6,0.87,1,1.07534740075193
"537",281.8,0.87,1,1.08398095908273
"538",282,0.87,1,1.09178765417509
"539",282.2,0.87,1,1.09906718963565
"540",282.4,0.87,1,1.1055552871408
"541",282.6,0.87,1,1.11139381654893
"542",282.8,0.87,1,1.11666744447302
"543",283,0.87,1,1.12113967983244
"544",283.2,0.87,1,1.12481281158163
"545",283.4,0.87,1,1.12766101423622
"546",283.6,0.87,1,1.12964337427426
"547",283.8,0.87,1,1.13065554471708
"548",284,0.87,1,1.13057999052741
"549",284.2,0.87,1,1.12929550990587
"550",284.4,0.87,1,1.12679053111948
"551",284.6,0.87,1,1.12282689162234
"552",284.8,0.87,1,1.11753956953767
"553",285,0.87,1,1.11077218898006
"554",285.2,0.87,1,1.10246359152603
"555",285.4,0.87,1,1.09245863945381
"556",285.6,0.87,1,1.0810885372272
"557",285.8,0.87,1,1.06778934482961
"558",286,0.87,1,1.05266017023265
"559",280,0.88,1,0.985191581096506
"560",280.2,0.88,1,0.998421340930882
"561",280.4,0.88,1,1.01161556521985
"562",280.6,0.88,1,1.02447170011393
"563",280.8,0.88,1,1.03674279988702
"564",281,0.88,1,1.04830638124456
"565",281.2,0.88,1,1.05903218328119
"566",281.4,0.88,1,1.06887304441307
"567",281.6,0.88,1,1.07804338331819
"568",281.8,0.88,1,1.08648688519737
"569",282,0.88,1,1.09418908465356
"570",282.2,0.88,1,1.10145389639515
"571",282.4,0.88,1,1.10812685515838
"572",282.6,0.88,1,1.11427685971725
"573",282.8,0.88,1,1.11971693484351
"574",283,0.88,1,1.12441736056677
"575",283.2,0.88,1,1.1284327237315
"576",283.4,0.88,1,1.13142089935823
"577",283.6,0.88,1,1.13349598078045
"578",283.8,0.88,1,1.13454765940414
"579",284,0.88,1,1.13446339046325
"580",284.2,0.88,1,1.13307948989564
"581",284.4,0.88,1,1.13041101959826
"582",284.6,0.88,1,1.12649711670549
"583",284.8,0.88,1,1.12095715659866
"584",285,0.88,1,1.11407842101388
"585",285.2,0.88,1,1.10570878729864
"586",285.4,0.88,1,1.09566478129971
"587",285.6,0.88,1,1.08436025514562
"588",285.8,0.88,1,1.0706601905976
"589",286,0.88,1,1.05602780401354
"590",280,0.89,1,0.989671785075859
"591",280.2,0.89,1,1.00298629843048
"592",280.4,0.89,1,1.01604481568543
"593",280.6,0.89,1,1.02853986985972
"594",280.8,0.89,1,1.04031097435098
"595",281,0.89,1,1.05129216857213
"596",281.2,0.89,1,1.06147803024993
"597",281.4,0.89,1,1.07096811229786
"598",281.6,0.89,1,1.07980506887675
"599",281.8,0.89,1,1.08821066010288
"600",282,0.89,1,1.09602979496154
"601",282.2,0.89,1,1.10336562054661
"602",282.4,0.89,1,1.11032484629062
"603",282.6,0.89,1,1.1166601599072
"604",282.8,0.89,1,1.12237344937838
"605",283,0.89,1,1.1273824808195
"606",283.2,0.89,1,1.13142320897654
"607",283.4,0.89,1,1.13448361864196
"608",283.6,0.89,1,1.14236238702834
"609",283.8,0.89,1,1.13748834283432
"610",284,0.89,1,1.13728900611521
"611",284.2,0.89,1,1.13584393063342
"612",284.4,0.89,1,1.13293796422851
"613",284.6,0.89,1,1.12880028332598
"614",284.8,0.89,1,1.12280943721908
"615",285,0.89,1,1.11621289699016
"616",285.2,0.89,1,1.10761141709054
"617",285.4,0.89,1,1.09759144433289
"618",285.6,0.89,1,1.08579182517391
"619",285.8,0.89,1,1.07281817999278
"620",286,0.89,1,1.05782423214516
"621",280,0.9,1,0.99361008706924
"622",280.2,0.9,1,1.00674927135245
"623",280.4,0.9,1,1.01947820124927
"624",280.6,0.9,1,1.031451237593
"625",280.8,0.9,1,1.04267904590402
"626",281,0.9,1,1.05313662952014
"627",281.2,0.9,1,1.06289435464735
"628",281.4,0.9,1,1.07208622402218
"629",281.6,0.9,1,1.08083858918371
"630",281.8,0.9,1,1.08916328508283
"631",282,0.9,1,1.09729533259132
"632",282.2,0.9,1,1.10485066426686
"633",282.4,0.9,1,1.11203392435009
"634",282.6,0.9,1,1.11863492788311
"635",282.8,0.9,1,1.12455455895808
"636",283,0.9,1,1.12965255185916
"637",283.2,0.9,1,1.13370965950242
"638",283.4,0.9,1,1.13671784756843
"639",283.6,0.9,1,1.13859865528407
"640",283.8,0.9,1,1.13935152301595
"641",284,0.9,1,1.13890169018317
"642",284.2,0.9,1,1.13719429004792
"643",284.4,0.9,1,1.13411646788376
"644",284.6,0.9,1,1.1296451165656
"645",284.8,0.9,1,1.12394675373865
"646",285,0.9,1,1.11661458542252
"647",285.2,0.9,1,1.10787111950761
"648",285.4,0.9,1,1.09781270881818
"649",285.6,0.9,1,1.08607672600449
"650",285.8,0.9,1,1.07273651115628
"651",286,0.9,1,1.05802501218359
"652",280,0.91,1,0.996689298468479
"653",280.2,0.91,1,1.00945276924057
"654",280.4,0.91,1,1.02166797726551
"655",280.6,0.91,1,1.03315704729296
"656",280.8,0.91,1,1.04390484006423
"657",281,0.91,1,1.05395162151244
"658",281.2,0.91,1,1.06345156721105
"659",281.4,0.91,1,1.07251069929349
"660",281.6,0.91,1,1.08121296278892
"661",281.8,0.91,1,1.08969040245907
"662",282,0.91,1,1.09798411017576
"663",282.2,0.91,1,1.10590625648461
"664",282.4,0.91,1,1.11324752479727
"665",282.6,0.91,1,1.12002464928823
"666",282.8,0.91,1,1.12605435126075
"667",283,0.91,1,1.1310976571806
"668",283.2,0.91,1,1.13504416871499
"669",283.4,0.91,1,1.13781796781916
"670",283.6,0.91,1,1.13939934551993
"671",283.8,0.91,1,1.13981382579339
"672",284,0.91,1,1.13901812018581
"673",284.2,0.91,1,1.13695902035315
"674",284.4,0.91,1,1.13356145804775
"675",284.6,0.91,1,1.12881472465431
"676",284.8,0.91,1,1.122830353154
"677",285,0.91,1,1.11527255647193
"678",285.2,0.91,1,1.10649013830062
"679",285.4,0.91,1,1.09603324158341
"680",285.6,0.91,1,1.08431774377779
"681",285.8,0.91,1,1.07078295465381
"682",286,0.91,1,1.05628869718582
"683",280,0.92,1,0.99884033957909
"684",280.2,0.92,1,1.01115627032981
"685",280.4,0.92,1,1.02274954750977
"686",280.6,0.92,1,1.03364894831177
"687",280.8,0.92,1,1.04393157713207
"688",281,0.92,1,1.05371415177551
"689",281.2,0.92,1,1.06311304606649
"690",281.4,0.92,1,1.07224416971624
"691",281.6,0.92,1,1.08110526678055
"692",281.8,0.92,1,1.08973339034615
"693",282,0.92,1,1.09816289675915
"694",282.2,0.92,1,1.10632826252365
"695",282.4,0.92,1,1.1138551619417
"696",282.6,0.92,1,1.12057780833472
"697",282.8,0.92,1,1.12655058757787
"698",283,0.92,1,1.131490919296
"699",283.2,0.92,1,1.13511852795524
"700",283.4,0.92,1,1.13755441598259
"701",283.6,0.92,1,1.1387354984784
"702",283.8,0.92,1,1.13871414038055
"703",284,0.92,1,1.1374844018399
"704",284.2,0.92,1,1.13502223085221
"705",284.4,0.92,1,1.13124489475686
"706",284.6,0.92,1,1.12622961643838
"707",284.8,0.92,1,1.11987986856066
"708",285,0.92,1,1.11209770849909
"709",285.2,0.92,1,1.10304224946625
"710",285.4,0.92,1,1.09251462179667
"711",285.6,0.92,1,1.08057035186969
"712",285.8,0.92,1,1.06722009989529
"713",286,0.92,1,1.05251616335435
"714",280,0.93,1,1.00005793092266
"715",280.2,0.93,1,1.01171502325184
"716",280.4,0.93,1,1.02270795017865
"717",280.6,0.93,1,1.03309297487267
"718",280.8,0.93,1,1.04301002070313
"719",281,0.93,1,1.05257663960236
"720",281.2,0.93,1,1.06196544032688
"721",281.4,0.93,1,1.07126675815718
"722",281.6,0.93,1,1.0804112090741
"723",281.8,0.93,1,1.08926799515756
"724",282,0.93,1,1.09778558899371
"725",282.2,0.93,1,1.10593855923325
"726",282.4,0.93,1,1.11352824001764
"727",282.6,0.93,1,1.12013647427742
"728",282.8,0.93,1,1.12586534995765
"729",283,0.93,1,1.13041670889028
"730",283.2,0.93,1,1.13372745416926
"731",283.4,0.93,1,1.13574154456043
"732",283.6,0.93,1,1.13649843269563
"733",283.8,0.93,1,1.13598209605041
"734",284,0.93,1,1.13422755783995
"735",284.2,0.93,1,1.13133092598113
"736",284.4,0.93,1,1.1271399817533
"737",284.6,0.93,1,1.12176482423548
"738",284.8,0.93,1,1.11504897361419
"739",285,0.93,1,1.10702418670227
"740",285.2,0.93,1,1.09764821268694
"741",285.4,0.93,1,1.08681553298955
"742",285.6,0.93,1,1.07486183673963
"743",285.8,0.93,1,1.06102842655208
"744",286,0.93,1,1.04646864496956
"745",280,0.94,1,1.00013673264754
"746",280.2,0.94,1,1.01118866241074
"747",280.4,0.94,1,1.02159997475936
"748",280.6,0.94,1,1.03163730617203
"749",280.8,0.94,1,1.04130043716114
"750",281,0.94,1,1.05079991937304
"751",281.2,0.94,1,1.06025276453283
"752",281.4,0.94,1,1.06962943046489
"753",281.6,0.94,1,1.07899016559525
"754",281.8,0.94,1,1.08807800992891
"755",282,0.94,1,1.09664605715514
"756",282.2,0.94,1,1.10455293393842
"757",282.4,0.94,1,1.11201735364414
"758",282.6,0.94,1,1.11850118146071
"759",282.8,0.94,1,1.12373241971871
"760",283,0.94,1,1.12789587307332
"761",283.2,0.94,1,1.13074009568312
"762",283.4,0.94,1,1.1323155394836
"763",283.6,0.94,1,1.13252172899627
"764",283.8,0.94,1,1.1314849458373
"765",284,0.94,1,1.12930812313904
"766",284.2,0.94,1,1.12588552366613
"767",284.4,0.94,1,1.12128969965288
"768",284.6,0.94,1,1.11551956062854
"769",284.8,0.94,1,1.10851067521651
"770",285,0.94,1,1.10009106717424
"771",285.2,0.94,1,1.09034457739308
"772",285.4,0.94,1,1.07940100373288
"773",285.6,0.94,1,1.06701689207954
"774",285.8,0.94,1,1.05326962775195
"775",286,0.94,1,1.03824392419572
"776",280,0.95,1,0.99914581277935
"777",280.2,0.95,1,1.00964864357365
"778",280.4,0.95,1,1.01962493130246
"779",280.6,0.95,1,1.02931078190778
"780",280.8,0.95,1,1.03884131796396
"781",281,0.95,1,1.04834856703573
"782",281.2,0.95,1,1.05787553740202
"783",281.4,0.95,1,1.06736494966217
"784",281.6,0.95,1,1.07678472020898
"785",281.8,0.95,1,1.08592999756469
"786",282,0.95,1,1.09452510140319
"787",282.2,0.95,1,1.10227258527669
"788",282.4,0.95,1,1.10919285472645
"789",282.6,0.95,1,1.11525974659515
"790",282.8,0.95,1,1.12006575733841
"791",283,0.95,1,1.12370616012261
"792",283.2,0.95,1,1.12607492483851
"793",283.4,0.95,1,1.12716193377408
"794",283.6,0.95,1,1.12688131497086
"795",283.8,0.95,1,1.12532622255109
"796",284,0.95,1,1.12264162285277
"797",284.2,0.95,1,1.1188053444205
"798",284.4,0.95,1,1.11373788112124
"799",284.6,0.95,1,1.10750925404137
"800",284.8,0.95,1,1.10004138196898
"801",285,0.95,1,1.09128123688321
"802",285.2,0.95,1,1.08129747420065
"803",285.4,0.95,1,1.06990708884335
"804",285.6,0.95,1,1.0570529209541
"805",285.8,0.95,1,1.04264820428868
"806",286,0.95,1,1.02760033714497
"807",280,0.96,1,0.997088601098761
"808",280.2,0.96,1,1.00708199789993
"809",280.4,0.96,1,1.01674327708604
"810",280.6,0.96,1,1.02625361055616
"811",280.8,0.96,1,1.03573505968515
"812",281,0.96,1,1.04527893540134
"813",281.2,0.96,1,1.05487929305858
"814",281.4,0.96,1,1.06437676188741
"815",281.6,0.96,1,1.07371159063062
"816",281.8,0.96,1,1.08265673233313
"817",282,0.96,1,1.09103358103808
"818",282.2,0.96,1,1.09853649868812
"819",282.4,0.96,1,1.10490155537301
"820",282.6,0.96,1,1.11036670404863
"821",282.8,0.96,1,1.11478100075773
"822",283,0.96,1,1.11778838189394
"823",283.2,0.96,1,1.11973497074601
"824",283.4,0.96,1,1.12038055061529
"825",283.6,0.96,1,1.1196393750869
"826",283.8,0.96,1,1.11757875919017
"827",284,0.96,1,1.11435962138507
"828",284.2,0.96,1,1.10997576080588
"829",284.4,0.96,1,1.10443223427324
"830",284.6,0.96,1,1.09768621938831
"831",284.8,0.96,1,1.08975553012273
"832",285,0.96,1,1.08051716121344
"833",285.2,0.96,1,1.07001153595708
"834",285.4,0.96,1,1.05800087107646
"835",285.6,0.96,1,1.04482769690809
"836",285.8,0.96,1,1.03030630217348
"837",286,0.96,1,1.01445629421994
"838",280,0.97,1,0.994003454356375
"839",280.2,0.97,1,1.00360486898463
"840",280.4,0.97,1,1.01305450620938
"841",280.6,0.97,1,1.02246570213122
"842",280.8,0.97,1,1.03196686358566
"843",281,0.97,1,1.04154464190549
"844",281.2,0.97,1,1.05109609937453
"845",281.4,0.97,1,1.06048930530946
"846",281.6,0.97,1,1.0695649471601
"847",281.8,0.97,1,1.07814248838076
"848",282,0.97,1,1.08603542604631
"849",282.2,0.97,1,1.09314737312531
"850",282.4,0.97,1,1.0990582893636
"851",282.6,0.97,1,1.10385605378909
"852",282.8,0.97,1,1.10772356917445
"853",283,0.97,1,1.11037034194978
"854",283.2,0.97,1,1.11184820038245
"855",283.4,0.97,1,1.11201077765664
"856",283.6,0.97,1,1.11080459423113
"857",283.8,0.97,1,1.10823257544211
"858",284,0.97,1,1.10442369325245
"859",284.2,0.97,1,1.09946981932961
"860",284.4,0.97,1,1.09332179062918
"861",284.6,0.97,1,1.08602121654627
"862",284.8,0.97,1,1.07743255440652
"863",285,0.97,1,1.0676376207725
"864",285.2,0.97,1,1.05648337678146
"865",285.4,0.97,1,1.04400769955353
"866",285.6,0.97,1,1.03059564412776
"867",285.8,0.97,1,1.01536202941418
"868",286,0.97,1,0.998491033101774
"869",280,0.98,1,0.989868990989627
"870",280.2,0.98,1,0.999207230166104
"871",280.4,0.98,1,1.00849211489976
"872",280.6,0.98,1,1.01793387365441
"873",280.8,0.98,1,1.02745354800701
"874",281,0.98,1,1.03699996819641
"875",281.2,0.98,1,1.04642862132435
"876",281.4,0.98,1,1.0555512611356
"877",281.6,0.98,1,1.06420713147953
"878",281.8,0.98,1,1.07222947315773
"879",282,0.98,1,1.07950432548263
"880",282.2,0.98,1,1.08597343001832
"881",282.4,0.98,1,1.09152508828591
"882",282.6,0.98,1,1.09576222860962
"883",282.8,0.98,1,1.09903245263788
"884",283,0.98,1,1.10134639789699
"885",283.2,0.98,1,1.10230180151571
"886",283.4,0.98,1,1.10206653573765
"887",283.6,0.98,1,1.10043967820974
"888",283.8,0.98,1,1.0973207352089
"889",284,0.98,1,1.09283291390992
"890",284.2,0.98,1,1.08718271656955
"891",284.4,0.98,1,1.08033911622524
"892",284.6,0.98,1,1.07227828908167
"893",284.8,0.98,1,1.06296001302917
"894",285,0.98,1,1.0524518368991
"895",285.2,0.98,1,1.04066840415026
"896",285.4,0.98,1,1.02742533242579
"897",285.6,0.98,1,1.01313460353433
"898",285.8,0.98,1,0.997525000248884
"899",286,0.98,1,0.980632663450022
"900",280,0.99,1,0.984667545743621
"901",280.2,0.99,1,0.993800761386041
"902",280.4,0.99,1,1.00304248748726
"903",280.6,0.99,1,1.01244517319539
"904",280.8,0.99,1,1.02194213363351
"905",281,0.99,1,1.03142321904472
"906",281.2,0.99,1,1.04060885242295
"907",281.4,0.99,1,1.04931719845492
"908",281.6,0.99,1,1.05744470968719
"909",281.8,0.99,1,1.06478906785283
"910",282,0.99,1,1.07137136981157
"911",282.2,0.99,1,1.0771521455878
"912",282.4,0.99,1,1.08212717005812
"913",282.6,0.99,1,1.08610223405769
"914",282.8,0.99,1,1.08875647496828
"915",283,0.99,1,1.09065259130959
"916",283.2,0.99,1,1.09125093929991
"917",283.4,0.99,1,1.09058913797765
"918",283.6,0.99,1,1.08845276472063
"919",283.8,0.99,1,1.08478627321123
"920",284,0.99,1,1.07948484089561
"921",284.2,0.99,1,1.07299583615894
"922",284.4,0.99,1,1.06528334584166
"923",284.6,0.99,1,1.05630364590917
"924",284.8,0.99,1,1.04614739086317
"925",285,0.99,1,1.03471782721464
"926",285.2,0.99,1,1.0218965633752
"927",285.4,0.99,1,1.00792127734107
"928",285.6,0.99,1,0.992462227356469
"929",285.8,0.99,1,0.976379736408075
"930",286,0.99,1,0.957835929937732
"931",280,1,1,0.978470179443626
"932",280.2,1,1,0.987426825754946
"933",280.4,1,1,0.9965784126073
"934",280.6,1,1,1.00586001185841
"935",280.8,1,1,1.0152219658361
"936",281,1,1,1.02444727937119
"937",281.2,1,1,1.0333370098958
"938",281.4,1,1,1.04164004029852
"939",281.6,1,1,1.0491572692241
"940",281.8,1,1,1.05581702297439
"941",282,1,1,1.06167063415913
"942",282.2,1,1,1.06675682897389
"943",282.4,1,1,1.07110097023023
"944",282.6,1,1,1.0747168343428
"945",282.8,1,1,1.07709257813043
"946",283,1,1,1.07835941678031
"947",283.2,1,1,1.07866253243962
"948",283.4,1,1,1.07745747505233
"949",283.6,1,1,1.07478314972494
"950",283.8,1,1,1.07042073044472
"951",284,1,1,1.06430723863071
"952",284.2,1,1,1.0567818625191
"953",284.4,1,1,1.04805600592619
"954",284.6,1,1,1.0380483205107
"955",284.8,1,1,1.02668557563103
"956",285,1,1,1.01426609020586
"957",285.2,1,1,1.00051095008611
"958",285.4,1,1,0.985263991584411
"959",285.6,1,1,0.9691001091254
"960",285.8,1,1,0.95017290567186
"961",286,1,1,0.930577622265536
