"T","kappa","Y","Lambda"
"1",280,0.1,1,0.000149148123529126
"2",280.5,0.1,1,0.000149147575250147
"3",281,0.1,1,0.000149147048886303
"4",281.5,0.1,1,0.000149146557820164
"5",282,0.1,1,0.000149146117887856
"6",282.5,0.1,1,0.000149145747284422
"7",283,0.1,1,0.000149145466212071
"8",283.5,0.1,1,0.000149145296195472
"9",284,0.1,1,0.000149145259008835
"10",284.5,0.1,1,0.000149145375206246
"11",285,0.1,1,0.000149145662321796
"12",285.5,0.1,1,0.000149146132902543
"13",286,0.1,1,0.000149146792634734
"14",286.5,0.1,1,0.000149147638889656
"15",287,0.1,1,0.000149148660014292
"16",287.5,0.1,1,0.000149149835600843
"17",288,0.1,1,0.000149151137794866
"18",288.5,0.1,1,0.000149152533486699
"19",289,0.1,1,0.000149153987041322
"20",289.5,0.1,1,0.000149155463122154
"21",290,0.1,1,0.00014915692916701
"22",290.5,0.1,1,0.000149158357243407
"23",291,0.1,1,0.000149159725084823
"24",291.5,0.1,1,0.000149161016399663
"25",280,0.15,1,0.00014913090382315
"26",280.5,0.15,1,0.000149128918542454
"27",281,0.15,1,0.000149126869202644
"28",281.5,0.15,1,0.000149124786510393
"29",282,0.15,1,0.000149122713728088
"30",282.5,0.15,1,0.00014912070868585
"31",283,0.15,1,0.000149118844969885
"32",283.5,0.15,1,0.000149117211537123
"33",284,0.15,1,0.000149115909880627
"34",284.5,0.15,1,0.000149115047951737
"35",285,0.15,1,0.000149114730477744
"36",285.5,0.15,1,0.000149115046181214
"37",286,0.15,1,0.000149116053612747
"38",286.5,0.15,1,0.00014911776848547
"39",287,0.15,1,0.000149120155955302
"40",287.5,0.15,1,0.000149123130677756
"41",288,0.15,1,0.000149126565587392
"42",288.5,0.15,1,0.000149130307784706
"43",289,0.15,1,0.000149134197772218
"44",289.5,0.15,1,0.00014913808753217
"45",290,0.15,1,0.000149141853831439
"46",290.5,0.15,1,0.00014914540508508
"47",291,0.15,1,0.000149148682128735
"48",291.5,0.15,1,0.00014915165457735
"49",280,0.2,1,0.0889562532013878
"50",280.5,0.2,1,0.0888768626322747
"51",281,0.2,1,0.0888043679713439
"52",281.5,0.2,1,0.0887452943389443
"53",282,0.2,1,0.0887078565741423
"54",282.5,0.2,1,0.0887017312553514
"55",283,0.2,1,0.08873736716951
"56",283.5,0.2,1,0.0888246545289884
"57",284,0.2,1,0.0889708363482998
"58",284.5,0.2,1,0.0891777132822032
"59",285,0.2,1,0.089438473851995
"60",285.5,0.2,1,0.000149025734755642
"61",286,0.2,1,0.000149026062024504
"62",286.5,0.2,1,0.000149029680633887
"63",287,0.2,1,0.000149036541110304
"64",287.5,0.2,1,0.000149046207050282
"65",288,0.2,1,0.000149057924672317
"66",288.5,0.2,1,0.000149070773816899
"67",289,0.2,1,0.000149083846604297
"68",289.5,0.2,1,0.000149096393244302
"69",290,0.2,1,0.00014910789823699
"70",290.5,0.2,1,0.000149118085272964
"71",291,0.2,1,0.000149126874052504
"72",291.5,0.2,1,0.000149134318475911
"73",280,0.25,1,0.328253113302726
"74",280.5,0.25,1,0.328751778472533
"75",281,0.25,1,0.329218805444638
"76",281.5,0.25,1,0.329661571648646
"77",282,0.25,1,0.330077437165607
"78",282.5,0.25,1,0.330428639221904
"79",283,0.25,1,0.212673327257056
"80",283.5,0.25,1,0.212915076912247
"81",284,0.25,1,0.213393050980158
"82",284.5,0.25,1,0.213931491871023
"83",285,0.25,1,0.214044272351567
"84",285.5,0.25,1,0.212738534977833
"85",286,0.25,1,0.0836455422164298
"86",286.5,0.25,1,0.0849701852471142
"87",287,0.25,1,0.0864382486837692
"88",287.5,0.25,1,0.0878804870325425
"89",288,0.25,1,0.0891229301797771
"90",288.5,0.25,1,0.000148820603945709
"91",289,0.25,1,0.000148890574262123
"92",289.5,0.25,1,0.00014895202045617
"93",290,0.25,1,0.000149002564029106
"94",290.5,0.25,1,0.000149042290148872
"95",291,0.25,1,0.000149072624057029
"96",291.5,0.25,1,0.000149095429244119
"97",280,0.3,1,0.494519322871127
"98",280.5,0.3,1,0.492873522604031
"99",281,0.3,1,0.491272619436189
"100",281.5,0.3,1,0.490080343197481
"101",282,0.3,1,0.489778028283625
"102",282.5,0.3,1,0.490912941231193
"103",283,0.3,1,0.493984602346478
"104",283.5,0.3,1,0.499217811986026
"105",284,0.3,1,0.50620551358852
"106",284.5,0.3,1,0.408741710780764
"107",285,0.3,1,0.421017054165185
"108",285.5,0.3,1,0.433208618914418
"109",286,0.3,1,0.318519854483937
"110",286.5,0.3,1,0.331420297646406
"111",287,0.3,1,0.200332641322587
"112",287.5,0.3,1,0.211486303570074
"113",288,0.3,1,0.214035708320177
"114",288.5,0.3,1,0.0815176646366882
"115",289,0.3,1,0.0856782098903351
"116",289.5,0.3,1,0.0885122836331915
"117",290,0.3,1,0.000148430755038748
"118",290.5,0.3,1,0.000148708057257596
"119",291,0.3,1,0.00014887609529164
"120",291.5,0.3,1,0.000148977671200097
"121",280,0.35,1,0.6298241271839
"122",280.5,0.35,1,0.625320790099256
"123",281,0.35,1,0.621172587696692
"124",281.5,0.35,1,0.618270231918518
"125",282,0.35,1,0.617698543221619
"126",282.5,0.35,1,0.620548429385473
"127",283,0.35,1,0.627537697682053
"128",283.5,0.35,1,0.569716225138615
"129",284,0.35,1,0.589196020640777
"130",284.5,0.35,1,0.520459520414915
"131",285,0.35,1,0.557048509790658
"132",285.5,0.35,1,0.485354146104721
"133",286,0.35,1,0.535608368703949
"134",286.5,0.35,1,0.45967251742593
"135",287,0.35,1,0.509773774696397
"136",287.5,0.35,1,0.421836060751435
"137",288,0.35,1,0.313214128005857
"138",288.5,0.35,1,0.340432376574413
"139",289,0.35,1,0.206574857668415
"140",289.5,0.35,1,0.213509011320562
"141",290,0.35,1,0.081776128451106
"142",290.5,0.35,1,0.0873479452875046
"143",291,0.35,1,0.0001474804776759
"144",291.5,0.35,1,0.000148381733042719
"145",280,0.4,1,0.651463866579815
"146",280.5,0.4,1,0.645094337110772
"147",281,0.4,1,0.639494039526654
"148",281.5,0.4,1,0.636024631964111
"149",282,0.4,1,0.636252287935819
"150",282.5,0.4,1,0.641537321865279
"151",283,0.4,1,0.60336887313948
"152",283.5,0.4,1,0.622085466270475
"153",284,0.4,1,0.647007257454735
"154",284.5,0.4,1,0.623957534358184
"155",285,0.4,1,0.600948084579357
"156",285.5,0.4,1,0.579336369169199
"157",286,0.4,1,0.557735659860498
"158",286.5,0.4,1,0.635229013477402
"159",287,0.4,1,0.62113968735249
"160",287.5,0.4,1,0.467955555870138
"161",288,0.4,1,0.420092397552529
"162",288.5,0.4,1,0.514230468390646
"163",289,0.4,1,0.438504856322612
"164",289.5,0.4,1,0.336497891599193
"165",290,0.4,1,0.199621627159961
"166",290.5,0.4,1,0.214493326126193
"167",291,0.4,1,0.081243188484766
"168",291.5,0.4,1,0.0880285929298426
"169",280,0.45,1,0.657396829469864
"170",280.5,0.45,1,0.650396212247464
"171",281,0.45,1,0.644851025266899
"172",281.5,0.45,1,0.644047535732453
"173",282,0.45,1,0.647570584033129
"174",282.5,0.45,1,0.656465151791539
"175",283,0.45,1,0.671576088386411
"176",283.5,0.45,1,0.668458671798069
"177",284,0.45,1,0.676100097189772
"178",284.5,0.45,1,0.719040111189229
"179",285,0.45,1,0.746582984267608
"180",285.5,0.45,1,0.778311947189273
"181",286,0.45,1,0.789380352883884
"182",286.5,0.45,1,0.807229154518721
"183",287,0.45,1,0.774331802384753
"184",287.5,0.45,1,0.752673298132777
"185",288,0.45,1,0.72198119497145
"186",288.5,0.45,1,0.600875633880122
"187",289,0.45,1,0.561087366442605
"188",289.5,0.45,1,0.515971579279908
"189",290,0.45,1,0.446661363211962
"190",290.5,0.45,1,0.346093882305966
"191",291,0.45,1,0.20615475285632
"192",291.5,0.45,1,0.0712309290310241
"193",280,0.5,1,0.663298062794187
"194",280.5,0.5,1,0.659018346905188
"195",281,0.5,1,0.674332693670275
"196",281.5,0.5,1,0.679092153050924
"197",282,0.5,1,0.69250767415936
"198",282.5,0.5,1,0.718341464983401
"199",283,0.5,1,0.761777978501194
"200",283.5,0.5,1,0.849338144179617
"201",284,0.5,1,0.996622155502692
"202",284.5,0.5,1,1.2152558385194
"203",285,0.5,1,1.46986803321456
"204",285.5,0.5,1,1.69066908765991
"205",286,0.5,1,1.84301990010072
"206",286.5,0.5,1,1.94012521826244
"207",287,0.5,1,1.98669537364202
"208",287.5,0.5,1,1.97477137185288
"209",288,0.5,1,1.84925764732099
"210",288.5,0.5,1,1.55221357130052
"211",289,0.5,1,1.15618845324665
"212",289.5,0.5,1,0.817743409300213
"213",290,0.5,1,0.650827805718439
"214",290.5,0.5,1,0.411132966211503
"215",291,0.5,1,0.318811404558064
"216",291.5,0.5,1,0.193801214262869
"217",280,0.55,1,0.682035240187726
"218",280.5,0.55,1,0.685896724990506
"219",281,0.55,1,0.698630978803509
"220",281.5,0.55,1,0.734218139218197
"221",282,0.55,1,0.809426938949197
"222",282.5,0.55,1,0.97621027211604
"223",283,0.55,1,1.26530295751715
"224",283.5,0.55,1,1.54610683195475
"225",284,0.55,1,1.70518985718899
"226",284.5,0.55,1,1.80849168644189
"227",285,0.55,1,1.896358760119
"228",285.5,0.55,1,1.97877807139124
"229",286,0.55,1,2.05354431430128
"230",286.5,0.55,1,2.12154529800923
"231",287,0.55,1,2.1822082156531
"232",287.5,0.55,1,2.22997357901782
"233",288,0.55,1,2.26187375702067
"234",288.5,0.55,1,2.27604114254059
"235",289,0.55,1,2.26552458295769
"236",289.5,0.55,1,2.20462219116498
"237",290,0.55,1,1.81293857916973
"238",290.5,0.55,1,1.01025778136437
"239",291,0.55,1,0.62686220591465
"240",291.5,0.55,1,0.308153381646432
"241",280,0.6,1,0.698626770953024
"242",280.5,0.6,1,0.726798489619722
"243",281,0.6,1,0.803031263510013
"244",281.5,0.6,1,0.988540060924369
"245",282,0.6,1,1.28025033496175
"246",282.5,0.6,1,1.47119605681178
"247",283,0.6,1,1.57330216063102
"248",283.5,0.6,1,1.66462443420849
"249",284,0.6,1,1.75312294606078
"250",284.5,0.6,1,1.84181755448107
"251",285,0.6,1,1.93010850523339
"252",285.5,0.6,1,2.01787560172937
"253",286,0.6,1,2.09869505139484
"254",286.5,0.6,1,2.17362294534969
"255",287,0.6,1,2.23736031817026
"256",287.5,0.6,1,2.29111352790171
"257",288,0.6,1,2.33159155977899
"258",288.5,0.6,1,2.35239904511052
"259",289,0.6,1,2.35610678440258
"260",289.5,0.6,1,2.3350760036645
"261",290,0.6,1,2.28483227623825
"262",290.5,0.6,1,2.20940126907989
"263",291,0.6,1,1.87516013892146
"264",291.5,0.6,1,0.8851907349154
"265",280,0.65,1,0.760468612030172
"266",280.5,0.65,1,0.900639951618636
"267",281,0.65,1,1.15517516179808
"268",281.5,0.65,1,1.32842921449366
"269",282,0.65,1,1.41624589007571
"270",282.5,0.65,1,1.50095682686534
"271",283,0.65,1,1.5871392236234
"272",283.5,0.65,1,1.67436712392225
"273",284,0.65,1,1.76446253577397
"274",284.5,0.65,1,1.85657179914262
"275",285,0.65,1,1.94526578221655
"276",285.5,0.65,1,2.03521189505622
"277",286,0.65,1,2.11979618921141
"278",286.5,0.65,1,2.19646097484731
"279",287,0.65,1,2.26645626314003
"280",287.5,0.65,1,2.32500681857817
"281",288,0.65,1,2.36902749632517
"282",288.5,0.65,1,2.39779324476174
"283",289,0.65,1,2.40920903569209
"284",289.5,0.65,1,2.39737646079283
"285",290,0.65,1,2.35977532375805
"286",290.5,0.65,1,2.29875153403175
"287",291,0.65,1,2.20053166766363
"288",291.5,0.65,1,2.06589944059036
"289",280,0.7,1,0.980379123128393
"290",280.5,0.7,1,1.17418790973974
"291",281,0.7,1,1.26424638853743
"292",281.5,0.7,1,1.33645460283612
"293",282,0.7,1,1.41703755942378
"294",282.5,0.7,1,1.49771731147959
"295",283,0.7,1,1.58148264545619
"296",283.5,0.7,1,1.67029917778834
"297",284,0.7,1,1.75835835078272
"298",284.5,0.7,1,1.85048471853063
"299",285,0.7,1,1.93971524087273
"300",285.5,0.7,1,2.02875859158944
"301",286,0.7,1,2.11315848742957
"302",286.5,0.7,1,2.19108822932952
"303",287,0.7,1,2.26351783104896
"304",287.5,0.7,1,2.32499719856082
"305",288,0.7,1,2.3746928855433
"306",288.5,0.7,1,2.40845487792225
"307",289,0.7,1,2.42525407728136
"308",289.5,0.7,1,2.42126754500772
"309",290,0.7,1,2.3950454491093
"310",290.5,0.7,1,2.34166992608536
"311",291,0.7,1,2.26343525871108
"312",291.5,0.7,1,2.14920462003349
"313",280,0.75,1,1.12122616504655
"314",280.5,0.75,1,1.18560520757242
"315",281,0.75,1,1.25162462012912
"316",281.5,0.75,1,1.32541085816422
"317",282,0.75,1,1.39931915084775
"318",282.5,0.75,1,1.47836335527147
"319",283,0.75,1,1.56166739971677
"320",283.5,0.75,1,1.64569210625793
"321",284,0.75,1,1.73469189836659
"322",284.5,0.75,1,1.82258387798042
"323",285,0.75,1,1.91085591076931
"324",285.5,0.75,1,1.9966766288875
"325",286,0.75,1,2.08123703137967
"326",286.5,0.75,1,2.1587724508555
"327",287,0.75,1,2.23035147087247
"328",287.5,0.75,1,2.29340653040961
"329",288,0.75,1,2.34275253161206
"330",288.5,0.75,1,2.38130479659724
"331",289,0.75,1,2.40294688740699
"332",289.5,0.75,1,2.40514354072944
"333",290,0.75,1,2.38710904303948
"334",290.5,0.75,1,2.34413340723594
"335",291,0.75,1,2.27714892862037
"336",291.5,0.75,1,2.1678736859977
"337",280,0.8,1,1.10588803035006
"338",280.5,0.8,1,1.16394734653095
"339",281,0.8,1,1.2300850704509
"340",281.5,0.8,1,1.29643628436061
"341",282,0.8,1,1.36794506849652
"342",282.5,0.8,1,1.44436071297667
"343",283,0.8,1,1.5224962672253
"344",283.5,0.8,1,1.60456927666458
"345",284,0.8,1,1.68833342302331
"346",284.5,0.8,1,1.77242220292201
"347",285,0.8,1,1.85742326521403
"348",285.5,0.8,1,1.93983049851671
"349",286,0.8,1,2.01988407063546
"350",286.5,0.8,1,2.09592691091109
"351",287,0.8,1,2.1647780169644
"352",287.5,0.8,1,2.22613032979313
"353",288,0.8,1,2.27807319383646
"354",288.5,0.8,1,2.31550499946407
"355",289,0.8,1,2.33868808242561
"356",289.5,0.8,1,2.34510090762719
"357",290,0.8,1,2.33251348081299
"358",290.5,0.8,1,2.29963448458407
"359",291,0.8,1,2.24314639194794
"360",291.5,0.8,1,2.14929166372097
"361",280,0.85,1,1.07526298760962
"362",280.5,0.85,1,1.13290538444803
"363",281,0.85,1,1.19168427148347
"364",281.5,0.85,1,1.25412790960608
"365",282,0.85,1,1.32116984001679
"366",282.5,0.85,1,1.39135453241806
"367",283,0.85,1,1.46498562196003
"368",283.5,0.85,1,1.54221595528253
"369",284,0.85,1,1.62017072006686
"370",284.5,0.85,1,1.69874925689713
"371",285,0.85,1,1.77795272028644
"372",285.5,0.85,1,1.85575592082329
"373",286,0.85,1,1.93015088999307
"374",286.5,0.85,1,2.00188856538465
"375",287,0.85,1,2.06847487554125
"376",287.5,0.85,1,2.12663077963483
"377",288,0.85,1,2.17637043532271
"378",288.5,0.85,1,2.21276949491923
"379",289,0.85,1,2.23644787551036
"380",289.5,0.85,1,2.24254562991077
"381",290,0.85,1,2.23131662132853
"382",290.5,0.85,1,2.20317300461282
"383",291,0.85,1,2.15262996314295
"384",291.5,0.85,1,2.08122625134208
"385",280,0.9,1,1.03590490724856
"386",280.5,0.9,1,1.08576718861064
"387",281,0.9,1,1.13819398121752
"388",281.5,0.9,1,1.19596171894747
"389",282,0.9,1,1.25587952876216
"390",282.5,0.9,1,1.31955926380034
"391",283,0.9,1,1.38733580793798
"392",283.5,0.9,1,1.45603162187937
"393",284,0.9,1,1.52713236356713
"394",284.5,0.9,1,1.59906301932064
"395",285,0.9,1,1.66992934495496
"396",285.5,0.9,1,1.74130087196366
"397",286,0.9,1,1.81080847513236
"398",286.5,0.9,1,1.87668222028146
"399",287,0.9,1,1.93810423220201
"400",287.5,0.9,1,1.9920654654004
"401",288,0.9,1,2.03640137734783
"402",288.5,0.9,1,2.06860958601736
"403",289,0.9,1,2.08864676756528
"404",289.5,0.9,1,2.09307649500643
"405",290,0.9,1,2.07965271408352
"406",290.5,0.9,1,2.05067437182475
"407",291,0.9,1,2.00359155158425
"408",291.5,0.9,1,1.93927221830817
"409",280,0.95,1,0.98154890241354
"410",280.5,0.95,1,1.02291381992653
"411",281,0.95,1,1.06952667302063
"412",281.5,0.95,1,1.11814157220407
"413",282,0.95,1,1.17033904083314
"414",282.5,0.95,1,1.22725028389732
"415",283,0.95,1,1.28491969097766
"416",283.5,0.95,1,1.345471445002
"417",284,0.95,1,1.4079978119077
"418",284.5,0.95,1,1.47044959880152
"419",285,0.95,1,1.53342550553108
"420",285.5,0.95,1,1.59660635184086
"421",286,0.95,1,1.65780076924477
"422",286.5,0.95,1,1.7156389814368
"423",287,0.95,1,1.76977602745775
"424",287.5,0.95,1,1.81919553466505
"425",288,0.95,1,1.85802675346478
"426",288.5,0.95,1,1.8833449597904
"427",289,0.95,1,1.8888338098881
"428",289.5,0.95,1,1.88211490489855
"429",290,0.95,1,1.86050250811081
"430",290.5,0.95,1,1.82692598627366
"431",291,0.95,1,1.77306290360049
"432",291.5,0.95,1,1.7029789856447
"433",280,1,1,0.913573832848554
"434",280.5,1,1,0.947505209069554
"435",281,1,1,0.98410713172394
"436",281.5,1,1,1.0236345233593
"437",282,1,1,1.06650098506252
"438",282.5,1,1,1.11104742181025
"439",283,1,1,1.15919427025749
"440",283.5,1,1,1.20896147416134
"441",284,1,1,1.25964980190866
"442",284.5,1,1,1.31122066482763
"443",285,1,1,1.3648192941919
"444",285.5,1,1,1.41656744333652
"445",286,1,1,1.47002365224923
"446",286.5,1,1,1.57406516748944
"447",287,1,1,1.90472749615156
"448",287.5,1,1,2.0333096838006
"449",288,1,1,2.07375044334107
"450",288.5,1,1,2.09151431466218
"451",289,1,1,2.09201202942584
"452",289.5,1,1,2.04212071002967
"453",290,1,1,1.67937572958357
"454",290.5,1,1,1.49119422919404
"455",291,1,1,1.43296148811022
"456",291.5,1,1,1.3441800495726
