"T","kappa","Y","Lambda"
"1",283.5,0.59,1,0.808397601787739
"2",283.75,0.59,1,0.814813888460921
"3",284,0.59,1,0.821632781475916
"4",284.25,0.59,1,0.828862375967216
"5",284.5,0.59,1,0.836471817823421
"6",284.75,0.59,1,0.844452771552318
"7",285,0.59,1,0.852730119118979
"8",285.25,0.59,1,0.861288294837491
"9",285.5,0.59,1,0.870050757455524
"10",285.75,0.59,1,0.879002074903536
"11",286,0.59,1,0.887972590568327
"12",286.25,0.59,1,0.89693755357177
"13",286.5,0.59,1,0.90576753015402
"14",286.75,0.59,1,0.914333532830854
"15",287,0.59,1,0.922569553620771
"16",287.25,0.59,1,0.930472915901085
"17",287.5,0.59,1,0.937857407551494
"18",287.75,0.59,1,0.94463675919993
"19",288,0.59,1,0.950762604500842
"20",288.25,0.59,1,0.95606909497044
"21",288.5,0.59,1,0.960552549485651
"22",288.75,0.59,1,0.964135608710888
"23",289,0.59,1,0.966703366116986
"24",289.25,0.59,1,0.968240328880925
"25",289.5,0.59,1,0.968640777991512
"26",289.75,0.59,1,0.967936315264512
"27",290,0.59,1,0.965983496746404
"28",290.25,0.59,1,0.962793975591215
"29",290.5,0.59,1,0.958367422957062
"30",290.75,0.59,1,0.952686450406375
"31",291,0.59,1,0.945822219605209
"32",291.25,0.59,1,0.937707421921732
"33",291.5,0.59,1,0.92837306335962
"34",291.75,0.59,1,0.917876647627237
"35",292,0.59,1,0.906349355990486
"36",292.25,0.59,1,0.893769301423049
"37",292.5,0.59,1,0.880237065237546
"38",292.75,0.59,1,0.865858577754617
"39",293,0.59,1,0.850758330012202
"40",293.25,0.59,1,0.834974252255778
"41",293.5,0.59,1,0.81868514492805
"42",293.75,0.59,1,0.801868735533603
"43",294,0.59,1,0.784656594394405
"44",294.25,0.59,1,0.767179466861485
"45",294.5,0.59,1,0.749765137139135
"46",283.5,0.6,1,0.812331739316187
"47",283.75,0.6,1,0.81919327807435
"48",284,0.6,1,0.826498594325081
"49",284.25,0.6,1,0.834235050182726
"50",284.5,0.6,1,0.842360005744255
"51",284.75,0.6,1,0.850851031898273
"52",285,0.6,1,0.859673377911084
"53",285.25,0.6,1,0.868792521360391
"54",285.5,0.6,1,0.878102945651725
"55",285.75,0.6,1,0.887525314220787
"56",286,0.6,1,0.897000917706353
"57",286.25,0.6,1,0.906352535422508
"58",286.5,0.6,1,0.915596681699392
"59",286.75,0.6,1,0.924611223291572
"60",287,0.6,1,0.933269151839488
"61",287.25,0.6,1,0.941497400794954
"62",287.5,0.6,1,0.949137550311228
"63",287.75,0.6,1,0.956157850931365
"64",288,0.6,1,0.962528901157778
"65",288.25,0.6,1,0.968078819355942
"66",288.5,0.6,1,0.972786285890896
"67",288.75,0.6,1,0.976473746744034
"68",289,0.6,1,0.979198113846287
"69",289.25,0.6,1,0.980894337777274
"70",289.5,0.6,1,0.98151149290445
"71",289.75,0.6,1,0.98076593893703
"72",290,0.6,1,0.978941912370152
"73",290.25,0.6,1,0.975831909084213
"74",290.5,0.6,1,0.971486011833351
"75",290.75,0.6,1,0.965785511465674
"76",291,0.6,1,0.958737612960557
"77",291.25,0.6,1,0.950456512305
"78",291.5,0.6,1,0.941046612951091
"79",291.75,0.6,1,0.930486489193986
"80",292,0.6,1,0.91866717941136
"81",292.25,0.6,1,0.905814583963655
"82",292.5,0.6,1,0.892050914977628
"83",292.75,0.6,1,0.877323481981185
"84",293,0.6,1,0.861895824183059
"85",293.25,0.6,1,0.845744034287954
"86",293.5,0.6,1,0.828997668732938
"87",293.75,0.6,1,0.811776010887403
"88",294,0.6,1,0.794134827671418
"89",294.25,0.6,1,0.776142542617986
"90",294.5,0.6,1,0.758059318332945
"91",283.5,0.61,1,0.816457254518586
"92",283.75,0.61,1,0.823801477382972
"93",284,0.61,1,0.831593404836067
"94",284.25,0.61,1,0.839829447908782
"95",284.5,0.61,1,0.848475659937603
"96",284.75,0.61,1,0.857501876211512
"97",285,0.61,1,0.866876306602086
"98",285.25,0.61,1,0.876513279860503
"99",285.5,0.61,1,0.88629812925016
"100",285.75,0.61,1,0.896185116070023
"101",286,0.61,1,0.906093370725734
"102",286.25,0.61,1,0.915919384777284
"103",286.5,0.61,1,0.925576034507927
"104",286.75,0.61,1,0.934910084100473
"105",287,0.61,1,0.943857672932011
"106",287.25,0.61,1,0.952408210461644
"107",287.5,0.61,1,0.960306242039324
"108",287.75,0.61,1,0.96757499395661
"109",288,0.61,1,0.974125315623954
"110",288.25,0.61,1,0.979948264815408
"111",288.5,0.61,1,0.98482752172052
"112",288.75,0.61,1,0.988815334330264
"113",289,0.61,1,0.99169518156109
"114",289.25,0.61,1,0.993542650939675
"115",289.5,0.61,1,0.994148586134831
"116",289.75,0.61,1,0.993623670139133
"117",290,0.61,1,0.991827256884721
"118",290.25,0.61,1,0.988777761770763
"119",290.5,0.61,1,0.984403976578767
"120",290.75,0.61,1,0.978605585444349
"121",291,0.61,1,0.971623333694869
"122",291.25,0.61,1,0.963290223750837
"123",291.5,0.61,1,0.953654168313495
"124",291.75,0.61,1,0.942782017547818
"125",292,0.61,1,0.930944101755943
"126",292.25,0.61,1,0.91785744638803
"127",292.5,0.61,1,0.90380013610595
"128",292.75,0.61,1,0.888877045800256
"129",293,0.61,1,0.873062325842803
"130",293.25,0.61,1,0.856566750547098
"131",293.5,0.61,1,0.839413115579374
"132",293.75,0.61,1,0.821807710172734
"133",294,0.61,1,0.803718077656845
"134",294.25,0.61,1,0.785290629207647
"135",294.5,0.61,1,0.766645772451301
"136",283.5,0.62,1,0.82078574833071
"137",283.75,0.62,1,0.828609687861157
"138",284,0.62,1,0.836895491947721
"139",284.25,0.62,1,0.845636847318663
"140",284.5,0.62,1,0.854811397256174
"141",284.75,0.62,1,0.864379245306669
"142",285,0.62,1,0.874256535391509
"143",285.25,0.62,1,0.884351278689444
"144",285.5,0.62,1,0.894623985733487
"145",285.75,0.62,1,0.90493947725317
"146",286,0.62,1,0.915286106226014
"147",286.25,0.62,1,0.925503690375015
"148",286.5,0.62,1,0.935489944393151
"149",286.75,0.62,1,0.945128482339501
"150",287,0.62,1,0.954400409569218
"151",287.25,0.62,1,0.963199765688139
"152",287.5,0.62,1,0.971328856094842
"153",287.75,0.62,1,0.978943571602475
"154",288,0.62,1,0.985815691426076
"155",288.25,0.62,1,0.991821058869259
"156",288.5,0.62,1,0.99696333941756
"157",288.75,0.62,1,1.00111857941621
"158",289,0.62,1,1.00418020200235
"159",289.25,0.62,1,1.00618186187641
"160",289.5,0.62,1,1.00700749909691
"161",289.75,0.62,1,1.00650103782779
"162",290,0.62,1,1.0047503288461
"163",290.25,0.62,1,1.00168166926
"164",290.5,0.62,1,0.99722652035912
"165",290.75,0.62,1,0.991462265614365
"166",291,0.62,1,0.984410599567697
"167",291.25,0.62,1,0.975968415989285
"168",291.5,0.62,1,0.966220797983572
"169",291.75,0.62,1,0.955226030761286
"170",292,0.62,1,0.943071770919722
"171",292.25,0.62,1,0.929827951954222
"172",292.5,0.62,1,0.915571806230495
"173",292.75,0.62,1,0.90029283220015
"174",293,0.62,1,0.88424112773818
"175",293.25,0.62,1,0.867386999704192
"176",293.5,0.62,1,0.84992213080806
"177",293.75,0.62,1,0.831879431813687
"178",294,0.62,1,0.813429247768805
"179",294.25,0.62,1,0.794562757542679
"180",294.5,0.62,1,0.77543293977335
"181",283.5,0.63,1,0.825311335316072
"182",283.75,0.63,1,0.833593826846615
"183",284,0.63,1,0.842381386508453
"184",284.25,0.63,1,0.851657368432293
"185",284.5,0.63,1,0.861348149729523
"186",284.75,0.63,1,0.871405452103742
"187",285,0.63,1,0.881757626337458
"188",285.25,0.63,1,0.892318489851215
"189",285.5,0.63,1,0.90301123248382
"190",285.75,0.63,1,0.913819216336772
"191",286,0.63,1,0.924505362996165
"192",286.25,0.63,1,0.935045034024133
"193",286.5,0.63,1,0.945305669123762
"194",286.75,0.63,1,0.955239469100677
"195",287,0.63,1,0.964807107727373
"196",287.25,0.63,1,0.973885918361295
"197",287.5,0.63,1,0.982345029363652
"198",287.75,0.63,1,0.990227587986796
"199",288,0.63,1,0.997306891037897
"200",288.25,0.63,1,1.00356691538903
"201",288.5,0.63,1,1.00894997276998
"202",288.75,0.63,1,1.01326517140107
"203",289,0.63,1,1.01652711810782
"204",289.25,0.63,1,1.0186769409754
"205",289.5,0.63,1,1.01969925566344
"206",289.75,0.63,1,1.01939152046458
"207",290,0.63,1,1.01769142972352
"208",290.25,0.63,1,1.01471157049719
"209",290.5,0.63,1,1.01022877269077
"210",290.75,0.63,1,1.00439005752156
"211",291,0.63,1,0.997206035841822
"212",291.25,0.63,1,0.98860438939285
"213",291.5,0.63,1,0.97870926041278
"214",291.75,0.63,1,0.967654914202923
"215",292,0.63,1,0.955211868113992
"216",292.25,0.63,1,0.941666743082286
"217",292.5,0.63,1,0.927211817706167
"218",292.75,0.63,1,0.911707339689141
"219",293,0.63,1,0.895281105859236
"220",293.25,0.63,1,0.878187405423137
"221",293.5,0.63,1,0.860351687233905
"222",293.75,0.63,1,0.842019530970164
"223",294,0.63,1,0.82314196364907
"224",294.25,0.63,1,0.803912588648707
"225",294.5,0.63,1,0.784370322921094
"226",283.5,0.64,1,0.829997472298356
"227",283.75,0.64,1,0.838777356631928
"228",284,0.64,1,0.84806959819937
"229",284.25,0.64,1,0.85784123034832
"230",284.5,0.64,1,0.868023997826139
"231",284.75,0.64,1,0.878564909190053
"232",285,0.64,1,0.889373133207082
"233",285.25,0.64,1,0.900376958722589
"234",285.5,0.64,1,0.911492901779433
"235",285.75,0.64,1,0.922583559294893
"236",286,0.64,1,0.933607761761701
"237",286.25,0.64,1,0.944464764456593
"238",286.5,0.64,1,0.955028633255798
"239",286.75,0.64,1,0.965286859814523
"240",287,0.64,1,0.975183740786854
"241",287.25,0.64,1,0.984489953635805
"242",287.5,0.64,1,0.993266383937172
"243",287.75,0.64,1,1.00134049492296
"244",288,0.64,1,1.00870592506278
"245",288.25,0.64,1,1.01522055794653
"246",288.5,0.64,1,1.02070479283924
"247",288.75,0.64,1,1.02537745167428
"248",289,0.64,1,1.02891690193933
"249",289.25,0.64,1,1.0312537103607
"250",289.5,0.64,1,1.03227236217454
"251",289.75,0.64,1,1.03204827073481
"252",290,0.64,1,1.03053319240459
"253",290.25,0.64,1,1.02754333336734
"254",290.5,0.64,1,1.02309779720432
"255",290.75,0.64,1,1.01730980909168
"256",291,0.64,1,1.01002561018393
"257",291.25,0.64,1,1.00130974408145
"258",291.5,0.64,1,0.991190362490734
"259",291.75,0.64,1,0.979827547922444
"260",292,0.64,1,0.967324936707413
"261",292.25,0.64,1,0.953590706104524
"262",292.5,0.64,1,0.938727110834793
"263",292.75,0.64,1,0.923005034606154
"264",293,0.64,1,0.906339535604129
"265",293.25,0.64,1,0.888868641495846
"266",293.5,0.64,1,0.870819918429612
"267",293.75,0.64,1,0.852081964763312
"268",294,0.64,1,0.832864159261045
"269",294.25,0.64,1,0.813282345211749
"270",294.5,0.64,1,0.793333591532919
"271",283.5,0.65,1,0.834843264204291
"272",283.75,0.65,1,0.844132293772983
"273",284,0.65,1,0.853911034338224
"274",284.25,0.65,1,0.864160886563318
"275",284.5,0.65,1,0.874790729845073
"276",284.75,0.65,1,0.885759835415965
"277",285,0.65,1,0.897019376287993
"278",285.25,0.65,1,0.90841080413794
"279",285.5,0.65,1,0.919877778543282
"280",285.75,0.65,1,0.931314463827691
"281",286,0.65,1,0.94260120629491
"282",286.25,0.65,1,0.953741333431765
"283",286.5,0.65,1,0.964670551983389
"284",286.75,0.65,1,0.975202045894762
"285",287,0.65,1,0.985315115851718
"286",287.25,0.65,1,0.994914556925772
"287",287.5,0.65,1,1.00393520899621
"288",287.75,0.65,1,1.01224932578518
"289",288,0.65,1,1.01990298318027
"290",288.25,0.65,1,1.02667383920189
"291",288.5,0.65,1,1.03259899954637
"292",288.75,0.65,1,1.03743566336852
"293",289,0.65,1,1.04114106885916
"294",289.25,0.65,1,1.04367161273004
"295",289.5,0.65,1,1.04499471149595
"296",289.75,0.65,1,1.04480798293635
"297",290,0.65,1,1.04336806410387
"298",290.25,0.65,1,1.04040676363029
"299",290.5,0.65,1,1.03603121847034
"300",290.75,0.65,1,1.03012723965244
"301",291,0.65,1,1.02285648737991
"302",291.25,0.65,1,1.01405164234205
"303",291.5,0.65,1,1.00370969962041
"304",291.75,0.65,1,0.992185220838519
"305",292,0.65,1,0.979334631531855
"306",292.25,0.65,1,0.965357529964495
"307",292.5,0.65,1,0.950250610093868
"308",292.75,0.65,1,0.934116474599128
"309",293,0.65,1,0.917267717336571
"310",293.25,0.65,1,0.89952620336017
"311",293.5,0.65,1,0.881128185664427
"312",293.75,0.65,1,0.862111470207607
"313",294,0.65,1,0.842558947779015
"314",294.25,0.65,1,0.822644750949458
"315",294.5,0.65,1,0.802363861999636
"316",283.5,0.66,1,0.839865476165464
"317",283.75,0.66,1,0.849607689737791
"318",284,0.66,1,0.859860653814935
"319",284.25,0.66,1,0.870559272205488
"320",284.5,0.66,1,0.881655138859328
"321",284.75,0.66,1,0.893079268307873
"322",285,0.66,1,0.9046925750727
"323",285.25,0.66,1,0.916412041999258
"324",285.5,0.66,1,0.928179840894376
"325",285.75,0.66,1,0.939896118456695
"326",286,0.66,1,0.951549272328569
"327",286.25,0.66,1,0.96298127256354
"328",286.5,0.66,1,0.974079583612579
"329",286.75,0.66,1,0.984874556557191
"330",287,0.66,1,0.995233562342234
"331",287.25,0.66,1,1.00520126413312
"332",287.5,0.66,1,1.0144637516153
"333",287.75,0.66,1,1.02315810009027
"334",288,0.66,1,1.03116274876456
"335",288.25,0.66,1,1.03825718542981
"336",288.5,0.66,1,1.044459135688
"337",288.75,0.66,1,1.04948973430087
"338",289,0.66,1,1.05348047872354
"339",289.25,0.66,1,1.05620856908586
"340",289.5,0.66,1,1.05770315320004
"341",289.75,0.66,1,1.05768757190809
"342",290,0.66,1,1.0563148009328
"343",290.25,0.66,1,1.05338720575125
"344",290.5,0.66,1,1.04893083471325
"345",290.75,0.66,1,1.04302986961847
"346",291,0.66,1,1.03558416179509
"347",291.25,0.66,1,1.02665669749909
"348",291.5,0.66,1,1.01629154324752
"349",291.75,0.66,1,1.00456059150419
"350",292,0.66,1,0.991327308729041
"351",292.25,0.66,1,0.977065377788745
"352",292.5,0.66,1,0.961744974219381
"353",292.75,0.66,1,0.945357502271365
"354",293,0.66,1,0.92802390742297
"355",293.25,0.66,1,0.910078396506792
"356",293.5,0.66,1,0.891306077959509
"357",293.75,0.66,1,0.872009036591853
"358",294,0.66,1,0.852155191215463
"359",294.25,0.66,1,0.83194361772212
"360",294.5,0.66,1,0.811331769091099
"361",283.5,0.67,1,0.844992643232534
"362",283.75,0.67,1,0.855202738393143
"363",284,0.67,1,0.86589484763199
"364",284.25,0.67,1,0.877025402652831
"365",284.5,0.67,1,0.888540867115418
"366",284.75,0.67,1,0.900312280463379
"367",285,0.67,1,0.912279644136576
"368",285.25,0.67,1,0.924243769031433
"369",285.5,0.67,1,0.936350899337764
"370",285.75,0.67,1,0.948405522912421
"371",286,0.67,1,0.960251689743638
"372",286.25,0.67,1,0.97195572036208
"373",286.5,0.67,1,0.983342485271023
"374",286.75,0.67,1,0.994442646975426
"375",287,0.67,1,1.00508030346334
"376",287.25,0.67,1,1.01530528518986
"377",287.5,0.67,1,1.02499548422193
"378",287.75,0.67,1,1.03402701662345
"379",288,0.67,1,1.04231183302018
"380",288.25,0.67,1,1.04971697176941
"381",288.5,0.67,1,1.05610942101967
"382",288.75,0.67,1,1.06163726100073
"383",289,0.67,1,1.06581251320597
"384",289.25,0.67,1,1.06874459036325
"385",289.5,0.67,1,1.07033178976698
"386",289.75,0.67,1,1.07048942345192
"387",290,0.67,1,1.0692329900052
"388",290.25,0.67,1,1.06634603853383
"389",290.5,0.67,1,1.06192112379068
"390",290.75,0.67,1,1.0560582628621
"391",291,0.67,1,1.04844022146858
"392",291.25,0.67,1,1.03935929139263
"393",291.5,0.67,1,1.02876501163064
"394",291.75,0.67,1,1.01679571188507
"395",292,0.67,1,1.00347292228175
"396",292.25,0.67,1,0.988874158719586
"397",292.5,0.67,1,0.973092857532894
"398",292.75,0.67,1,0.956486069404985
"399",293,0.67,1,0.938841094894733
"400",293.25,0.67,1,0.920413970958607
"401",293.5,0.67,1,0.901476373642657
"402",293.75,0.67,1,0.881772137295954
"403",294,0.67,1,0.861694953120265
"404",294.25,0.67,1,0.8411371613582
"405",294.5,0.67,1,0.820224778827044
"406",283.5,0.68,1,0.85022870552546
"407",283.75,0.68,1,0.860857844920886
"408",284,0.68,1,0.871980011100527
"409",284.25,0.68,1,0.883543174290239
"410",284.5,0.68,1,0.895403816729042
"411",284.75,0.68,1,0.907475622193577
"412",285,0.68,1,0.919693192583836
"413",285.25,0.68,1,0.932057963643458
"414",285.5,0.68,1,0.944384765088586
"415",285.75,0.68,1,0.956655813179327
"416",286,0.68,1,0.968769207164175
"417",286.25,0.68,1,0.980714712018734
"418",286.5,0.68,1,0.992387740140866
"419",286.75,0.68,1,1.00381414122367
"420",287,0.68,1,1.01490032084043
"421",287.25,0.68,1,1.02544739297188
"422",287.5,0.68,1,1.03543605707976
"423",287.75,0.68,1,1.04484232301136
"424",288,0.68,1,1.0534402936164
"425",288.25,0.68,1,1.06108856446598
"426",288.5,0.68,1,1.06782369352754
"427",288.75,0.68,1,1.07349378876624
"428",289,0.68,1,1.07799556913547
"429",289.25,0.68,1,1.08113020281928
"430",289.5,0.68,1,1.08296253594412
"431",289.75,0.68,1,1.08326136493462
"432",290,0.68,1,1.08201744898856
"433",290.25,0.68,1,1.07922734900019
"434",290.5,0.68,1,1.07483630531329
"435",290.75,0.68,1,1.06893160528354
"436",291,0.68,1,1.06131756986661
"437",291.25,0.68,1,1.05214307805938
"438",291.5,0.68,1,1.04130250036554
"439",291.75,0.68,1,1.02904405369347
"440",292,0.68,1,1.01551446984928
"441",292.25,0.68,1,1.00064210824489
"442",292.5,0.68,1,0.984520958303095
"443",292.75,0.68,1,0.967417806952812
"444",293,0.68,1,0.949507829941582
"445",293.25,0.68,1,0.930796481305974
"446",293.5,0.68,1,0.91139134036028
"447",293.75,0.68,1,0.891469993141735
"448",294,0.68,1,0.871020246326657
"449",294.25,0.68,1,0.850219305338652
"450",294.5,0.68,1,0.829014558857351
"451",283.5,0.69,1,0.8555208767335
"452",283.75,0.69,1,0.866569461898672
"453",284,0.69,1,0.878108042164921
"454",284.25,0.69,1,0.890000300969614
"455",284.5,0.69,1,0.902152540140956
"456",284.75,0.69,1,0.914481090746136
"457",285,0.69,1,0.927051424304133
"458",285.25,0.69,1,0.939628032338938
"459",285.5,0.69,1,0.952237490345654
"460",285.75,0.69,1,0.964754339833567
"461",286,0.69,1,0.977085263579922
"462",286.25,0.69,1,0.989333606064132
"463",286.5,0.69,1,1.00137828835325
"464",286.75,0.69,1,1.01310086728029
"465",287,0.69,1,1.02449001092124
"466",287.25,0.69,1,1.03538935668705
"467",287.5,0.69,1,1.04575569564464
"468",287.75,0.69,1,1.05551851875093
"469",288,0.69,1,1.0644226075018
"470",288.25,0.69,1,1.07238343500914
"471",288.5,0.69,1,1.07946370488449
"472",288.75,0.69,1,1.08541717954442
"473",289,0.69,1,1.0900032263024
"474",289.25,0.69,1,1.0933359418717
"475",289.5,0.69,1,1.0953267480861
"476",289.75,0.69,1,1.0959004485684
"477",290,0.69,1,1.0947571632026
"478",290.25,0.69,1,1.0920907401969
"479",290.5,0.69,1,1.0877046328869
"480",290.75,0.69,1,1.0816859487335
"481",291,0.69,1,1.07401116405177
"482",291.25,0.69,1,1.0646791895036
"483",291.5,0.69,1,1.05386462368681
"484",291.75,0.69,1,1.04141011288758
"485",292,0.69,1,1.02753573890612
"486",292.25,0.69,1,1.0123436313569
"487",292.5,0.69,1,0.995942781511389
"488",292.75,0.69,1,0.978497085608046
"489",293,0.69,1,0.960062663722825
"490",293.25,0.69,1,0.941043978262462
"491",293.5,0.69,1,0.921230012517558
"492",293.75,0.69,1,0.900977269991601
"493",294,0.69,1,0.880241508383934
"494",294.25,0.69,1,0.85913557503831
"495",294.5,0.69,1,0.837635316016777
"496",283.5,0.7,1,0.860863361494661
"497",283.75,0.7,1,0.872317359977416
"498",284,0.7,1,0.884172836251378
"499",284.25,0.7,1,0.896344610676523
"500",284.5,0.7,1,0.908802858733605
"501",284.75,0.7,1,0.921471834958414
"502",285,0.7,1,0.934223747609772
"503",285.25,0.7,1,0.947041730137795
"504",285.5,0.7,1,0.959845486762512
"505",285.75,0.7,1,0.972610890047997
"506",286,0.7,1,0.985281051980117
"507",286.25,0.7,1,0.997859387920858
"508",286.5,0.7,1,1.01023695385444
"509",286.75,0.7,1,1.02232170188459
"510",287,0.7,1,1.03397503454184
"511",287.25,0.7,1,1.04528601699066
"512",287.5,0.7,1,1.05594838410312
"513",287.75,0.7,1,1.06600727898753
"514",288,0.7,1,1.07533131185688
"515",288.25,0.7,1,1.08362314268216
"516",288.5,0.7,1,1.09089238459966
"517",288.75,0.7,1,1.09709846108888
"518",289,0.7,1,1.10197498476382
"519",289.25,0.7,1,1.10563445799059
"520",289.5,0.7,1,1.10769142751209
"521",289.75,0.7,1,1.10828082443636
"522",290,0.7,1,1.10734713182755
"523",290.25,0.7,1,1.10468348520535
"524",290.5,0.7,1,1.10030631911791
"525",290.75,0.7,1,1.09431198180297
"526",291,0.7,1,1.08655497746609
"527",291.25,0.7,1,1.07730905364764
"528",291.5,0.7,1,1.06622260902848
"529",291.75,0.7,1,1.05364567816887
"530",292,0.7,1,1.03945836204532
"531",292.25,0.7,1,1.0239169917156
"532",292.5,0.7,1,1.00727471213625
"533",292.75,0.7,1,0.989495538712044
"534",293,0.7,1,0.970731180195116
"535",293.25,0.7,1,0.95118529862503
"536",293.5,0.7,1,0.931017696983427
"537",293.75,0.7,1,0.910285378590607
"538",294,0.7,1,0.889324106311558
"539",294.25,0.7,1,0.867812262941163
"540",294.5,0.7,1,0.84614275655882
"541",283.5,0.71,1,0.866225659834611
"542",283.75,0.71,1,0.878003048463455
"543",284,0.71,1,0.890133518972136
"544",284.25,0.71,1,0.902604330749515
"545",284.5,0.71,1,0.91532591398946
"546",284.75,0.71,1,0.928217061333244
"547",285,0.71,1,0.941191090342555
"548",285.25,0.71,1,0.954219738433871
"549",285.5,0.71,1,0.967183618305684
"550",285.75,0.71,1,0.980278765519098
"551",286,0.71,1,0.993281480069549
"552",286.25,0.71,1,1.00621084161225
"553",286.5,0.71,1,1.01891308547423
"554",286.75,0.71,1,1.03138551916797
"555",287,0.71,1,1.04336152597881
"556",287.25,0.71,1,1.05499121859005
"557",287.5,0.71,1,1.06600345328558
"558",287.75,0.71,1,1.07650138404956
"559",288,0.71,1,1.08601003149619
"560",288.25,0.71,1,1.09473672026407
"561",288.5,0.71,1,1.1022520191388
"562",288.75,0.71,1,1.10868758889641
"563",289,0.71,1,1.11379762494997
"564",289.25,0.71,1,1.11757534490437
"565",289.5,0.71,1,1.11981204771438
"566",289.75,0.71,1,1.12057421307598
"567",290,0.71,1,1.11971130234763
"568",290.25,0.71,1,1.11713550798995
"569",290.5,0.71,1,1.11281754994422
"570",290.75,0.71,1,1.10677141837445
"571",291,0.71,1,1.09911604105335
"572",291.25,0.71,1,1.08955831619919
"573",291.5,0.71,1,1.07849972419412
"574",291.75,0.71,1,1.06571566565266
"575",292,0.71,1,1.05138642315988
"576",292.25,0.71,1,1.03569417193393
"577",292.5,0.71,1,1.01854254414373
"578",292.75,0.71,1,1.00042581093996
"579",293,0.71,1,0.981252426627348
"580",293.25,0.71,1,0.961345658792335
"581",293.5,0.71,1,0.940655609890896
"582",293.75,0.71,1,0.919678293597662
"583",294,0.71,1,0.898139237024194
"584",294.25,0.71,1,0.876462666829364
"585",294.5,0.71,1,0.854437452572366
"586",283.5,0.72,1,0.871533509996063
"587",283.75,0.72,1,0.883587666345581
"588",284,0.72,1,0.896007792913886
"589",284.25,0.72,1,0.908722964044754
"590",284.5,0.72,1,0.921673325298838
"591",284.75,0.72,1,0.934738442083458
"592",285,0.72,1,0.947900173514155
"593",285.25,0.72,1,0.961171317496243
"594",285.5,0.72,1,0.974526512942243
"595",285.75,0.72,1,0.987884071459025
"596",286,0.72,1,1.00112652888021
"597",286.25,0.72,1,1.01441631704443
"598",286.5,0.72,1,1.0274278472902
"599",286.75,0.72,1,1.04012817972207
"600",287,0.72,1,1.05256891191775
"601",287.25,0.72,1,1.0645888533476
"602",287.5,0.72,1,1.07600217050895
"603",287.75,0.72,1,1.08671740453685
"604",288,0.72,1,1.09657854282531
"605",288.25,0.72,1,1.10550785689499
"606",288.5,0.72,1,1.11328807247879
"607",288.75,0.72,1,1.12004848509815
"608",289,0.72,1,1.12536044363316
"609",289.25,0.72,1,1.12924455384003
"610",289.5,0.72,1,1.13169224617748
"611",289.75,0.72,1,1.13259473240204
"612",290,0.72,1,1.13165666619703
"613",290.25,0.72,1,1.12932459789995
"614",290.5,0.72,1,1.12501213839041
"615",290.75,0.72,1,1.11900441040306
"616",291,0.72,1,1.11125850212083
"617",291.25,0.72,1,1.1016746879189
"618",291.5,0.72,1,1.09043653847211
"619",291.75,0.72,1,1.07749964193061
"620",292,0.72,1,1.0629950297199
"621",292.25,0.72,1,1.04708467393592
"622",292.5,0.72,1,1.02983452627614
"623",292.75,0.72,1,1.01117650275211
"624",293,0.72,1,0.99170638717924
"625",293.25,0.72,1,0.971345016505823
"626",293.5,0.72,1,0.950229631398197
"627",293.75,0.72,1,0.928787432244029
"628",294,0.72,1,0.906935942132668
"629",294.25,0.72,1,0.884857963492664
"630",294.5,0.72,1,0.862516312942395
"631",283.5,0.73,1,0.876745342366867
"632",283.75,0.73,1,0.889037418697206
"633",284,0.73,1,0.901721466354095
"634",284.25,0.73,1,0.914673772248699
"635",284.5,0.73,1,0.927777043356693
"636",284.75,0.73,1,0.94102028483452
"637",285,0.73,1,0.954416412913754
"638",285.25,0.73,1,0.96794788815441
"639",285.5,0.73,1,0.981524871402834
"640",285.75,0.73,1,0.995182101239684
"641",286,0.73,1,1.0087839042272
"642",286.25,0.73,1,1.02233113313373
"643",286.5,0.73,1,1.03574436424817
"644",286.75,0.73,1,1.04886756093245
"645",287,0.73,1,1.0616608889527
"646",287.25,0.73,1,1.07401671446439
"647",287.5,0.73,1,1.08573472471417
"648",287.75,0.73,1,1.09663945652418
"649",288,0.73,1,1.10685666207794
"650",288.25,0.73,1,1.11606716037938
"651",288.5,0.73,1,1.1241173088638
"652",288.75,0.73,1,1.1309475476367
"653",289,0.73,1,1.13649119071481
"654",289.25,0.73,1,1.14064339921508
"655",289.5,0.73,1,1.14322757160789
"656",289.75,0.73,1,1.14412619655017
"657",290,0.73,1,1.14350862804005
"658",290.25,0.73,1,1.14102209124345
"659",290.5,0.73,1,1.13682545035377
"660",290.75,0.73,1,1.13086019505605
"661",291,0.73,1,1.12297238408604
"662",291.25,0.73,1,1.11350983092459
"663",291.5,0.73,1,1.10213005779646
"664",291.75,0.73,1,1.08908578461401
"665",292,0.73,1,1.0744705500475
"666",292.25,0.73,1,1.05834079361995
"667",292.5,0.73,1,1.04074584610547
"668",292.75,0.73,1,1.02191124464981
"669",293,0.73,1,1.00207469561812
"670",293.25,0.73,1,0.981245276581344
"671",293.5,0.73,1,0.959826700172427
"672",293.75,0.73,1,0.937861364237968
"673",294,0.73,1,0.915575885024148
"674",294.25,0.73,1,0.893086834198776
"675",294.5,0.73,1,0.870509318815749
"676",283.5,0.74,1,0.881837284744452
"677",283.75,0.74,1,0.894404060584609
"678",284,0.74,1,0.907271295328945
"679",284.25,0.74,1,0.920362145337258
"680",284.5,0.74,1,0.933640447141782
"681",284.75,0.74,1,0.947090930433243
"682",285,0.74,1,0.960747865635167
"683",285.25,0.74,1,0.974527830729687
"684",285.5,0.74,1,0.988424448414253
"685",285.75,0.74,1,1.00235964657628
"686",286,0.74,1,1.01630184531422
"687",286.25,0.74,1,1.03015483809476
"688",286.5,0.74,1,1.04394432217196
"689",286.75,0.74,1,1.05743589247486
"690",287,0.74,1,1.07055594296809
"691",287.25,0.74,1,1.08315247251292
"692",287.5,0.74,1,1.0951167940473
"693",287.75,0.74,1,1.10650593547648
"694",288,0.74,1,1.11683980675019
"695",288.25,0.74,1,1.12625834034712
"696",288.5,0.74,1,1.13455596779872
"697",288.75,0.74,1,1.14159327021601
"698",289,0.74,1,1.14729357099164
"699",289.25,0.74,1,1.15150968099991
"700",289.5,0.74,1,1.15427311361678
"701",289.75,0.74,1,1.15533343866732
"702",290,0.74,1,1.15475171629562
"703",290.25,0.74,1,1.15237504992898
"704",290.5,0.74,1,1.14832313301114
"705",290.75,0.74,1,1.14235197103417
"706",291,0.74,1,1.13449731233698
"707",291.25,0.74,1,1.12486737358282
"708",291.5,0.74,1,1.11355343453717
"709",291.75,0.74,1,1.10035624358442
"710",292,0.74,1,1.08563997826171
"711",292.25,0.74,1,1.06924444341565
"712",292.5,0.74,1,1.0515164300329
"713",292.75,0.74,1,1.03238547695815
"714",293,0.74,1,1.01220991053953
"715",293.25,0.74,1,0.991044414383185
"716",293.5,0.74,1,0.969225226098541
"717",293.75,0.74,1,0.946827268160473
"718",294,0.74,1,0.92409163487391
"719",294.25,0.74,1,0.901197026139727
"720",294.5,0.74,1,0.878263812661221
"721",283.5,0.75,1,0.886847908909617
"722",283.75,0.75,1,0.899574804441748
"723",284,0.75,1,0.912609929458845
"724",284.25,0.75,1,0.925836456224416
"725",284.5,0.75,1,0.939296378199582
"726",284.75,0.75,1,0.95298503787216
"727",285,0.75,1,0.966876386794392
"728",285.25,0.75,1,0.980883965355838
"729",285.5,0.75,1,0.995052548448131
"730",285.75,0.75,1,1.0092913010668
"731",286,0.75,1,1.02359948733377
"732",286.25,0.75,1,1.0378226254242
"733",286.5,0.75,1,1.05191258957716
"734",286.75,0.75,1,1.06570924146079
"735",287,0.75,1,1.07909827380839
"736",287.25,0.75,1,1.09209934812419
"737",287.5,0.75,1,1.10444425549325
"738",287.75,0.75,1,1.11589603139628
"739",288,0.75,1,1.12650923740769
"740",288.25,0.75,1,1.13615634747316
"741",288.5,0.75,1,1.14464075286418
"742",288.75,0.75,1,1.15189709124614
"743",289,0.75,1,1.1576874392253
"744",289.25,0.75,1,1.16209987485233
"745",289.5,0.75,1,1.16493323334814
"746",289.75,0.75,1,1.1661154364499
"747",290,0.75,1,1.16567781004019
"748",290.25,0.75,1,1.16328182998957
"749",290.5,0.75,1,1.15929459063822
"750",290.75,0.75,1,1.15329671213556
"751",291,0.75,1,1.14551565924435
"752",291.25,0.75,1,1.13591872261351
"753",291.5,0.75,1,1.12446767483336
"754",291.75,0.75,1,1.1112439598215
"755",292,0.75,1,1.09629815715619
"756",292.25,0.75,1,1.07984906026307
"757",292.5,0.75,1,1.0619066938102
"758",292.75,0.75,1,1.0426430899459
"759",293,0.75,1,1.0221537133269
"760",293.25,0.75,1,1.0006404581649
"761",293.5,0.75,1,0.978438934996745
"762",293.75,0.75,1,0.955661394812411
"763",294,0.75,1,0.932456349109391
"764",294.25,0.75,1,0.9091934443044
"765",294.5,0.75,1,0.885753239894809
"766",283.5,0.76,1,0.891642049910421
"767",283.75,0.76,1,0.904521378340579
"768",284,0.76,1,0.917708310980107
"769",284.25,0.76,1,0.931106268647547
"770",284.5,0.76,1,0.944765763256573
"771",284.75,0.76,1,0.958644938777285
"772",285,0.76,1,0.972786620956677
"773",285.25,0.76,1,0.987022853156922
"774",285.5,0.76,1,1.00153148163137
"775",285.75,0.76,1,1.01608479639368
"776",286,0.76,1,1.03068642085421
"777",286.25,0.76,1,1.04523800540787
"778",286.5,0.76,1,1.05963265026621
"779",286.75,0.76,1,1.0737562443577
"780",287,0.76,1,1.08741571440825
"781",287.25,0.76,1,1.10065584879019
"782",287.5,0.76,1,1.11317863535854
"783",287.75,0.76,1,1.12497711883736
"784",288,0.76,1,1.13575888763434
"785",288.25,0.76,1,1.14565121730135
"786",288.5,0.76,1,1.15422441115042
"787",288.75,0.76,1,1.16166611368709
"788",289,0.76,1,1.16767429407572
"789",289.25,0.76,1,1.17224808866851
"790",289.5,0.76,1,1.17519870709194
"791",289.75,0.76,1,1.17640950409211
"792",290,0.76,1,1.17602276721565
"793",290.25,0.76,1,1.17383925066472
"794",290.5,0.76,1,1.1697292544894
"795",290.75,0.76,1,1.16376359327475
"796",291,0.76,1,1.15602524699391
"797",291.25,0.76,1,1.1464034465719
"798",291.5,0.76,1,1.13490221826849
"799",291.75,0.76,1,1.12164368884587
"800",292,0.76,1,1.10663177800263
"801",292.25,0.76,1,1.0901358234621
"802",292.5,0.76,1,1.07196341808472
"803",292.75,0.76,1,1.05254184978281
"804",293,0.76,1,1.03182303477561
"805",293.25,0.76,1,1.01008469373214
"806",293.5,0.76,1,0.987456916900013
"807",293.75,0.76,1,0.964303499555572
"808",294,0.76,1,0.940723355668491
"809",294.25,0.76,1,0.916928382653086
"810",294.5,0.76,1,0.893227909693862
"811",283.5,0.77,1,0.896234811888842
"812",283.75,0.77,1,0.909248179799318
"813",284,0.77,1,0.922526023560378
"814",284.25,0.77,1,0.93612686279225
"815",284.5,0.77,1,0.949993672260119
"816",284.75,0.77,1,0.964072663120639
"817",285,0.77,1,0.978409056830777
"818",285.25,0.77,1,0.993052776733502
"819",285.5,0.77,1,1.00776665338554
"820",285.75,0.77,1,1.0226521585195
"821",286,0.77,1,1.03758320112339
"822",286.25,0.77,1,1.05241398797411
"823",286.5,0.77,1,1.06712212989265
"824",286.75,0.77,1,1.08141363288304
"825",287,0.77,1,1.09542990079439
"826",287.25,0.77,1,1.10885858155249
"827",287.5,0.77,1,1.12158472513171
"828",287.75,0.77,1,1.13356416756371
"829",288,0.77,1,1.1445432320937
"830",288.25,0.77,1,1.15463519962677
"831",288.5,0.77,1,1.16343896756625
"832",288.75,0.77,1,1.17095804095096
"833",289,0.77,1,1.17710175492704
"834",289.25,0.77,1,1.18183787254676
"835",289.5,0.77,1,1.1848917193338
"836",289.75,0.77,1,1.18633426667655
"837",290,0.77,1,1.18581113627982
"838",290.25,0.77,1,1.18366815463029
"839",290.5,0.77,1,1.1796332870238
"840",290.75,0.77,1,1.17370999370692
"841",291,0.77,1,1.16589693941658
"842",291.25,0.77,1,1.15633613332584
"843",291.5,0.77,1,1.14485306700621
"844",291.75,0.77,1,1.13148711545733
"845",292,0.77,1,1.11641907077923
"846",292.25,0.77,1,1.09983443056349
"847",292.5,0.77,1,1.0816302031221
"848",292.75,0.77,1,1.06198521972291
"849",293,0.77,1,1.04108228984593
"850",293.25,0.77,1,1.01914251768876
"851",293.5,0.77,1,0.996263462387497
"852",293.75,0.77,1,0.972659822344427
"853",294,0.77,1,0.948759026114686
"854",294.25,0.77,1,0.924602975674748
"855",294.5,0.77,1,0.900394764567186
"856",283.5,0.78,1,0.900584710418508
"857",283.75,0.78,1,0.913723761102211
"858",284,0.78,1,0.927181383677849
"859",284.25,0.78,1,0.940929165187063
"860",284.5,0.78,1,0.954981154813763
"861",284.75,0.78,1,0.969282271539716
"862",285,0.78,1,0.983908759359617
"863",285.25,0.78,1,0.998747906767133
"864",285.5,0.78,1,1.01381569251551
"865",285.75,0.78,1,1.02898345523392
"866",286,0.78,1,1.04412799527058
"867",286.25,0.78,1,1.05928840042716
"868",286.5,0.78,1,1.07427531557926
"869",286.75,0.78,1,1.0888230626758
"870",287,0.78,1,1.10298178217572
"871",287.25,0.78,1,1.11662115618103
"872",287.5,0.78,1,1.12960191162459
"873",287.75,0.78,1,1.14172015586214
"874",288,0.78,1,1.15292758541896
"875",288.25,0.78,1,1.16300671431828
"876",288.5,0.78,1,1.17213769882165
"877",288.75,0.78,1,1.17966814142903
"878",289,0.78,1,1.18599409465489
"879",289.25,0.78,1,1.19080628996031
"880",289.5,0.78,1,1.19395543987927
"881",289.75,0.78,1,1.19543029076064
"882",290,0.78,1,1.19503957460429
"883",290.25,0.78,1,1.19303513737499
"884",290.5,0.78,1,1.18891620456568
"885",290.75,0.78,1,1.18316905242577
"886",291,0.78,1,1.17550055555433
"887",291.25,0.78,1,1.16569956250904
"888",291.5,0.78,1,1.15417606080651
"889",291.75,0.78,1,1.14085916565354
"890",292,0.78,1,1.12579175708706
"891",292.25,0.78,1,1.10901056502699
"892",292.5,0.78,1,1.09071153978343
"893",292.75,0.78,1,1.07095876861778
"894",293,0.78,1,1.0499259642115
"895",293.25,0.78,1,1.0277624394268
"896",293.5,0.78,1,1.00472056347798
"897",293.75,0.78,1,0.980903168869832
"898",294,0.78,1,0.956534262365816
"899",294.25,0.78,1,0.932039364256669
"900",294.5,0.78,1,0.907406265323295
"901",283.5,0.79,1,0.904717959837276
"902",283.75,0.79,1,0.917985269588473
"903",284,0.79,1,0.931580749368094
"904",284.25,0.79,1,0.945519290510135
"905",284.5,0.79,1,0.959734443805276
"906",284.75,0.79,1,0.974303932098338
"907",285,0.79,1,0.98913625339351
"908",285.25,0.79,1,1.00425947346405
"909",285.5,0.79,1,1.01955874479615
"910",285.75,0.79,1,1.03501731516134
"911",286,0.79,1,1.05040495069987
"912",286.25,0.79,1,1.06578371373174
"913",286.5,0.79,1,1.08093809210091
"914",286.75,0.79,1,1.09580214777645
"915",287,0.79,1,1.11019122937507
"916",287.25,0.79,1,1.12394830508162
"917",287.5,0.79,1,1.13705426334388
"918",287.75,0.79,1,1.14933547964661
"919",288,0.79,1,1.16063173376463
"920",288.25,0.79,1,1.17103186559479
"921",288.5,0.79,1,1.18011811685237
"922",288.75,0.79,1,1.1879569364312
"923",289,0.79,1,1.19431167261251
"924",289.25,0.79,1,1.19910636767527
"925",289.5,0.79,1,1.20234132215921
"926",289.75,0.79,1,1.20393579245022
"927",290,0.79,1,1.20372321181077
"928",290.25,0.79,1,1.20168961782647
"929",290.5,0.79,1,1.1977179212048
"930",290.75,0.79,1,1.1919220959114
"931",291,0.79,1,1.18417282256192
"932",291.25,0.79,1,1.17457182334851
"933",291.5,0.79,1,1.16294662005595
"934",291.75,0.79,1,1.14961032335875
"935",292,0.79,1,1.13449360563234
"936",292.25,0.79,1,1.11770719804794
"937",292.5,0.79,1,1.09930381088011
"938",292.75,0.79,1,1.07950434556791
"939",293,0.79,1,1.05835736871751
"940",293.25,0.79,1,1.035953912043
"941",293.5,0.79,1,1.01272853344668
"942",293.75,0.79,1,0.988642462107484
"943",294,0.79,1,0.964119074978334
"944",294.25,0.79,1,0.939182147299393
"945",294.5,0.79,1,0.914214516966064
"946",283.5,0.8,1,0.908633129088135
"947",283.75,0.8,1,0.922022809820322
"948",284,0.8,1,0.935735215829362
"949",284.25,0.8,1,0.949819325444998
"950",284.5,0.8,1,0.964236186500914
"951",284.75,0.8,1,0.979003561194186
"952",285,0.8,1,0.994123993907727
"953",285.25,0.8,1,1.00948006453032
"954",285.5,0.8,1,1.02509727741126
"955",285.75,0.8,1,1.0407430540951
"956",286,0.8,1,1.05637777229257
"957",286.25,0.8,1,1.07200746239267
"958",286.5,0.8,1,1.08728873973284
"959",286.75,0.8,1,1.10227452659069
"960",287,0.8,1,1.11684070572166
"961",287.25,0.8,1,1.13081667800465
"962",287.5,0.8,1,1.14395450921924
"963",287.75,0.8,1,1.15641675630672
"964",288,0.8,1,1.16796371001343
"965",288.25,0.8,1,1.17836629391299
"966",288.5,0.8,1,1.18759661829803
"967",288.75,0.8,1,1.19554869846348
"968",289,0.8,1,1.20191734519427
"969",289.25,0.8,1,1.20686404246357
"970",289.5,0.8,1,1.21017631524311
"971",289.75,0.8,1,1.21183300663298
"972",290,0.8,1,1.2116961172185
"973",290.25,0.8,1,1.20974220729616
"974",290.5,0.8,1,1.20573328904047
"975",290.75,0.8,1,1.20001099873961
"976",291,0.8,1,1.19222605602451
"977",291.25,0.8,1,1.18259421987325
"978",291.5,0.8,1,1.17109463683384
"979",291.75,0.8,1,1.15782937584916
"980",292,0.8,1,1.14260513074062
"981",292.25,0.8,1,1.12572366375555
"982",292.5,0.8,1,1.10728056324804
"983",292.75,0.8,1,1.08741498757513
"984",293,0.8,1,1.0661907166117
"985",293.25,0.8,1,1.0436945614854
"986",293.5,0.8,1,1.02029138768647
"987",293.75,0.8,1,0.996081977500785
"988",294,0.8,1,0.971236872029566
"989",294.25,0.8,1,0.946001665601774
"990",294.5,0.8,1,0.920755704925983
"991",283.5,0.81,1,0.912284492310307
"992",283.75,0.81,1,0.925772053867363
"993",284,0.81,1,0.93964033331421
"994",284.25,0.81,1,0.953895372737096
"995",284.5,0.81,1,0.968496922514792
"996",284.75,0.81,1,0.983492717509967
"997",285,0.81,1,0.998848550214961
"998",285.25,0.81,1,1.01448353014766
"999",285.5,0.81,1,1.03026605740594
"1000",285.75,0.81,1,1.04611775358653
"1001",286,0.81,1,1.06194454021417
"1002",286.25,0.81,1,1.07767521011363
"1003",286.5,0.81,1,1.09322640721534
"1004",286.75,0.81,1,1.10834095909707
"1005",287,0.81,1,1.12303435779429
"1006",287.25,0.81,1,1.13709783562096
"1007",287.5,0.81,1,1.1504698038347
"1008",287.75,0.81,1,1.16299632054524
"1009",288,0.81,1,1.17464755096072
"1010",288.25,0.81,1,1.18507835305334
"1011",288.5,0.81,1,1.19442608081804
"1012",288.75,0.81,1,1.20235168854933
"1013",289,0.81,1,1.20897412964668
"1014",289.25,0.81,1,1.21406528646345
"1015",289.5,0.81,1,1.21744811590375
"1016",289.75,0.81,1,1.21916754792504
"1017",290,0.81,1,1.21897436080295
"1018",290.25,0.81,1,1.21700831502252
"1019",290.5,0.81,1,1.21320035023156
"1020",290.75,0.81,1,1.20739780350304
"1021",291,0.81,1,1.19959652010627
"1022",291.25,0.81,1,1.19011153251841
"1023",291.5,0.81,1,1.17856411033913
"1024",291.75,0.81,1,1.16516628974355
"1025",292,0.81,1,1.14997863729307
"1026",292.25,0.81,1,1.13311160265716
"1027",292.5,0.81,1,1.11467513258126
"1028",292.75,0.81,1,1.09466702276577
"1029",293,0.81,1,1.07344418142269
"1030",293.25,0.81,1,1.05091645006427
"1031",293.5,0.81,1,1.02735757023772
"1032",293.75,0.81,1,1.00303750723681
"1033",294,0.81,1,0.978022335806148
"1034",294.25,0.81,1,0.952581053316085
"1035",294.5,0.81,1,0.926996603106403
"1036",283.5,0.82,1,0.915692080881703
"1037",283.75,0.82,1,0.929301323360082
"1038",284,0.82,1,0.94325814117851
"1039",284.25,0.82,1,0.957711556998238
"1040",284.5,0.82,1,0.97254401791084
"1041",284.75,0.82,1,0.987751435321782
"1042",285,0.82,1,1.00325493875254
"1043",285.25,0.82,1,1.01908845409297
"1044",285.5,0.82,1,1.03505245086681
"1045",285.75,0.82,1,1.05108440183718
"1046",286,0.82,1,1.06708923246858
"1047",286.25,0.82,1,1.08294450009193
"1048",286.5,0.82,1,1.09861584993959
"1049",286.75,0.82,1,1.11381986770632
"1050",287,0.82,1,1.12866299409014
"1051",287.25,0.82,1,1.14282113132686
"1052",287.5,0.82,1,1.15630344440749
"1053",287.75,0.82,1,1.16894783563494
"1054",288,0.82,1,1.18052091663136
"1055",288.25,0.82,1,1.19121038720453
"1056",288.5,0.82,1,1.2006058752264
"1057",288.75,0.82,1,1.20871770104689
"1058",289,0.82,1,1.21524569313223
"1059",289.25,0.82,1,1.22033885779922
"1060",289.5,0.82,1,1.22377712889935
"1061",289.75,0.82,1,1.2255439951623
"1062",290,0.82,1,1.22550067795886
"1063",290.25,0.82,1,1.22365682561466
"1064",290.5,0.82,1,1.21977217455375
"1065",290.75,0.82,1,1.21418207409784
"1066",291,0.82,1,1.20640806750911
"1067",291.25,0.82,1,1.19679109319827
"1068",291.5,0.82,1,1.18525542917145
"1069",291.75,0.82,1,1.1718852664
"1070",292,0.82,1,1.15668010725546
"1071",292.25,0.82,1,1.13980682495571
"1072",292.5,0.82,1,1.12130093192971
"1073",292.75,0.82,1,1.10137508273137
"1074",293,0.82,1,1.08008211606033
"1075",293.25,0.82,1,1.05749401758365
"1076",293.5,0.82,1,1.03387795562298
"1077",293.75,0.82,1,1.00944304007356
"1078",294,0.82,1,0.984245574906295
"1079",294.25,0.82,1,0.958663931908757
"1080",294.5,0.82,1,0.932816247114396
"1081",283.5,0.83,1,0.918813451673307
"1082",283.75,0.83,1,0.932537610270952
"1083",284,0.83,1,0.946672376685125
"1084",284.25,0.83,1,0.961244374889278
"1085",284.5,0.83,1,0.976271706006375
"1086",284.75,0.83,1,0.991670346456313
"1087",285,0.83,1,1.0073504360331
"1088",285.25,0.83,1,1.02335686709641
"1089",285.5,0.83,1,1.03946289778996
"1090",285.75,0.83,1,1.05566519185112
"1091",286,0.83,1,1.07176312428965
"1092",286.25,0.83,1,1.08774514979269
"1093",286.5,0.83,1,1.10352166615546
"1094",286.75,0.83,1,1.11880258294728
"1095",287,0.83,1,1.13364565916176
"1096",287.25,0.83,1,1.14794440359227
"1097",287.5,0.83,1,1.16142015154324
"1098",287.75,0.83,1,1.17415969144748
"1099",288,0.83,1,1.18597493077285
"1100",288.25,0.83,1,1.19653821006434
"1101",288.5,0.83,1,1.206095093767
"1102",288.75,0.83,1,1.21420160760476
"1103",289,0.83,1,1.22091244461999
"1104",289.25,0.83,1,1.22600658940407
"1105",289.5,0.83,1,1.22949098990857
"1106",289.75,0.83,1,1.2312956319872
"1107",290,0.83,1,1.2312745066694
"1108",290.25,0.83,1,1.22945504476064
"1109",290.5,0.83,1,1.22563655154772
"1110",290.75,0.83,1,1.21995438617261
"1111",291,0.83,1,1.21225034524002
"1112",291.25,0.83,1,1.20276418188637
"1113",291.5,0.83,1,1.19113774512089
"1114",291.75,0.83,1,1.17772960200605
"1115",292,0.83,1,1.16265781633345
"1116",292.25,0.83,1,1.14580995787065
"1117",292.5,0.83,1,1.1272781903019
"1118",292.75,0.83,1,1.10733898319166
"1119",293,0.83,1,1.08598241307139
"1120",293.25,0.83,1,1.06339249258935
"1121",293.5,0.83,1,1.03974578931931
"1122",293.75,0.83,1,1.01519994010615
"1123",294,0.83,1,0.989989000384648
"1124",294.25,0.83,1,0.964291936877134
"1125",294.5,0.83,1,0.938306805217857
"1126",283.5,0.84,1,0.921721216884766
"1127",283.75,0.84,1,0.935542599468118
"1128",284,0.84,1,0.949811312622794
"1129",284.25,0.84,1,0.964565084658542
"1130",284.5,0.84,1,0.979711570774683
"1131",284.75,0.84,1,0.995265293108334
"1132",285,0.84,1,1.01110997155501
"1133",285.25,0.84,1,1.02721521761554
"1134",285.5,0.84,1,1.04345289096998
"1135",285.75,0.84,1,1.05971939881098
"1136",286,0.84,1,1.07595280612112
"1137",286.25,0.84,1,1.09199855351091
"1138",286.5,0.84,1,1.10770545767246
"1139",286.75,0.84,1,1.12319248763723
"1140",287,0.84,1,1.13811889683795
"1141",287.25,0.84,1,1.15240115781209
"1142",287.5,0.84,1,1.1660624363045
"1143",287.75,0.84,1,1.17874646169299
"1144",288,0.84,1,1.19054215097515
"1145",288.25,0.84,1,1.20128146718564
"1146",288.5,0.84,1,1.21076408974572
"1147",288.75,0.84,1,1.21892775315992
"1148",289,0.84,1,1.22567183516392
"1149",289.25,0.84,1,1.23083344211108
"1150",289.5,0.84,1,1.23434973387262
"1151",289.75,0.84,1,1.23617568809339
"1152",290,0.84,1,1.23621120934753
"1153",290.25,0.84,1,1.23438389126905
"1154",290.5,0.84,1,1.23063223665383
"1155",290.75,0.84,1,1.2249175168181
"1156",291,0.84,1,1.21730880511782
"1157",291.25,0.84,1,1.20775048707199
"1158",291.5,0.84,1,1.19620796238126
"1159",291.75,0.84,1,1.18293001034162
"1160",292,0.84,1,1.16779645772317
"1161",292.25,0.84,1,1.15091744363989
"1162",292.5,0.84,1,1.13244891740098
"1163",292.75,0.84,1,1.11254918296491
"1164",293,0.84,1,1.09109199813181
"1165",293.25,0.84,1,1.06859227581195
"1166",293.5,0.84,1,1.04493503992606
"1167",293.75,0.84,1,1.02043485574176
"1168",294,0.84,1,0.995198894431196
"1169",294.25,0.84,1,0.96939334958798
"1170",294.5,0.84,1,0.943238142435266
"1171",283.5,0.85,1,0.924336238497783
"1172",283.75,0.85,1,0.93826525316445
"1173",284,0.85,1,0.952679759168771
"1174",284.25,0.85,1,0.967545565443832
"1175",284.5,0.85,1,0.982863478354721
"1176",284.75,0.85,1,0.998529729780426
"1177",285,0.85,1,1.01448411142732
"1178",285.25,0.85,1,1.03066157966409
"1179",285.5,0.85,1,1.04698468210107
"1180",285.75,0.85,1,1.06330970989173
"1181",286,0.85,1,1.07956713207058
"1182",286.25,0.85,1,1.09564807087387
"1183",286.5,0.85,1,1.11142452837475
"1184",286.75,0.85,1,1.12687736213189
"1185",287,0.85,1,1.14182526583509
"1186",287.25,0.85,1,1.15613312842696
"1187",287.5,0.85,1,1.16979479699341
"1188",287.75,0.85,1,1.1825986549238
"1189",288,0.85,1,1.19441056585619
"1190",288.25,0.85,1,1.20514534576626
"1191",288.5,0.85,1,1.21464765804765
"1192",288.75,0.85,1,1.22286302905105
"1193",289,0.85,1,1.22952370384572
"1194",289.25,0.85,1,1.23484859096497
"1195",289.5,0.85,1,1.23838419150393
"1196",289.75,0.85,1,1.2402351637474
"1197",290,0.85,1,1.24013177747518
"1198",290.25,0.85,1,1.2383872911969
"1199",290.5,0.85,1,1.23469835977071
"1200",290.75,0.85,1,1.22898015811262
"1201",291,0.85,1,1.22140490100403
"1202",291.25,0.85,1,1.21187367819393
"1203",291.5,0.85,1,1.20048001174785
"1204",291.75,0.85,1,1.18712833265826
"1205",292,0.85,1,1.17202712662831
"1206",292.25,0.85,1,1.15523839431975
"1207",292.5,0.85,1,1.13683529901071
"1208",292.75,0.85,1,1.11689248980527
"1209",293,0.85,1,1.09551382609126
"1210",293.25,0.85,1,1.07299530131695
"1211",293.5,0.85,1,1.04939310649595
"1212",293.75,0.85,1,1.02488722773244
"1213",294,0.85,1,0.999645735475381
"1214",294.25,0.85,1,0.973841894111094
"1215",294.5,0.85,1,0.947664037102966
"1216",283.5,0.86,1,0.926695657497291
"1217",283.75,0.86,1,0.940710120854865
"1218",284,0.86,1,0.955231882251054
"1219",284.25,0.86,1,0.970196413439993
"1220",284.5,0.86,1,0.985651058640988
"1221",284.75,0.86,1,1.00140619734894
"1222",285,0.86,1,1.01740518201048
"1223",285.25,0.86,1,1.03366063186395
"1224",285.5,0.86,1,1.04999592192236
"1225",285.75,0.86,1,1.0663554899354
"1226",286,0.86,1,1.08261530501076
"1227",286.25,0.86,1,1.09867998364436
"1228",286.5,0.86,1,1.11452174726467
"1229",286.75,0.86,1,1.1299602983567
"1230",287,0.86,1,1.14498565599651
"1231",287.25,0.86,1,1.15931424950458
"1232",287.5,0.86,1,1.17288273166447
"1233",287.75,0.86,1,1.18573478560338
"1234",288,0.86,1,1.19755440357126
"1235",288.25,0.86,1,1.20818238821941
"1236",288.5,0.86,1,1.21775307870181
"1237",288.75,0.86,1,1.2258425933852
"1238",289,0.86,1,1.23273957200978
"1239",289.25,0.86,1,1.23795081632127
"1240",289.5,0.86,1,1.24149096594468
"1241",289.75,0.86,1,1.24334850816889
"1242",290,0.86,1,1.24334665084173
"1243",290.25,0.86,1,1.2414981141271
"1244",290.5,0.86,1,1.23782399332152
"1245",290.75,0.86,1,1.23223054870788
"1246",291,0.86,1,1.22469164732509
"1247",291.25,0.86,1,1.21511981881408
"1248",291.5,0.86,1,1.20375238588153
"1249",291.75,0.86,1,1.19054404264555
"1250",292,0.86,1,1.17549125027883
"1251",292.25,0.86,1,1.15861740640046
"1252",292.5,0.86,1,1.14027393503738
"1253",292.75,0.86,1,1.12037692235646
"1254",293,0.86,1,1.0991412182412
"1255",293.25,0.86,1,1.07666622379083
"1256",293.5,0.86,1,1.05305209063878
"1257",293.75,0.86,1,1.02862824798348
"1258",294,0.86,1,1.00339097593092
"1259",294.25,0.86,1,0.97756498347123
"1260",294.5,0.86,1,0.951457030133033
"1261",283.5,0.87,1,0.928765448371977
"1262",283.75,0.87,1,0.942878037895299
"1263",284,0.87,1,0.957483037405074
"1264",284.25,0.87,1,0.972554327871088
"1265",284.5,0.87,1,0.988016598230694
"1266",284.75,0.87,1,1.00384041033712
"1267",285,0.87,1,1.0199033559678
"1268",285.25,0.87,1,1.03614742677364
"1269",285.5,0.87,1,1.05250411333624
"1270",285.75,0.87,1,1.06882637941146
"1271",286,0.87,1,1.08508293408762
"1272",286.25,0.87,1,1.1011516329256
"1273",286.5,0.87,1,1.11695161975849
"1274",286.75,0.87,1,1.13238991741588
"1275",287,0.87,1,1.14727189864034
"1276",287.25,0.87,1,1.16157061773757
"1277",287.5,0.87,1,1.17521082955949
"1278",287.75,0.87,1,1.18796525288913
"1279",288,0.87,1,1.19971593296731
"1280",288.25,0.87,1,1.21046148673653
"1281",288.5,0.87,1,1.21991438044226
"1282",288.75,0.87,1,1.22806085728722
"1283",289,0.87,1,1.23479545851968
"1284",289.25,0.87,1,1.23999856584437
"1285",289.5,0.87,1,1.24352516917601
"1286",289.75,0.87,1,1.24537298226285
"1287",290,0.87,1,1.24545874610031
"1288",290.25,0.87,1,1.2435673279651
"1289",290.5,0.87,1,1.23990160116127
"1290",290.75,0.87,1,1.23441573589555
"1291",291,0.87,1,1.22678726057646
"1292",291.25,0.87,1,1.21734076838082
"1293",291.5,0.87,1,1.20603669408919
"1294",291.75,0.87,1,1.19281202713794
"1295",292,0.87,1,1.17787650097916
"1296",292.25,0.87,1,1.16118169958657
"1297",292.5,0.87,1,1.14279522266174
"1298",292.75,0.87,1,1.12300008485086
"1299",293,0.87,1,1.10182347370934
"1300",293.25,0.87,1,1.07937921630421
"1301",293.5,0.87,1,1.05596663674882
"1302",293.75,0.87,1,1.03154502962721
"1303",294,0.87,1,1.00639926584682
"1304",294.25,0.87,1,0.980652672433102
"1305",294.5,0.87,1,0.954599615643536
"1306",283.5,0.88,1,0.930551645312621
"1307",283.75,0.88,1,0.944724577390891
"1308",284,0.88,1,0.959395063262036
"1309",284.25,0.88,1,0.974536840687578
"1310",284.5,0.88,1,0.990028122440873
"1311",284.75,0.88,1,1.00581741503898
"1312",285,0.88,1,1.02191502163127
"1313",285.25,0.88,1,1.03815189637613
"1314",285.5,0.88,1,1.0543673652552
"1315",285.75,0.88,1,1.07067457712231
"1316",286,0.88,1,1.08689950603098
"1317",286.25,0.88,1,1.10293841534873
"1318",286.5,0.88,1,1.11865259259803
"1319",286.75,0.88,1,1.13402645902536
"1320",287,0.88,1,1.14893401603567
"1321",287.25,0.88,1,1.16313798431156
"1322",287.5,0.88,1,1.17671107112876
"1323",287.75,0.88,1,1.18940523098027
"1324",288,0.88,1,1.20104889609576
"1325",288.25,0.88,1,1.21175318718615
"1326",288.5,0.88,1,1.22119124327648
"1327",288.75,0.88,1,1.22928561441992
"1328",289,0.88,1,1.23593751577161
"1329",289.25,0.88,1,1.24110847269158
"1330",289.5,0.88,1,1.24466298634324
"1331",289.75,0.88,1,1.24648834648912
"1332",290,0.88,1,1.24647203771827
"1333",290.25,0.88,1,1.24471343260264
"1334",290.5,0.88,1,1.24098335245333
"1335",290.75,0.88,1,1.23542216606738
"1336",291,0.88,1,1.22794719239212
"1337",291.25,0.88,1,1.21850949691931
"1338",291.5,0.88,1,1.2072849941805
"1339",291.75,0.88,1,1.19418206830125
"1340",292,0.88,1,1.17923298774401
"1341",292.25,0.88,1,1.16263304164374
"1342",292.5,0.88,1,1.14442773001263
"1343",292.75,0.88,1,1.12472558170975
"1344",293,0.88,1,1.10363516239056
"1345",293.25,0.88,1,1.08131193573285
"1346",293.5,0.88,1,1.05793161716487
"1347",293.75,0.88,1,1.03359479793011
"1348",294,0.88,1,1.00856820798535
"1349",294.25,0.88,1,0.983014469464362
"1350",294.5,0.88,1,0.956953144824353
"1351",283.5,0.89,1,0.932053305303647
"1352",283.75,0.89,1,0.946279415650166
"1353",284,0.89,1,0.960956593603858
"1354",284.25,0.89,1,0.976088413326073
"1355",284.5,0.89,1,0.991558577965314
"1356",284.75,0.89,1,1.00735144986234
"1357",285,0.89,1,1.02336025316237
"1358",285.25,0.89,1,1.03949686378532
"1359",285.5,0.89,1,1.05571375382956
"1360",285.75,0.89,1,1.07192792119254
"1361",286,0.89,1,1.08808282448831
"1362",286.25,0.89,1,1.10398381757086
"1363",286.5,0.89,1,1.11966576428285
"1364",286.75,0.89,1,1.13491622152941
"1365",287,0.89,1,1.1496718873629
"1366",287.25,0.89,1,1.1638252426534
"1367",287.5,0.89,1,1.1772941219253
"1368",287.75,0.89,1,1.1899359075431
"1369",288,0.89,1,1.20155075019111
"1370",288.25,0.89,1,1.21209237978056
"1371",288.5,0.89,1,1.22139365945907
"1372",288.75,0.89,1,1.22949749541694
"1373",289,0.89,1,1.23612447783481
"1374",289.25,0.89,1,1.24121707633079
"1375",289.5,0.89,1,1.24467237432349
"1376",289.75,0.89,1,1.24645962336173
"1377",290,0.89,1,1.24647303762705
"1378",290.25,0.89,1,1.24465460369671
"1379",290.5,0.89,1,1.24087968919373
"1380",290.75,0.89,1,1.23544764594874
"1381",291,0.89,1,1.2279241763084
"1382",291.25,0.89,1,1.21857121318474
"1383",291.5,0.89,1,1.20736402571876
"1384",291.75,0.89,1,1.19431891295911
"1385",292,0.89,1,1.17953429103317
"1386",292.25,0.89,1,1.16301430901111
"1387",292.5,0.89,1,1.14492481682509
"1388",292.75,0.89,1,1.12531768558846
"1389",293,0.89,1,1.10437195126469
"1390",293.25,0.89,1,1.08219108799076
"1391",293.5,0.89,1,1.05895528666285
"1392",293.75,0.89,1,1.03478713056117
"1393",294,0.89,1,1.00993621260443
"1394",294.25,0.89,1,0.984483267411326
"1395",294.5,0.89,1,0.958629225566796
"1396",283.5,0.9,1,0.933226203251584
"1397",283.75,0.9,1,0.947434303891258
"1398",284,0.9,1,0.962141884882315
"1399",284.25,0.9,1,0.977235194977977
"1400",284.5,0.9,1,0.992647685348012
"1401",284.75,0.9,1,1.00836009973921
"1402",285,0.9,1,1.02429796060907
"1403",285.25,0.9,1,1.04034540765476
"1404",285.5,0.9,1,1.05645218188714
"1405",285.75,0.9,1,1.07254906816618
"1406",286,0.9,1,1.08853333923923
"1407",286.25,0.9,1,1.10436194453368
"1408",286.5,0.9,1,1.11989131365061
"1409",286.75,0.9,1,1.13502693335951
"1410",287,0.9,1,1.14969248671546
"1411",287.25,0.9,1,1.16371945848033
"1412",287.5,0.9,1,1.17699155004088
"1413",287.75,0.9,1,1.18951378491162
"1414",288,0.9,1,1.20098729377622
"1415",288.25,0.9,1,1.21147351425597
"1416",288.5,0.9,1,1.22064096807849
"1417",288.75,0.9,1,1.22860100656952
"1418",289,0.9,1,1.23515470919422
"1419",289.25,0.9,1,1.24012602186554
"1420",289.5,0.9,1,1.2435106322246
"1421",289.75,0.9,1,1.24524302988217
"1422",290,0.9,1,1.24524217037338
"1423",290.25,0.9,1,1.24342972306491
"1424",290.5,0.9,1,1.23973466525565
"1425",290.75,0.9,1,1.23423609634203
"1426",291,0.9,1,1.2267646215246
"1427",291.25,0.9,1,1.21750167526387
"1428",291.5,0.9,1,1.20634787833764
"1429",291.75,0.9,1,1.1933946235488
"1430",292,0.9,1,1.178618556058
"1431",292.25,0.9,1,1.16229522052086
"1432",292.5,0.9,1,1.14433370600282
"1433",292.75,0.9,1,1.1248573945242
"1434",293,0.9,1,1.10407983321809
"1435",293.25,0.9,1,1.08213577725859
"1436",293.5,0.9,1,1.058997818436
"1437",293.75,0.9,1,1.03505361815074
"1438",294,0.9,1,1.01031887623273
"1439",294.25,0.9,1,0.985076217445256
"1440",294.5,0.9,1,0.959386741927814
"1441",283.5,0.91,1,0.934047073759212
"1442",283.75,0.91,1,0.948250754766746
"1443",284,0.91,1,0.962886000069834
"1444",284.25,0.91,1,0.97790823647545
"1445",284.5,0.91,1,0.993234851485192
"1446",284.75,0.91,1,1.00882458519867
"1447",285,0.91,1,1.02461777060098
"1448",285.25,0.91,1,1.0405284872423
"1449",285.5,0.91,1,1.05651625259256
"1450",285.75,0.91,1,1.07246154932822
"1451",286,0.91,1,1.08830664999297
"1452",286.25,0.91,1,1.10396937964051
"1453",286.5,0.91,1,1.11936040497187
"1454",286.75,0.91,1,1.13435168982733
"1455",287,0.91,1,1.14881130595018
"1456",287.25,0.91,1,1.16265424245416
"1457",287.5,0.91,1,1.17580875087771
"1458",287.75,0.91,1,1.18812652355381
"1459",288,0.91,1,1.19941802674355
"1460",288.25,0.91,1,1.2097856960541
"1461",288.5,0.91,1,1.21883147288835
"1462",288.75,0.91,1,1.22669404795766
"1463",289,0.91,1,1.23302594597965
"1464",289.25,0.91,1,1.23791342876876
"1465",289.5,0.91,1,1.2412501515964
"1466",289.75,0.91,1,1.24291007188945
"1467",290,0.91,1,1.24282611085851
"1468",290.25,0.91,1,1.2409949771112
"1469",290.5,0.91,1,1.23733955644964
"1470",290.75,0.91,1,1.23177624596078
"1471",291,0.91,1,1.22438680290865
"1472",291.25,0.91,1,1.21513924088326
"1473",291.5,0.91,1,1.20403367740527
"1474",291.75,0.91,1,1.19117088424745
"1475",292,0.91,1,1.17659305177415
"1476",292.25,0.91,1,1.1603202480559
"1477",292.5,0.91,1,1.1425911793013
"1478",292.75,0.91,1,1.12326749965096
"1479",293,0.91,1,1.10267689296163
"1480",293.25,0.91,1,1.08085980941699
"1481",293.5,0.91,1,1.05804813848509
"1482",293.75,0.91,1,1.03426458757871
"1483",294,0.91,1,1.00978013703852
"1484",294.25,0.91,1,0.984692639996744
"1485",294.5,0.91,1,0.959264598677553
"1486",283.5,0.92,1,0.934540096687573
"1487",283.75,0.92,1,0.9486598945
"1488",284,0.92,1,0.963200616604741
"1489",284.25,0.92,1,0.978111272361663
"1490",284.5,0.92,1,0.993314946758759
"1491",284.75,0.92,1,1.00876876367468
"1492",285,0.92,1,1.02439092988318
"1493",285.25,0.92,1,1.04011173341747
"1494",285.5,0.92,1,1.05592370216309
"1495",285.75,0.92,1,1.07166735580215
"1496",286,0.92,1,1.08733200371379
"1497",286.25,0.92,1,1.10281193718486
"1498",286.5,0.92,1,1.1179860382079
"1499",286.75,0.92,1,1.13275481679832
"1500",287,0.92,1,1.14700965624598
"1501",287.25,0.92,1,1.16065921238701
"1502",287.5,0.92,1,1.17361559568018
"1503",287.75,0.92,1,1.18575798336988
"1504",288,0.92,1,1.19685182404189
"1505",288.25,0.92,1,1.20696233033495
"1506",288.5,0.92,1,1.21589202596724
"1507",288.75,0.92,1,1.22353942485644
"1508",289,0.92,1,1.22980388586461
"1509",289.25,0.92,1,1.23454701364248
"1510",289.5,0.92,1,1.23773644845375
"1511",289.75,0.92,1,1.23930567012238
"1512",290,0.92,1,1.23919020439428
"1513",290.25,0.92,1,1.23733199997298
"1514",290.5,0.92,1,1.23361448114887
"1515",290.75,0.92,1,1.22803993095098
"1516",291,0.92,1,1.22073217235467
"1517",291.25,0.92,1,1.21148661663416
"1518",291.5,0.92,1,1.20049191853522
"1519",291.75,0.92,1,1.18769288897547
"1520",292,0.92,1,1.1732577061085
"1521",292.25,0.92,1,1.15718360222356
"1522",292.5,0.92,1,1.13955096472803
"1523",292.75,0.92,1,1.12051594164706
"1524",293,0.92,1,1.10014030440629
"1525",293.25,0.92,1,1.07852196058728
"1526",293.5,0.92,1,1.05590899807597
"1527",293.75,0.92,1,1.03240303706602
"1528",294,0.92,1,1.00814898524815
"1529",294.25,0.92,1,0.983339422389982
"1530",294.5,0.92,1,0.958163657543118
"1531",283.5,0.93,1,0.93465226612368
"1532",283.75,0.93,1,0.948663365136161
"1533",284,0.93,1,0.963066999999648
"1534",284.25,0.93,1,0.97780841693922
"1535",284.5,0.93,1,0.992819832558748
"1536",284.75,0.93,1,1.00809098269525
"1537",285,0.93,1,1.02350919499841
"1538",285.25,0.93,1,1.03903978299218
"1539",285.5,0.93,1,1.05461308239142
"1540",285.75,0.93,1,1.07015134708839
"1541",286,0.93,1,1.08558592564207
"1542",286.25,0.93,1,1.10082339573669
"1543",286.5,0.93,1,1.11573377424925
"1544",286.75,0.93,1,1.13026392079734
"1545",287,0.93,1,1.14429430894516
"1546",287.25,0.93,1,1.15765670326421
"1547",287.5,0.93,1,1.1703988636768
"1548",287.75,0.93,1,1.18227594805786
"1549",288,0.93,1,1.19318075445392
"1550",288.25,0.93,1,1.20306759798135
"1551",288.5,0.93,1,1.21172339433255
"1552",288.75,0.93,1,1.21924476296851
"1553",289,0.93,1,1.22533534908029
"1554",289.25,0.93,1,1.22992009704004
"1555",289.5,0.93,1,1.23297954199476
"1556",289.75,0.93,1,1.23443812020128
"1557",290,0.93,1,1.23423364851892
"1558",290.25,0.93,1,1.23231448974969
"1559",290.5,0.93,1,1.22857458456748
"1560",290.75,0.93,1,1.22296749584874
"1561",291,0.93,1,1.2156635245638
"1562",291.25,0.93,1,1.2065001481444
"1563",291.5,0.93,1,1.19560024137558
"1564",291.75,0.93,1,1.18295448097377
"1565",292,0.93,1,1.1686101862657
"1566",292.25,0.93,1,1.15267494667667
"1567",292.5,0.93,1,1.13527832954834
"1568",292.75,0.93,1,1.11644168099302
"1569",293,0.93,1,1.09625607296625
"1570",293.25,0.93,1,1.0749497735767
"1571",293.5,0.93,1,1.05258631820093
"1572",293.75,0.93,1,1.02935633616502
"1573",294,0.93,1,1.00541843129773
"1574",294.25,0.93,1,0.980922813396523
"1575",294.5,0.93,1,0.956024740902826
"1576",283.5,0.94,1,0.934350445985644
"1577",283.75,0.94,1,0.948214870809877
"1578",284,0.94,1,0.962444295525368
"1579",284.25,0.94,1,0.977008227166693
"1580",284.5,0.94,1,0.991812190648296
"1581",284.75,0.94,1,1.0068358968987
"1582",285,0.94,1,1.02201675659076
"1583",285.25,0.94,1,1.03730658956659
"1584",285.5,0.94,1,1.05262677037076
"1585",285.75,0.94,1,1.06788143033643
"1586",286,0.94,1,1.08305928751212
"1587",286.25,0.94,1,1.09798053091384
"1588",286.5,0.94,1,1.11261242886721
"1589",286.75,0.94,1,1.12684424685518
"1590",287,0.94,1,1.14059712269723
"1591",287.25,0.94,1,1.15369948366938
"1592",287.5,0.94,1,1.16611280034198
"1593",287.75,0.94,1,1.1777376759741
"1594",288,0.94,1,1.18832420024428
"1595",288.25,0.94,1,1.19802820376833
"1596",288.5,0.94,1,1.2064358149593
"1597",288.75,0.94,1,1.21367601209136
"1598",289,0.94,1,1.21955770941775
"1599",289.25,0.94,1,1.22399960047162
"1600",289.5,0.94,1,1.22693502000075
"1601",289.75,0.94,1,1.22826527720884
"1602",290,0.94,1,1.22791592313351
"1603",290.25,0.94,1,1.22591319215759
"1604",290.5,0.94,1,1.22209275448574
"1605",290.75,0.94,1,1.21655649439251
"1606",291,0.94,1,1.20925090828527
"1607",291.25,0.94,1,1.20013574270247
"1608",291.5,0.94,1,1.1893741327981
"1609",291.75,0.94,1,1.1768081541377
"1610",292,0.94,1,1.16262202240766
"1611",292.25,0.94,1,1.14685250156276
"1612",292.5,0.94,1,1.12962945891026
"1613",292.75,0.94,1,1.11102680175429
"1614",293,0.94,1,1.0911416162242
"1615",293.25,0.94,1,1.0701254363717
"1616",293.5,0.94,1,1.04805320851563
"1617",293.75,0.94,1,1.02515480757551
"1618",294,0.94,1,1.00152326488791
"1619",294.25,0.94,1,0.977368303498235
"1620",294.5,0.94,1,0.952825920509725
"1621",283.5,0.95,1,0.933639228913094
"1622",283.75,0.95,1,0.94731533891388
"1623",284,0.95,1,0.961329395851282
"1624",284.25,0.95,1,0.975645278917321
"1625",284.5,0.95,1,0.990200177722442
"1626",284.75,0.95,1,1.00496550669764
"1627",285,0.95,1,1.01985441736281
"1628",285.25,0.95,1,1.03486022926777
"1629",285.5,0.95,1,1.04987075815792
"1630",285.75,0.95,1,1.06483781760004
"1631",286,0.95,1,1.07968339933869
"1632",286.25,0.95,1,1.09428670809034
"1633",286.5,0.95,1,1.10858207269817
"1634",286.75,0.95,1,1.12250215412585
"1635",287,0.95,1,1.13588566199623
"1636",287.25,0.95,1,1.14868912498148
"1637",287.5,0.95,1,1.16077003452268
"1638",287.75,0.95,1,1.17205327239404
"1639",288,0.95,1,1.18237309520489
"1640",288.25,0.95,1,1.1917313087476
"1641",288.5,0.95,1,1.19992973592856
"1642",288.75,0.95,1,1.20689137494296
"1643",289,0.95,1,1.21249125886118
"1644",289.25,0.95,1,1.21676117816008
"1645",289.5,0.95,1,1.21952499757173
"1646",289.75,0.95,1,1.22069562088587
"1647",290,0.95,1,1.22020029768925
"1648",290.25,0.95,1,1.21803993378574
"1649",290.5,0.95,1,1.21423934602287
"1650",290.75,0.95,1,1.20867093200587
"1651",291,0.95,1,1.20136346384538
"1652",291.25,0.95,1,1.19232050807765
"1653",291.5,0.95,1,1.181582630167
"1654",291.75,0.95,1,1.16919732093429
"1655",292,0.95,1,1.15516534969158
"1656",292.25,0.95,1,1.13961903640222
"1657",292.5,0.95,1,1.12258318821646
"1658",292.75,0.95,1,1.10425982370288
"1659",293,0.95,1,1.08461775575046
"1660",293.25,0.95,1,1.06394195239028
"1661",293.5,0.95,1,1.04223915473546
"1662",293.75,0.95,1,1.01964779590697
"1663",294,0.95,1,0.996434784346688
"1664",294.25,0.95,1,0.972646767910498
"1665",294.5,0.95,1,0.948471166593126
"1666",283.5,0.96,1,0.932500087105178
"1667",283.75,0.96,1,0.945944697839405
"1668",284,0.96,1,0.959703973090958
"1669",284.25,0.96,1,0.973751082502461
"1670",284.5,0.96,1,0.988017937014488
"1671",284.75,0.96,1,1.00247368873467
"1672",285,0.96,1,1.01707085917334
"1673",285.25,0.96,1,1.03172441707358
"1674",285.5,0.96,1,1.04638687377249
"1675",285.75,0.96,1,1.06101150209226
"1676",286,0.96,1,1.07547496039829
"1677",286.25,0.96,1,1.08971184721327
"1678",286.5,0.96,1,1.10365323564366
"1679",286.75,0.96,1,1.11717500381977
"1680",287,0.96,1,1.13019777766899
"1681",287.25,0.96,1,1.14258746207404
"1682",287.5,0.96,1,1.15433496263323
"1683",287.75,0.96,1,1.1652481812802
"1684",288,0.96,1,1.17525054194852
"1685",288.25,0.96,1,1.18422119943954
"1686",288.5,0.96,1,1.19213479123554
"1687",288.75,0.96,1,1.19879425955606
"1688",289,0.96,1,1.20414387024391
"1689",289.25,0.96,1,1.20810722802293
"1690",289.5,0.96,1,1.21064000886266
"1691",289.75,0.96,1,1.21162836177029
"1692",290,0.96,1,1.21103168018664
"1693",290.25,0.96,1,1.20880190199212
"1694",290.5,0.96,1,1.20491368107796
"1695",290.75,0.96,1,1.19933986036884
"1696",291,0.96,1,1.19199654153692
"1697",291.25,0.96,1,1.18302746125426
"1698",291.5,0.96,1,1.17237090729663
"1699",291.75,0.96,1,1.16010401171702
"1700",292,0.96,1,1.14624890303128
"1701",292.25,0.96,1,1.13088840772572
"1702",292.5,0.96,1,1.11412377399591
"1703",292.75,0.96,1,1.09603605025965
"1704",293,0.96,1,1.07674254730457
"1705",293.25,0.96,1,1.05634641915111
"1706",293.5,0.96,1,1.0349965591481
"1707",293.75,0.96,1,1.01283726069918
"1708",294,0.96,1,0.989998062193157
"1709",294.25,0.96,1,0.966613057385264
"1710",294.5,0.96,1,0.942890881795714
"1711",283.5,0.97,1,0.930913397126668
"1712",283.75,0.97,1,0.94410412420777
"1713",284,0.97,1,0.957570987531142
"1714",284.25,0.97,1,0.971301902134579
"1715",284.5,0.97,1,0.985244047500223
"1716",284.75,0.97,1,0.999348178078279
"1717",285,0.97,1,1.01358526948289
"1718",285.25,0.97,1,1.027870837978
"1719",285.5,0.97,1,1.04215251669764
"1720",285.75,0.97,1,1.05636666372207
"1721",286,0.97,1,1.07043318843452
"1722",286.25,0.97,1,1.08426367262333
"1723",286.5,0.97,1,1.09776891734526
"1724",286.75,0.97,1,1.110878637021
"1725",287,0.97,1,1.12347064496561
"1726",287.25,0.97,1,1.13545588923851
"1727",287.5,0.97,1,1.14677949920547
"1728",287.75,0.97,1,1.15728063037157
"1729",288,0.97,1,1.16690463241571
"1730",288.25,0.97,1,1.17550776738124
"1731",288.5,0.97,1,1.18300570945272
"1732",288.75,0.97,1,1.18937847413214
"1733",289,0.97,1,1.19443621896757
"1734",289.25,0.97,1,1.19813627071161
"1735",289.5,0.97,1,1.20042312613135
"1736",289.75,0.97,1,1.20120533363418
"1737",290,0.97,1,1.20044454036469
"1738",290.25,0.97,1,1.19806891905439
"1739",290.5,0.97,1,1.19409170652107
"1740",290.75,0.97,1,1.18844860439743
"1741",291,0.97,1,1.18112663829415
"1742",291.25,0.97,1,1.17219695758444
"1743",291.5,0.97,1,1.16163580916485
"1744",291.75,0.97,1,1.14946057779827
"1745",292,0.97,1,1.13579672279846
"1746",292.25,0.97,1,1.12066549092286
"1747",292.5,0.97,1,1.10415676267268
"1748",292.75,0.97,1,1.086349651516
"1749",293,0.97,1,1.06738596485605
"1750",293.25,0.97,1,1.04735761324023
"1751",293.5,0.97,1,1.02639807947973
"1752",293.75,0.97,1,1.0046282660964
"1753",294,0.97,1,0.982236484854175
"1754",294.25,0.97,1,0.959327874046987
"1755",294.5,0.97,1,0.936055750616715
"1756",283.5,0.98,1,0.928887527637772
"1757",283.75,0.98,1,0.941762914874502
"1758",284,0.98,1,0.954905952460396
"1759",284.25,0.98,1,0.968289405392467
"1760",284.5,0.98,1,0.981873923285028
"1761",284.75,0.98,1,0.995601227167518
"1762",285,0.98,1,1.00943134040812
"1763",285.25,0.98,1,1.02330155810557
"1764",285.5,0.98,1,1.03716591090013
"1765",285.75,0.98,1,1.05092756586831
"1766",286,0.98,1,1.06454194160319
"1767",286.25,0.98,1,1.07790249530525
"1768",286.5,0.98,1,1.0909589447011
"1769",286.75,0.98,1,1.10359101689763
"1770",287,0.98,1,1.11569765743337
"1771",287.25,0.98,1,1.1272477209773
"1772",287.5,0.98,1,1.1380801773723
"1773",287.75,0.98,1,1.14816048082799
"1774",288,0.98,1,1.15730883256453
"1775",288.25,0.98,1,1.16554090606973
"1776",288.5,0.98,1,1.17265059874175
"1777",288.75,0.98,1,1.17863163748136
"1778",289,0.98,1,1.18336727238838
"1779",289.25,0.98,1,1.18676036405128
"1780",289.5,0.98,1,1.18878110348246
"1781",289.75,0.98,1,1.18932998470409
"1782",290,0.98,1,1.18836090709694
"1783",290.25,0.98,1,1.18584583942851
"1784",290.5,0.98,1,1.18176448301723
"1785",290.75,0.98,1,1.17603281283975
"1786",291,0.98,1,1.16873643944822
"1787",291.25,0.98,1,1.15980572073768
"1788",291.5,0.98,1,1.14935123544553
"1789",291.75,0.98,1,1.13731321597956
"1790",292,0.98,1,1.12380040885774
"1791",292.25,0.98,1,1.10890218498185
"1792",292.5,0.98,1,1.09265891440401
"1793",292.75,0.98,1,1.0751470557546
"1794",293,0.98,1,1.05653809809912
"1795",293.25,0.98,1,1.0368732105549
"1796",293.5,0.98,1,1.01632690497405
"1797",293.75,0.98,1,0.995019448453411
"1798",294,0.98,1,0.973076105679437
"1799",294.25,0.98,1,0.950649412813078
"1800",294.5,0.98,1,0.927873154308617
"1801",283.5,0.99,1,0.926399310776379
"1802",283.75,0.99,1,0.938936247551512
"1803",284,0.99,1,0.951721780465027
"1804",284.25,0.99,1,0.964723574053256
"1805",284.5,0.99,1,0.977903039911044
"1806",284.75,0.99,1,0.991214721284202
"1807",285,0.99,1,1.00461428882528
"1808",285.25,0.99,1,1.01802935904906
"1809",285.5,0.99,1,1.03141841866575
"1810",285.75,0.99,1,1.04469805633405
"1811",286,0.99,1,1.05781563352878
"1812",286.25,0.99,1,1.0706788186056
"1813",286.5,0.99,1,1.08321436713842
"1814",286.75,0.99,1,1.09532179074029
"1815",287,0.99,1,1.10694014501191
"1816",287.25,0.99,1,1.11797118770618
"1817",287.5,0.99,1,1.12831376709992
"1818",287.75,0.99,1,1.13788476283813
"1819",288,0.99,1,1.14658275151725
"1820",288.25,0.99,1,1.15433631849657
"1821",288.5,0.99,1,1.16103402805893
"1822",288.75,0.99,1,1.16659007401309
"1823",289,0.99,1,1.17095350268912
"1824",289.25,0.99,1,1.17401947304549
"1825",289.5,0.99,1,1.17572909155776
"1826",289.75,0.99,1,1.17602172992321
"1827",290,0.99,1,1.17483335626119
"1828",290.25,0.99,1,1.17214369260094
"1829",290.5,0.99,1,1.16791439516151
"1830",290.75,0.99,1,1.16214310979583
"1831",291,0.99,1,1.15481348275247
"1832",291.25,0.99,1,1.14592295244883
"1833",291.5,0.99,1,1.1355240735221
"1834",291.75,0.99,1,1.1236296430896
"1835",292,0.99,1,1.11029942549232
"1836",292.25,0.99,1,1.09560628845716
"1837",292.5,0.99,1,1.07962968429743
"1838",292.75,0.99,1,1.06244497026396
"1839",293,0.99,1,1.04418503284947
"1840",293.25,0.99,1,1.02492743574918
"1841",293.5,0.99,1,1.00480896324426
"1842",293.75,0.99,1,0.983964424058527
"1843",294,0.99,1,0.962506404863591
"1844",294.25,0.99,1,0.94059026946656
"1845",294.5,0.99,1,0.918345851529502
"1846",283.5,1,1,0.923462672998131
"1847",283.75,1,1,0.935629027687312
"1848",284,1,1,0.948023431943991
"1849",284.25,1,1,0.960608025324997
"1850",284.5,1,1,0.973351458834383
"1851",284.75,1,1,0.986208078041638
"1852",285,1,1,0.999130125544098
"1853",285.25,1,1,1.01205581930069
"1854",285.5,1,1,1.02493347412438
"1855",285.75,1,1,1.0376929114208
"1856",286,1,1,1.05026752331594
"1857",286.25,1,1,1.06258084652598
"1858",286.5,1,1,1.07455947274394
"1859",286.75,1,1,1.08612460416762
"1860",287,1,1,1.09718930053687
"1861",287.25,1,1,1.10766169953213
"1862",287.5,1,1,1.11746834328194
"1863",287.75,1,1,1.12650713838304
"1864",288,1,1,1.13469582639718
"1865",288.25,1,1,1.14194163237567
"1866",288.5,1,1,1.14817953764386
"1867",288.75,1,1,1.15330065153997
"1868",289,1,1,1.15724345256645
"1869",289.25,1,1,1.15994003251294
"1870",289.5,1,1,1.16131305005748
"1871",289.75,1,1,1.16131384042774
"1872",290,1,1,1.15989447184561
"1873",290.25,1,1,1.15701278847012
"1874",290.5,1,1,1.15264407204702
"1875",290.75,1,1,1.14678230620433
"1876",291,1,1,1.13940685133054
"1877",291.25,1,1,1.13054581914227
"1878",291.5,1,1,1.12020829456626
"1879",291.75,1,1,1.10844333854625
"1880",292,1,1,1.09529772408722
"1881",292.25,1,1,1.08083450905125
"1882",292.5,1,1,1.06513217736552
"1883",292.75,1,1,1.04827871951358
"1884",293,1,1,1.03037696636077
"1885",293.25,1,1,1.01152749111879
"1886",293.5,1,1,0.99185848627133
"1887",293.75,1,1,0.971478529510381
"1888",294,1,1,0.950529946763647
"1889",294.25,1,1,0.929131895144648
"1890",294.5,1,1,0.907421842482736
