"T","kappa","Y","Lambda"
"1",282,0.6,1,1.47707863155011
"2",282.5,0.6,1,1.51337007141892
"3",283,0.6,1,1.55603125230031
"4",283.5,0.6,1,1.60949066524697
"5",284,0.6,1,1.67868829923199
"6",284.5,0.6,1,1.76349742248323
"7",285,0.6,1,1.84910057189424
"8",285.5,0.6,1,1.9211208655225
"9",286,0.6,1,1.97675982370403
"10",286.5,0.6,1,2.02307282028142
"11",287,0.6,1,2.0649549480776
"12",287.5,0.6,1,2.10419335380152
"13",288,0.6,1,2.14124613501343
"14",288.5,0.6,1,2.17812494197253
"15",289,0.6,1,2.21187712713668
"16",289.5,0.6,1,2.24151198662297
"17",290,0.6,1,2.26636348769598
"18",290.5,0.6,1,2.28354713379759
"19",291,0.6,1,2.29279278198316
"20",291.5,0.6,1,2.29161592778098
"21",292,0.6,1,2.2797431725726
"22",292.5,0.6,1,2.252487171523
"23",293,0.6,1,2.21342266754562
"24",293.5,0.6,1,2.16340196566697
"25",294,0.6,1,2.09486740720574
"26",294.5,0.6,1,2.00644428152994
"27",295,0.6,1,1.89543206779997
"28",282,0.62,1,1.49061851445435
"29",282.5,0.62,1,1.53242190874357
"30",283,0.62,1,1.58406391047121
"31",283.5,0.62,1,1.65147421946751
"32",284,0.62,1,1.73490322895583
"33",284.5,0.62,1,1.82042693442287
"34",285,0.62,1,1.89159233648551
"35",285.5,0.62,1,1.94684704324221
"36",286,0.62,1,1.9929837451459
"37",286.5,0.62,1,2.03569818318796
"38",287,0.62,1,2.07591073375639
"39",287.5,0.62,1,2.1162169242742
"40",288,0.62,1,2.1570233315085
"41",288.5,0.62,1,2.19505137327048
"42",289,0.62,1,2.23046803773203
"43",289.5,0.62,1,2.2606255605867
"44",290,0.62,1,2.28655208920085
"45",290.5,0.62,1,2.3064103026811
"46",291,0.62,1,2.317061745821
"47",291.5,0.62,1,2.31730820347103
"48",292,0.62,1,2.30632140080201
"49",292.5,0.62,1,2.28142275331678
"50",293,0.62,1,2.24109612928675
"51",293.5,0.62,1,2.18513979811486
"52",294,0.62,1,2.1204217633665
"53",294.5,0.62,1,2.03739705623459
"54",295,0.62,1,1.93208680403078
"55",282,0.64,1,1.50652458840131
"56",282.5,0.64,1,1.55594048320737
"57",283,0.64,1,1.62033708962145
"58",283.5,0.64,1,1.70131692856565
"59",284,0.64,1,1.78645396651934
"60",284.5,0.64,1,1.85755494333449
"61",285,0.64,1,1.91212202853186
"62",285.5,0.64,1,1.95861475029507
"63",286,0.64,1,2.00144397836225
"64",286.5,0.64,1,2.04296298701194
"65",287,0.64,1,2.08609823341116
"66",287.5,0.64,1,2.12855514844666
"67",288,0.64,1,2.16969126592192
"68",288.5,0.64,1,2.20858572327312
"69",289,0.64,1,2.24406913213694
"70",289.5,0.64,1,2.27722636203816
"71",290,0.64,1,2.30470843925034
"72",290.5,0.64,1,2.32569586628336
"73",291,0.64,1,2.33802833236922
"74",291.5,0.64,1,2.34112389649272
"75",292,0.64,1,2.33067394570571
"76",292.5,0.64,1,2.30580336224752
"77",293,0.64,1,2.26647083000965
"78",293.5,0.64,1,2.21080471479135
"79",294,0.64,1,2.14020193625929
"80",294.5,0.64,1,2.06097770186075
"81",295,0.64,1,1.96094786857331
"82",282,0.66,1,1.52551956055061
"83",282.5,0.66,1,1.58646622611962
"84",283,0.66,1,1.66432036284182
"85",283.5,0.66,1,1.74810110278701
"86",284,0.66,1,1.81990395802814
"87",284.5,0.66,1,1.8747394096566
"88",285,0.66,1,1.92051957639508
"89",285.5,0.66,1,1.96373639949932
"90",286,0.66,1,2.00650708018621
"91",286.5,0.66,1,2.05086489717244
"92",287,0.66,1,2.09427588056644
"93",287.5,0.66,1,2.13735571660481
"94",288,0.66,1,2.17863608608575
"95",288.5,0.66,1,2.21869672397897
"96",289,0.66,1,2.25629874646992
"97",289.5,0.66,1,2.29160088438887
"98",290,0.66,1,2.32882983193808
"99",290.5,0.66,1,2.3591707569003
"100",291,0.66,1,2.37366571893192
"101",291.5,0.66,1,2.37839952375206
"102",292,0.66,1,2.36169806930422
"103",292.5,0.66,1,2.33069552153959
"104",293,0.66,1,2.28975977189112
"105",293.5,0.66,1,2.23387009890213
"106",294,0.66,1,2.16231804195645
"107",294.5,0.66,1,2.07859117527956
"108",295,0.66,1,1.98399792786158
"109",282,0.68,1,1.55034706949733
"110",282.5,0.68,1,1.62373978204565
"111",283,0.68,1,1.70622314686938
"112",283.5,0.68,1,1.77858350473667
"113",284,0.68,1,1.83433630798416
"114",284.5,0.68,1,1.88054406171841
"115",285,0.68,1,1.92278799814694
"116",285.5,0.68,1,1.96586410299336
"117",286,0.68,1,2.0104175920085
"118",286.5,0.68,1,2.05485676557244
"119",287,0.68,1,2.09860149968123
"120",287.5,0.68,1,2.14248418290319
"121",288,0.68,1,2.18507349908442
"122",288.5,0.68,1,2.22651494476275
"123",289,0.68,1,2.28039601252958
"124",289.5,0.68,1,2.32706206346237
"125",290,0.68,1,2.36684312979233
"126",290.5,0.68,1,2.39929788464166
"127",291,0.68,1,2.42058675086936
"128",291.5,0.68,1,2.42264736521307
"129",292,0.68,1,2.41183316684647
"130",292.5,0.68,1,2.37469759487132
"131",293,0.68,1,2.31641380797423
"132",293.5,0.68,1,2.25534473812151
"133",294,0.68,1,2.18233191742033
"134",294.5,0.68,1,2.09456189250483
"135",295,0.68,1,2.00088759736643
"136",282,0.7,1,1.5810925774682
"137",282.5,0.7,1,1.66118565090236
"138",283,0.7,1,1.73450420266688
"139",283.5,0.7,1,1.79123866627334
"140",284,0.7,1,1.83725984997037
"141",284.5,0.7,1,1.87935361898081
"142",285,0.7,1,1.92245849001297
"143",285.5,0.7,1,1.96664681186325
"144",286,0.7,1,2.01108036590361
"145",286.5,0.7,1,2.05526033175547
"146",287,0.7,1,2.09981560792122
"147",287.5,0.7,1,2.14478912718699
"148",288,0.7,1,2.19814947785542
"149",288.5,0.7,1,2.25388667220294
"150",289,0.7,1,2.30866691180773
"151",289.5,0.7,1,2.35885758156697
"152",290,0.7,1,2.40140727348306
"153",290.5,0.7,1,2.4361251108034
"154",291,0.7,1,2.45940789501173
"155",291.5,0.7,1,2.46324647613402
"156",292,0.7,1,2.45350928217636
"157",292.5,0.7,1,2.41971003125964
"158",293,0.7,1,2.36359579723746
"159",293.5,0.7,1,2.28287640371599
"160",294,0.7,1,2.20046266266445
"161",294.5,0.7,1,2.11094178787341
"162",295,0.7,1,2.01114841324776
"163",282,0.72,1,1.61376197169195
"164",282.5,0.72,1,1.68765811345692
"165",283,0.72,1,1.74597796254017
"166",283.5,0.72,1,1.79222091493987
"167",284,0.72,1,1.83413960506604
"168",284.5,0.72,1,1.87640218076316
"169",285,0.72,1,1.92018882715559
"170",285.5,0.72,1,1.96424135953538
"171",286,0.72,1,2.00832333699374
"172",286.5,0.72,1,2.05279599887678
"173",287,0.72,1,2.09841126252964
"174",287.5,0.72,1,2.15854375165764
"175",288,0.72,1,2.2158675002777
"176",288.5,0.72,1,2.27714359057318
"177",289,0.72,1,2.33190651151827
"178",289.5,0.72,1,2.38336664476469
"179",290,0.72,1,2.43024995817902
"180",290.5,0.72,1,2.46459138912607
"181",291,0.72,1,2.48980976215803
"182",291.5,0.72,1,2.49898617759061
"183",292,0.72,1,2.48576316252513
"184",292.5,0.72,1,2.45708475213015
"185",293,0.72,1,2.40165544735905
"186",293.5,0.72,1,2.32498427570028
"187",294,0.72,1,2.22142964516578
"188",294.5,0.72,1,2.12475885401149
"189",295,0.72,1,2.02239830439778
"190",282,0.74,1,1.6384034614082
"191",282.5,0.74,1,1.69877908547352
"192",283,0.74,1,1.74564469677689
"193",283.5,0.74,1,1.78704330936574
"194",284,0.74,1,1.82835594577094
"195",284.5,0.74,1,1.87132897512782
"196",285,0.74,1,1.91436052871904
"197",285.5,0.74,1,1.95830670520544
"198",286,0.74,1,2.00229345345895
"199",286.5,0.74,1,2.04797237020099
"200",287,0.74,1,2.10990374943319
"201",287.5,0.74,1,2.17060418780079
"202",288,0.74,1,2.2329066276477
"203",288.5,0.74,1,2.29275154156309
"204",289,0.74,1,2.35012256176626
"205",289.5,0.74,1,2.40377631906195
"206",290,0.74,1,2.45207623307085
"207",290.5,0.74,1,2.48750698393381
"208",291,0.74,1,2.51240316318447
"209",291.5,0.74,1,2.52199806032484
"210",292,0.74,1,2.51387341423445
"211",292.5,0.74,1,2.48280552623252
"212",293,0.74,1,2.43317920000773
"213",293.5,0.74,1,2.35742170441259
"214",294,0.74,1,2.25757835083601
"215",294.5,0.74,1,2.13837979619132
"216",295,0.74,1,2.03136325991339
"217",282,0.76,1,1.64911866435596
"218",282.5,0.76,1,1.69749692942142
"219",283,0.76,1,1.73846804186091
"220",283.5,0.76,1,1.77880239696679
"221",284,0.76,1,1.82023664897519
"222",284.5,0.76,1,1.86253697954226
"223",285,0.76,1,1.90545209267017
"224",285.5,0.76,1,1.94883776177365
"225",286,0.76,1,1.99370947039732
"226",286.5,0.76,1,2.05394620543857
"227",287,0.76,1,2.11648374471266
"228",287.5,0.76,1,2.17840814414487
"229",288,0.76,1,2.23930217605497
"230",288.5,0.76,1,2.30283481718344
"231",289,0.76,1,2.36372171178737
"232",289.5,0.76,1,2.41780082761154
"233",290,0.76,1,2.46391360373918
"234",290.5,0.76,1,2.49911706042854
"235",291,0.76,1,2.52336733758254
"236",291.5,0.76,1,2.52955319753778
"237",292,0.76,1,2.52210958499198
"238",292.5,0.76,1,2.49655213562984
"239",293,0.76,1,2.45016890945072
"240",293.5,0.76,1,2.37950396465468
"241",294,0.76,1,2.28385438064551
"242",294.5,0.76,1,2.16378110630121
"243",295,0.76,1,2.03883921314381
"244",282,0.78,1,1.64765794012168
"245",282.5,0.78,1,1.68861367303479
"246",283,0.78,1,1.72756571902527
"247",283.5,0.78,1,1.76795325488443
"248",284,0.78,1,1.80872626689201
"249",284.5,0.78,1,1.85042256582158
"250",285,0.78,1,1.89305021904124
"251",285.5,0.78,1,1.93681242819992
"252",286,0.78,1,1.99469892625114
"253",286.5,0.78,1,2.05510679516015
"254",287,0.78,1,2.11767053697102
"255",287.5,0.78,1,2.17915654670589
"256",288,0.78,1,2.24470669603437
"257",288.5,0.78,1,2.30750485558556
"258",289,0.78,1,2.3672386809392
"259",289.5,0.78,1,2.41955724813093
"260",290,0.78,1,2.46312649742204
"261",290.5,0.78,1,2.49565236484882
"262",291,0.78,1,2.51734213016092
"263",291.5,0.78,1,2.52583963979926
"264",292,0.78,1,2.51982770689865
"265",292.5,0.78,1,2.49625341264678
"266",293,0.78,1,2.45385394365282
"267",293.5,0.78,1,2.39121366321011
"268",294,0.78,1,2.29929156811875
"269",294.5,0.78,1,2.18371188574368
"270",295,0.78,1,2.04434905346324
"271",282,0.8,1,1.63749127070821
"272",282.5,0.8,1,1.67542216845403
"273",283,0.8,1,1.71428796054056
"274",283.5,0.8,1,1.75370163802584
"275",284,0.8,1,1.79394621897707
"276",284.5,0.8,1,1.83498694843692
"277",285,0.8,1,1.87791584110684
"278",285.5,0.8,1,1.9330700016849
"279",286,0.8,1,1.9908162787382
"280",286.5,0.8,1,2.05175392287015
"281",287,0.8,1,2.11332559890245
"282",287.5,0.8,1,2.17796104487544
"283",288,0.8,1,2.24145662851513
"284",288.5,0.8,1,2.30373345989065
"285",289,0.8,1,2.36070270589634
"286",289.5,0.8,1,2.40930239987817
"287",290,0.8,1,2.44941489432057
"288",290.5,0.8,1,2.4794057193609
"289",291,0.8,1,2.50039704352049
"290",291.5,0.8,1,2.50852619984184
"291",292,0.8,1,2.50220136127156
"292",292.5,0.8,1,2.48095034321782
"293",293,0.8,1,2.44145973295664
"294",293.5,0.8,1,2.38413426377295
"295",294,0.8,1,2.30200730275271
"296",294.5,0.8,1,2.19241829691257
"297",295,0.8,1,2.05938967878246
"298",282,0.82,1,1.62213272077154
"299",282.5,0.82,1,1.65959785228299
"300",283,0.82,1,1.69760473298926
"301",283.5,0.82,1,1.73622530881899
"302",284,0.82,1,1.77575161419392
"303",284.5,0.82,1,1.81687002072927
"304",285,0.82,1,1.86795710192597
"305",285.5,0.82,1,1.92421961918882
"306",286,0.82,1,1.97995420143764
"307",286.5,0.82,1,2.04114434607084
"308",287,0.82,1,2.1037786857657
"309",287.5,0.82,1,2.16776293056933
"310",288,0.82,1,2.23117553486841
"311",288.5,0.82,1,2.28950834628506
"312",289,0.82,1,2.34266316364357
"313",289.5,0.82,1,2.38715753368416
"314",290,0.82,1,2.42469650615644
"315",290.5,0.82,1,2.45319017775643
"316",291,0.82,1,2.47379556373464
"317",291.5,0.82,1,2.48192004866328
"318",292,0.82,1,2.47586999873225
"319",292.5,0.82,1,2.45549215138025
"320",293,0.82,1,2.42045855740454
"321",293.5,0.82,1,2.36560899431889
"322",294,0.82,1,2.29063414534868
"323",294.5,0.82,1,2.19236787062078
"324",295,0.82,1,2.06544338838826
"325",282,0.84,1,1.60430284200366
"326",282.5,0.84,1,1.64057003745179
"327",283,0.84,1,1.67752122173439
"328",283.5,0.84,1,1.71551122066423
"329",284,0.84,1,1.75468391476075
"330",284.5,0.84,1,1.80134589986008
"331",285,0.84,1,1.85402125650587
"332",285.5,0.84,1,1.90832963515247
"333",286,0.84,1,1.96489585703817
"334",286.5,0.84,1,2.02572584280305
"335",287,0.84,1,2.08827425768211
"336",287.5,0.84,1,2.15111637961692
"337",288,0.84,1,2.21059163146318
"338",288.5,0.84,1,2.26480723091613
"339",289,0.84,1,2.31178395718477
"340",289.5,0.84,1,2.35387494814216
"341",290,0.84,1,2.38989124911687
"342",290.5,0.84,1,2.41821182736934
"343",291,0.84,1,2.43862396203084
"344",291.5,0.84,1,2.44694797525839
"345",292,0.84,1,2.44138146178119
"346",292.5,0.84,1,2.42260785931111
"347",293,0.84,1,2.38664826462594
"348",293.5,0.84,1,2.33574288390042
"349",294,0.84,1,2.26620841599624
"350",294.5,0.84,1,2.17628891890682
"351",295,0.84,1,2.05915040095723
"352",282,0.86,1,1.58271183778461
"353",282.5,0.86,1,1.61783588330943
"354",283,0.86,1,1.65420119144361
"355",283.5,0.86,1,1.69148875881453
"356",284,0.86,1,1.73396018723674
"357",284.5,0.86,1,1.78191829192971
"358",285,0.86,1,1.83368465819512
"359",285.5,0.86,1,1.88745496395975
"360",286,0.86,1,1.94328899069289
"361",286.5,0.86,1,2.00363949471182
"362",287,0.86,1,2.06500813185903
"363",287.5,0.86,1,2.12349536072973
"364",288,0.86,1,2.17820737240592
"365",288.5,0.86,1,2.227978871977
"366",289,0.86,1,2.27372201581546
"367",289.5,0.86,1,2.31436660233
"368",290,0.86,1,2.3486800847262
"369",290.5,0.86,1,2.37806468763126
"370",291,0.86,1,2.39742107525074
"371",291.5,0.86,1,2.40580928562396
"372",292,0.86,1,2.40135535030317
"373",292.5,0.86,1,2.38195527731719
"374",293,0.86,1,2.34732704204561
"375",293.5,0.86,1,2.29698667446037
"376",294,0.86,1,2.23015357523119
"377",294.5,0.86,1,2.14600457313533
"378",295,0.86,1,2.0405312052614
"379",282,0.88,1,1.55760931424114
"380",282.5,0.88,1,1.59183502948288
"381",283,0.88,1,1.62725476363987
"382",283.5,0.88,1,1.66489539404222
"383",284,0.88,1,1.71054567854912
"384",284.5,0.88,1,1.75730748759603
"385",285,0.88,1,1.80703809786838
"386",285.5,0.88,1,1.86034124559719
"387",286,0.88,1,1.91662526672858
"388",286.5,0.88,1,1.9745529066079
"389",287,0.88,1,2.03214977226844
"390",287.5,0.88,1,2.08598502800924
"391",288,0.88,1,2.13684568438453
"392",288.5,0.88,1,2.18274086255734
"393",289,0.88,1,2.22680080284294
"394",289.5,0.88,1,2.2660369288883
"395",290,0.88,1,2.30107168164764
"396",290.5,0.88,1,2.32974399680513
"397",291,0.88,1,2.3475994282122
"398",291.5,0.88,1,2.35588911065529
"399",292,0.88,1,2.3521718336946
"400",292.5,0.88,1,2.33399707995513
"401",293,0.88,1,2.29965181841463
"402",293.5,0.88,1,2.2495309951934
"403",294,0.88,1,2.18377055820835
"404",294.5,0.88,1,2.10460951120643
"405",295,0.88,1,2.00868779137982
"406",282,0.9,1,1.52895191320056
"407",282.5,0.9,1,1.56234623571428
"408",283,0.9,1,1.59696414340386
"409",283.5,0.9,1,1.63777058298266
"410",284,0.9,1,1.68178313840101
"411",284.5,0.9,1,1.72730224967737
"412",285,0.9,1,1.77597515691957
"413",285.5,0.9,1,1.82709351980337
"414",286,0.9,1,1.88234416016646
"415",286.5,0.9,1,1.93764370134744
"416",287,0.9,1,1.98985538175084
"417",287.5,0.9,1,2.03958127702945
"418",288,0.9,1,2.08611718036544
"419",288.5,0.9,1,2.12972876055519
"420",289,0.9,1,2.17254238625701
"421",289.5,0.9,1,2.21170745354935
"422",290,0.9,1,2.24486700113189
"423",290.5,0.9,1,2.27148622719888
"424",291,0.9,1,2.2895503936804
"425",291.5,0.9,1,2.29704295970367
"426",292,0.9,1,2.29186481442966
"427",292.5,0.9,1,2.27427505112958
"428",293,0.9,1,2.24198512292467
"429",293.5,0.9,1,2.19404977857837
"430",294,0.9,1,2.13038041082544
"431",294.5,0.9,1,2.05311931530939
"432",295,0.9,1,1.96292804471875
"433",282,0.92,1,1.49684272622091
"434",282.5,0.92,1,1.52918469698099
"435",283,0.92,1,1.56548121704138
"436",283.5,0.92,1,1.60524124863838
"437",284,0.92,1,1.64681142871539
"438",284.5,0.92,1,1.69096790594494
"439",285,0.92,1,1.73795596237314
"440",285.5,0.92,1,1.78850217546034
"441",286,0.92,1,1.83992489714895
"442",286.5,0.92,1,1.89050870726265
"443",287,0.92,1,1.93800400834944
"444",287.5,0.92,1,1.98400470142428
"445",288,0.92,1,2.0277074428047
"446",288.5,0.92,1,2.07047707203335
"447",289,0.92,1,2.11117719552858
"448",289.5,0.92,1,2.14818450132501
"449",290,0.92,1,2.17949733946492
"450",290.5,0.92,1,2.20384708325415
"451",291,0.92,1,2.21991364365513
"452",291.5,0.92,1,2.22593640105348
"453",292,0.92,1,2.22171164953513
"454",292.5,0.92,1,2.20455283523492
"455",293,0.92,1,2.17384703292558
"456",293.5,0.92,1,2.12823983453132
"457",294,0.92,1,2.06745724506764
"458",294.5,0.92,1,1.99257019276573
"459",295,0.92,1,1.90574529902808
"460",282,0.94,1,1.46098399366163
"461",282.5,0.94,1,1.49324674825647
"462",283,0.94,1,1.52929178767449
"463",283.5,0.94,1,1.56666642341644
"464",284,0.94,1,1.60671405938476
"465",284.5,0.94,1,1.64909085739591
"466",285,0.94,1,1.69422520668241
"467",285.5,0.94,1,1.74141241775889
"468",286,0.94,1,1.78904404787882
"469",286.5,0.94,1,1.83487023137667
"470",287,0.94,1,1.87810647006606
"471",287.5,0.94,1,1.9201638536595
"472",288,0.94,1,1.96234923610906
"473",288.5,0.94,1,2.00350291872986
"474",289,0.94,1,2.04213913877141
"475",289.5,0.94,1,2.0760207092294
"476",290,0.94,1,2.10501027442649
"477",290.5,0.94,1,2.12626798678237
"478",291,0.94,1,2.14037645634602
"479",291.5,0.94,1,2.14532925249268
"480",292,0.94,1,2.14041757017967
"481",292.5,0.94,1,2.12352834631537
"482",293,0.94,1,2.09407084888288
"483",293.5,0.94,1,2.05143040729715
"484",294,0.94,1,1.9936714098468
"485",294.5,0.94,1,1.92191526497077
"486",295,0.94,1,1.83876635263917
"487",282,0.96,1,1.42149385927794
"488",282.5,0.96,1,1.45351293307297
"489",283,0.96,1,1.48730072737091
"490",283.5,0.96,1,1.52276803730866
"491",284,0.96,1,1.56073825371383
"492",284.5,0.96,1,1.60066033304382
"493",285,0.96,1,1.64350185649739
"494",285.5,0.96,1,1.68715290108821
"495",286,0.96,1,1.72991873757325
"496",286.5,0.96,1,1.7710305808636
"497",287,0.96,1,1.81088149067532
"498",287.5,0.96,1,1.85079616970065
"499",288,0.96,1,1.89046281418961
"500",288.5,0.96,1,1.92871189954557
"501",289,0.96,1,1.96403000622708
"502",289.5,0.96,1,1.99471303571685
"503",290,0.96,1,2.0205200857617
"504",290.5,0.96,1,2.03950458077244
"505",291,0.96,1,2.05217778379578
"506",291.5,0.96,1,2.05598202556171
"507",292,0.96,1,2.05024940631165
"508",292.5,0.96,1,2.03316687004757
"509",293,0.96,1,2.00428710338627
"510",293.5,0.96,1,1.96321412196671
"511",294,0.96,1,1.90902044472638
"512",294.5,0.96,1,1.84111895124073
"513",295,0.96,1,1.76087631190595
"514",282,0.98,1,1.3789407352006
"515",282.5,0.98,1,1.40895784495834
"516",283,0.98,1,1.44051428465348
"517",283.5,0.98,1,1.47385665645301
"518",284,0.98,1,1.50924819324636
"519",284.5,0.98,1,1.54679054447977
"520",285,0.98,1,1.58621565773254
"521",285.5,0.98,1,1.6254594056304
"522",286,0.98,1,1.66352740000152
"523",286.5,0.98,1,1.7005372517568
"524",287,0.98,1,1.73770610984697
"525",287.5,0.98,1,1.77506639033143
"526",288,0.98,1,1.81176467602079
"527",288.5,0.98,1,1.84659427792444
"528",289,0.98,1,1.87804434570871
"529",289.5,0.98,1,1.90536596539218
"530",290,0.98,1,1.92823258671807
"531",290.5,0.98,1,1.94569805343104
"532",291,0.98,1,1.95635190165624
"533",291.5,0.98,1,1.95903663031243
"534",292,0.98,1,1.95198876122063
"535",292.5,0.98,1,1.93475044611937
"536",293,0.98,1,1.90581476344608
"537",293.5,0.98,1,1.86564029702085
"538",294,0.98,1,1.81359697787062
"539",294.5,0.98,1,1.74940470391832
"540",295,0.98,1,1.67316347762187
"541",282,1,1,1.33261270116086
"542",282.5,1,1,1.3603006236794
"543",283,1,1,1.38941760166998
"544",283.5,1,1,1.42026134736004
"545",284,1,1,1.45308744863818
"546",284.5,1,1,1.48767898336994
"547",285,1,1,1.52301646332417
"548",285.5,1,1,1.55780981089817
"549",286,1,1,1.59177184629257
"550",286.5,1,1,1.62563440218565
"551",287,1,1,1.65984221445559
"552",287.5,1,1,1.69418509984163
"553",288,1,1,1.72735060463641
"554",288.5,1,1,1.7581772840939
"555",289,1,1,1.78604458469975
"556",289.5,1,1,1.81052035495636
"557",290,1,1,1.83091371772727
"558",290.5,1,1,1.84611639304054
"559",291,1,1,1.8546787525
"560",291.5,1,1,1.85550087135318
"561",292,1,1,1.84744727863333
"562",292.5,1,1,1.8294355781052
"563",293,1,1,1.80070946395336
"564",293.5,1,1,1.7608454838814
"565",294,1,1,1.71007874459288
"566",294.5,1,1,1.64862397680426
"567",295,1,1,1.57620085468253
"568",282,1.02,1,1.28319177173339
"569",282.5,1.02,1,1.30851356251439
"570",283,1.02,1,1.3352880258423
"571",283.5,1.02,1,1.36361532761765
"572",284,1.02,1,1.39354881232563
"573",284.5,1.02,1,1.42466105467025
"574",285,1.02,1,1.4559950698534
"575",285.5,1.02,1,1.48665947308143
"576",286,1.02,1,1.51713546848681
"577",286.5,1.02,1,1.54801999131254
"578",287,1.02,1,1.57929241072503
"579",287.5,1.02,1,1.61001280237461
"580",288,1.02,1,1.63929138438528
"581",288.5,1.02,1,1.66637710331227
"582",289,1.02,1,1.69111318014389
"583",289.5,1.02,1,1.71276435713468
"584",290,1.02,1,1.73047044019132
"585",290.5,1.02,1,1.74297109304997
"586",291,1.02,1,1.74931590127267
"587",291.5,1.02,1,1.74825087287569
"588",292,1.02,1,1.73517248764757
"589",292.5,1.02,1,1.72006882215257
"590",293,1.02,1,1.69131335779234
"591",293.5,1.02,1,1.65197036978365
"592",294,1.02,1,1.60194202247527
"593",294.5,1.02,1,1.54223105193627
"594",295,1.02,1,1.47278891139029
"595",282,1.04,1,1.2324864641526
"596",282.5,1.04,1,1.2556982112608
"597",283,1.04,1,1.27992616217924
"598",283.5,1.04,1,1.30568729989224
"599",284,1.04,1,1.33258919857199
"600",284.5,1.04,1,1.36026299930895
"601",285,1.04,1,1.38767081871648
"602",285.5,1.04,1,1.41493685746145
"603",286,1.04,1,1.4425365539235
"604",286.5,1.04,1,1.47048349019551
"605",287,1.04,1,1.49839925985349
"606",287.5,1.04,1,1.52559881727355
"607",288,1.04,1,1.55099930105061
"608",288.5,1.04,1,1.57507297649913
"609",289,1.04,1,1.59677932493909
"610",289.5,1.04,1,1.61537083073914
"611",290,1.04,1,1.63008668598223
"612",290.5,1.04,1,1.64014618167923
"613",291,1.04,1,1.64402607543454
"614",291.5,1.04,1,1.64118270300468
"615",292,1.04,1,1.6303822461153
"616",292.5,1.04,1,1.61109856736845
"617",293,1.04,1,1.58213129888513
"618",293.5,1.04,1,1.54350229701938
"619",294,1.04,1,1.49443155655514
"620",294.5,1.04,1,1.43597443510556
"621",295,1.04,1,1.36871201376613
"622",282,1.06,1,1.18271457812736
"623",282.5,1.06,1,1.20378905414081
"624",283,1.06,1,1.22595689688832
"625",283.5,1.06,1,1.24897463934907
"626",284,1.06,1,1.27310870910621
"627",284.5,1.06,1,1.29730169744182
"628",285,1.06,1,1.32164905021505
"629",285.5,1.06,1,1.34596621877007
"630",286,1.06,1,1.37059664719965
"631",286.5,1.06,1,1.3958158063043
"632",287,1.06,1,1.42042576706354
"633",287.5,1.06,1,1.44425777091079
"634",288,1.06,1,1.46672513783803
"635",288.5,1.06,1,1.48777256860731
"636",289,1.06,1,1.50633696025528
"637",289.5,1.06,1,1.52236481256585
"638",290,1.06,1,1.53442765994107
"639",290.5,1.06,1,1.54172725701893
"640",291,1.06,1,1.5439721224163
"641",291.5,1.06,1,1.53938743416828
"642",292,1.06,1,1.52756129202177
"643",NA,NA,NA,NA
"644",NA,NA,NA,NA
"645",NA,NA,NA,NA
"646",NA,NA,NA,NA
"647",NA,NA,NA,NA
"648",NA,NA,NA,NA
"649",NA,NA,NA,NA
"650",NA,NA,NA,NA
"651",NA,NA,NA,NA
"652",NA,NA,NA,NA
"653",NA,NA,NA,NA
"654",NA,NA,NA,NA
"655",NA,NA,NA,NA
"656",NA,NA,NA,NA
"657",NA,NA,NA,NA
"658",NA,NA,NA,NA
"659",NA,NA,NA,NA
"660",NA,NA,NA,NA
"661",NA,NA,NA,NA
"662",NA,NA,NA,NA
"663",NA,NA,NA,NA
"664",NA,NA,NA,NA
"665",NA,NA,NA,NA
"666",NA,NA,NA,NA
"667",NA,NA,NA,NA
"668",NA,NA,NA,NA
"669",NA,NA,NA,NA
"670",NA,NA,NA,NA
"671",NA,NA,NA,NA
"672",NA,NA,NA,NA
"673",NA,NA,NA,NA
"674",NA,NA,NA,NA
"675",NA,NA,NA,NA
"676",NA,NA,NA,NA
"677",NA,NA,NA,NA
"678",NA,NA,NA,NA
"679",NA,NA,NA,NA
"680",NA,NA,NA,NA
"681",NA,NA,NA,NA
"682",NA,NA,NA,NA
"683",NA,NA,NA,NA
"684",NA,NA,NA,NA
"685",NA,NA,NA,NA
"686",NA,NA,NA,NA
"687",NA,NA,NA,NA
"688",NA,NA,NA,NA
"689",NA,NA,NA,NA
"690",NA,NA,NA,NA
"691",NA,NA,NA,NA
"692",NA,NA,NA,NA
"693",NA,NA,NA,NA
"694",NA,NA,NA,NA
"695",NA,NA,NA,NA
"696",NA,NA,NA,NA
"697",NA,NA,NA,NA
"698",NA,NA,NA,NA
"699",NA,NA,NA,NA
"700",NA,NA,NA,NA
"701",NA,NA,NA,NA
"702",NA,NA,NA,NA
