"T","kappa","Y","Lambda"
"1",283.5,0.59,1,0.926741198704767
"2",283.75,0.59,1,0.925053124857277
"3",284,0.59,1,0.923658935055483
"4",284.25,0.59,1,0.922581919615967
"5",284.5,0.59,1,0.921807043364018
"6",284.75,0.59,1,0.921336947301239
"7",285,0.59,1,0.92111782048401
"8",285.25,0.59,1,0.92114174371788
"9",285.5,0.59,1,0.921346794373692
"10",285.75,0.59,1,0.921722137124765
"11",286,0.59,1,0.922120108227946
"12",286.25,0.59,1,0.922520238626885
"13",286.5,0.59,1,0.922800823261921
"14",286.75,0.59,1,0.922838536226114
"15",287,0.59,1,0.922569553620769
"16",287.25,0.59,1,0.921996727447702
"17",287.5,0.59,1,0.920939441258959
"18",287.75,0.59,1,0.919313980722665
"19",288,0.59,1,0.917078555007857
"20",288.25,0.59,1,0.914064402506914
"21",288.5,0.59,1,0.910275775750062
"22",288.75,0.59,1,0.905643008978272
"23",289,0.59,1,0.900046021658683
"24",289.25,0.59,1,0.893484330396459
"25",289.5,0.59,1,0.885843223869621
"26",289.75,0.59,1,0.87718256185797
"27",290,0.59,1,0.867333443257334
"28",290.25,0.59,1,0.856319981901844
"29",290.5,0.59,1,0.844159502811276
"30",290.75,0.59,1,0.830829353630952
"31",291,0.59,1,0.816449633414922
"32",291.25,0.59,1,0.800903805651693
"33",291.5,0.59,1,0.784229529302169
"34",291.75,0.59,1,0.766484515805616
"35",292,0.59,1,0.747851321362036
"36",292.25,0.59,1,0.728257299383475
"37",292.5,0.59,1,0.707803162336593
"38",292.75,0.59,1,0.686608005508375
"39",293,0.59,1,0.664812658930415
"40",293.25,0.59,1,0.642398765277281
"41",293.5,0.59,1,0.619653417783883
"42",293.75,0.59,1,0.596502725977833
"43",294,0.59,1,0.573200360118243
"44",294.25,0.59,1,0.549845748480569
"45",294.5,0.59,1,0.526521685469339
"46",283.5,0.6,1,0.930464120042583
"47",283.75,0.6,1,0.929222362272613
"48",284,0.6,1,0.928314896406509
"49",284.25,0.6,1,0.927750005803798
"50",284.5,0.6,1,0.927501786205855
"51",284.75,0.6,1,0.927559363662234
"52",285,0.6,1,0.927900196763269
"53",285.25,0.6,1,0.928498808700068
"54",285.5,0.6,1,0.929269548660635
"55",285.75,0.6,1,0.930143022269149
"56",286,0.6,1,0.931066673043674
"57",286.25,0.6,1,0.931880904693285
"58",286.5,0.6,1,0.932596252647393
"59",286.75,0.6,1,0.933098952627799
"60",287,0.6,1,0.93326915183949
"61",287.25,0.6,1,0.9330376709256
"62",287.5,0.6,1,0.932247174286157
"63",287.75,0.6,1,0.930869674231924
"64",288,0.6,1,0.928884297654637
"65",288.25,0.6,1,0.926117147674636
"66",288.5,0.6,1,0.922557140588734
"67",288.75,0.6,1,0.918012704015131
"68",289,0.6,1,0.912565623053619
"69",289.25,0.6,1,0.906159700785119
"70",289.5,0.6,1,0.898755264767158
"71",289.75,0.6,1,0.890012931768405
"72",290,0.6,1,0.880304392867641
"73",290.25,0.6,1,0.8693874896905
"74",290.5,0.6,1,0.857338542196035
"75",290.75,0.6,1,0.844000077173183
"76",291,0.6,1,0.82937616825065
"77",291.25,0.6,1,0.813628933073588
"78",291.5,0.6,1,0.796916443561987
"79",291.75,0.6,1,0.779180858830526
"80",292,0.6,1,0.760219011515085
"81",292.25,0.6,1,0.740340156571053
"82",292.5,0.6,1,0.71971357407479
"83",292.75,0.6,1,0.698173588472084
"84",293,0.6,1,0.676103336976393
"85",293.25,0.6,1,0.653376667540163
"86",293.5,0.6,1,0.630145688192944
"87",293.75,0.6,1,0.606599995987754
"88",294,0.6,1,0.582844470071351
"89",294.25,0.6,1,0.558947575654937
"90",294.5,0.6,1,0.535090445301896
"91",283.5,0.61,1,0.934380374949348
"92",283.75,0.61,1,0.933617507064061
"93",284,0.61,1,0.933202120653859
"94",284.25,0.61,1,0.933147542721138
"95",284.5,0.61,1,0.9334327479283
"96",284.75,0.61,1,0.934038883656977
"97",285,0.61,1,0.934944382703857
"98",285.25,0.61,1,0.936081270147107
"99",285.5,0.61,1,0.937351461853055
"100",285.75,0.61,1,0.9387129635658
"101",286,0.61,1,0.940092105307064
"102",286.25,0.61,1,0.941396191235293
"103",286.5,0.61,1,0.942541881669694
"104",286.75,0.61,1,0.943383137310908
"105",287,0.61,1,0.943857672932009
"106",287.25,0.61,1,0.943959752799162
"107",287.5,0.61,1,0.943434286913981
"108",287.75,0.61,1,0.942308936761414
"109",288,0.61,1,0.940498513374265
"110",288.25,0.61,1,0.938006417375755
"111",288.5,0.61,1,0.934608160351855
"112",288.75,0.61,1,0.93037769384666
"113",289,0.61,1,0.925077651680052
"114",289.25,0.61,1,0.918816266049905
"115",289.5,0.61,1,0.911355375702229
"116",289.75,0.61,1,0.902859360941961
"117",290,0.61,1,0.893160473350929
"118",290.25,0.61,1,0.882305393405397
"119",290.5,0.61,1,0.870209008140724
"120",290.75,0.61,1,0.856746873496765
"121",291,0.61,1,0.842245923550708
"122",291.25,0.61,1,0.826478637386369
"123",291.5,0.61,1,0.809481535948329
"124",291.75,0.61,1,0.79134681712649
"125",292,0.61,1,0.772479546698386
"126",292.25,0.61,1,0.752378182528279
"127",292.5,0.61,1,0.731438419290607
"128",292.75,0.61,1,0.709806478114726
"129",293,0.61,1,0.687333121774344
"130",293.25,0.61,1,0.664310565051984
"131",293.5,0.61,1,0.640688006745687
"132",293.75,0.61,1,0.616793304784794
"133",294,0.61,1,0.592531879582133
"134",294.25,0.61,1,0.56819416424677
"135",294.5,0.61,1,0.543835183470252
"136",283.5,0.62,1,0.938498987515267
"137",283.75,0.62,1,0.938217801787914
"138",284,0.62,1,0.938304065062926
"139",284.25,0.62,1,0.938766394091677
"140",284.5,0.62,1,0.939590729933555
"141",284.75,0.62,1,0.940750159599265
"142",285,0.62,1,0.942178919906106
"143",285.25,0.62,1,0.94379980375722
"144",285.5,0.62,1,0.945576562519372
"145",285.75,0.62,1,0.94738877479911
"146",286,0.62,1,0.949222742210105
"147",286.25,0.62,1,0.95093675163788
"148",286.5,0.62,1,0.952430340608686
"149",286.75,0.62,1,0.953590833535873
"150",287,0.62,1,0.954400409569218
"151",287.25,0.62,1,0.954758599984612
"152",287.5,0.62,1,0.954466655219712
"153",287.75,0.62,1,0.95369553406273
"154",288,0.62,1,0.952215409601281
"155",288.25,0.62,1,0.949902420235172
"156",288.5,0.62,1,0.946769152218364
"157",288.75,0.62,1,0.942697874088472
"158",289,0.62,1,0.937573803098477
"159",289.25,0.62,1,0.931459124190634
"160",289.5,0.62,1,0.924235716553098
"161",289.75,0.62,1,0.915728003268593
"162",290,0.62,1,0.906055800554446
"163",290.25,0.62,1,0.895150363894445
"164",290.5,0.62,1,0.882927586125895
"165",290.75,0.62,1,0.869515501455079
"166",291,0.62,1,0.854942813627614
"167",291.25,0.62,1,0.839058146255231
"168",291.5,0.62,1,0.821965022047048
"169",291.75,0.62,1,0.803734415289675
"170",292,0.62,1,0.784470672055634
"171",292.25,0.62,1,0.764263992199333
"172",292.5,0.62,1,0.743181656693794
"173",292.75,0.62,1,0.721140380135488
"174",293,0.62,1,0.698513197470083
"175",293.25,0.62,1,0.675144893186226
"176",293.5,0.62,1,0.651297474031159
"177",293.75,0.62,1,0.626938197676055
"178",294,0.62,1,0.602362009354518
"179",294.25,0.62,1,0.577530748358594
"180",294.5,0.62,1,0.552693111766455
"181",283.5,0.63,1,0.942816941252869
"182",283.75,0.63,1,0.943005995313706
"183",284,0.63,1,0.943601603232484
"184",284.25,0.63,1,0.944603240015459
"185",284.5,0.63,1,0.945957226049604
"186",284.75,0.63,1,0.947626223816652
"187",285,0.63,1,0.949551681733431
"188",285.25,0.63,1,0.951658681578895
"189",285.5,0.63,1,0.953877301261021
"190",285.75,0.63,1,0.956191184062139
"191",286,0.63,1,0.95838801465168
"192",286.25,0.63,1,0.960443714007583
"193",286.5,0.63,1,0.962228267224646
"194",286.75,0.63,1,0.963694571339951
"195",287,0.63,1,0.964807107727372
"196",287.25,0.63,1,0.965449648896808
"197",287.5,0.63,1,0.965493425780498
"198",287.75,0.63,1,0.964991212760618
"199",288,0.63,1,0.963712314041312
"200",288.25,0.63,1,0.961649698196075
"201",288.5,0.63,1,0.958752296789245
"202",288.75,0.63,1,0.954822737384177
"203",289,0.63,1,0.949888155792396
"204",289.25,0.63,1,0.943905574867646
"205",289.5,0.63,1,0.936879929532653
"206",289.75,0.63,1,0.928581779152174
"207",290,0.63,1,0.918954836790291
"208",290.25,0.63,1,0.908146977241898
"209",290.5,0.63,1,0.895877307455415
"210",290.75,0.63,1,0.882375321085356
"211",291,0.63,1,0.867627373017958
"212",291.25,0.63,1,0.851546528837539
"213",291.5,0.63,1,0.834306866453971
"214",291.75,0.63,1,0.816084654573277
"215",292,0.63,1,0.796486746494963
"216",292.25,0.63,1,0.775917068500984
"217",292.5,0.63,1,0.754680744780011
"218",292.75,0.63,1,0.732469229811182
"219",293,0.63,1,0.709407616984873
"220",293.25,0.63,1,0.685893247417373
"221",293.5,0.63,1,0.661674061171884
"222",293.75,0.63,1,0.63713581575056
"223",294,0.63,1,0.612091520905606
"224",294.25,0.63,1,0.586917984742416
"225",294.5,0.63,1,0.561673635640956
"226",283.5,0.64,1,0.947307178145733
"227",283.75,0.64,1,0.947997499473311
"228",284,0.64,1,0.949105117374131
"229",284.25,0.64,1,0.950616414336012
"230",284.5,0.64,1,0.952478969490683
"231",284.75,0.64,1,0.954649177098157
"232",285,0.64,1,0.957049792469588
"233",285.25,0.64,1,0.959616658143697
"234",285.5,0.64,1,0.962275701435136
"235",285.75,0.64,1,0.964901508779302
"236",286,0.64,1,0.967453511882133
"237",286.25,0.64,1,0.969839974718347
"238",286.5,0.64,1,0.971938134389023
"239",286.75,0.64,1,0.973735788943682
"240",287,0.64,1,0.975183740786855
"241",287.25,0.64,1,0.976056918388364
"242",287.5,0.64,1,0.976419986306486
"243",287.75,0.64,1,0.976100891528033
"244",288,0.64,1,0.97510453023706
"245",288.25,0.64,1,0.973286636791
"246",288.5,0.64,1,0.970458241065329
"247",288.75,0.64,1,0.966889784190818
"248",289,0.64,1,0.962232061213843
"249",289.25,0.64,1,0.956423399006943
"250",289.5,0.64,1,0.94934547660971
"251",289.75,0.64,1,0.941100013910573
"252",290,0.64,1,0.931673014303584
"253",290.25,0.64,1,0.920829335131766
"254",290.5,0.64,1,0.908597119714294
"255",290.75,0.64,1,0.895175931225709
"256",291,0.64,1,0.880317477826091
"257",291.25,0.64,1,0.864127770315179
"258",291.5,0.64,1,0.846603504769405
"259",291.75,0.64,1,0.828000503853917
"260",292,0.64,1,0.808437644225863
"261",292.25,0.64,1,0.787728194783755
"262",292.5,0.64,1,0.765958825287715
"263",292.75,0.64,1,0.743581538022256
"264",293,0.64,1,0.720340662485677
"265",293.25,0.64,1,0.696399562256281
"266",293.5,0.64,1,0.672101895148279
"267",293.75,0.64,1,0.647122621074916
"268",294,0.64,1,0.621784077138097
"269",294.25,0.64,1,0.596273991249166
"270",294.5,0.64,1,0.57057063000183
"271",283.5,0.65,1,0.951968253384166
"272",283.75,0.65,1,0.953167605426529
"273",284,0.65,1,0.954773945283387
"274",284.25,0.65,1,0.956779933903645
"275",284.5,0.65,1,0.959111417669156
"276",284.75,0.65,1,0.961731547452079
"277",285,0.65,1,0.964596375584056
"278",285.25,0.65,1,0.967570742354884
"279",285.5,0.65,1,0.970600665031289
"280",285.75,0.65,1,0.973588069893752
"281",286,0.65,1,0.976422190944449
"282",286.25,0.65,1,0.979102519832108
"283",286.5,0.65,1,0.981569658398712
"284",286.75,0.65,1,0.983647592361879
"285",287,0.65,1,0.985315115851719
"286",287.25,0.65,1,0.986480062295911
"287",287.5,0.65,1,0.987080617739738
"288",287.75,0.65,1,0.986989624339121
"289",288,0.65,1,0.986266309554552
"290",288.25,0.65,1,0.984686578076182
"291",288.5,0.65,1,0.982310126214455
"292",288.75,0.65,1,0.978877459159161
"293",289,0.65,1,0.974360609758062
"294",289.25,0.65,1,0.968725427154371
"295",289.5,0.65,1,0.961963978143657
"296",289.75,0.65,1,0.953715935075645
"297",290,0.65,1,0.944342075001753
"298",290.25,0.65,1,0.933496356715179
"299",290.5,0.65,1,0.921361487914044
"300",290.75,0.65,1,0.907776065138622
"301",291,0.65,1,0.892967223868501
"302",291.25,0.65,1,0.876703117244989
"303",291.5,0.65,1,0.858934697873515
"304",291.75,0.65,1,0.840180197186482
"305",292,0.65,1,0.820184470696515
"306",292.25,0.65,1,0.799244737598116
"307",292.5,0.65,1,0.777275960792862
"308",292.75,0.65,1,0.754370092641681
"309",293,0.65,1,0.731048331557124
"310",293.25,0.65,1,0.706879982422644
"311",293.5,0.65,1,0.682216478593139
"312",293.75,0.65,1,0.657037225178983
"313",294,0.65,1,0.631395326660924
"314",294.25,0.65,1,0.605581848210669
"315",294.5,0.65,1,0.57956649800478
"316",283.5,0.66,1,0.956807827002815
"317",283.75,0.66,1,0.958476858602109
"318",284,0.66,1,0.960569631356917
"319",284.25,0.66,1,0.963042828353104
"320",284.5,0.66,1,0.965851407784291
"321",284.75,0.66,1,0.968936929511617
"322",285,0.66,1,0.972181157567654
"323",285.25,0.66,1,0.975506896320553
"324",285.5,0.66,1,0.978858316214196
"325",285.75,0.66,1,0.98214327000797
"326",286,0.66,1,0.985345674262718
"327",286.25,0.66,1,0.988328695329368
"328",286.5,0.66,1,0.990978235316333
"329",286.75,0.66,1,0.993322122637755
"330",287,0.66,1,0.995233562342232
"331",287.25,0.66,1,0.99676155060158
"332",287.5,0.66,1,0.997591598701151
"333",287.75,0.66,1,0.997874148922338
"334",288,0.66,1,0.997495568416224
"335",288.25,0.66,1,0.996229928109708
"336",288.5,0.66,1,0.99411357535919
"337",288.75,0.66,1,0.990843217037371
"338",289,0.66,1,0.986602204500227
"339",289.25,0.66,1,0.981143421049707
"340",289.5,0.66,1,0.974533949286593
"341",289.75,0.66,1,0.96645043702065
"342",290,0.66,1,0.957119756351777
"343",290.25,0.66,1,0.946290498204157
"344",290.5,0.66,1,0.934015572784316
"345",290.75,0.66,1,0.920432819436935
"346",291,0.66,1,0.905404088150171
"347",291.25,0.66,1,0.889016772018965
"348",291.5,0.66,1,0.871308331783374
"349",291.75,0.66,1,0.852357466079138
"350",292,0.66,1,0.831893689494404
"351",292.25,0.66,1,0.810637736120706
"352",292.5,0.66,1,0.788516312695359
"353",292.75,0.66,1,0.765418068133438
"354",293,0.66,1,0.741457572454335
"355",293.25,0.66,1,0.717190677979619
"356",293.5,0.66,1,0.692116177285829
"357",293.75,0.66,1,0.666709534015183
"358",294,0.66,1,0.640813379651892
"359",294.25,0.66,1,0.614759743200082
"360",294.5,0.66,1,0.58840743080118
"361",283.5,0.67,1,0.961772558678936
"362",283.75,0.67,1,0.963918827563098
"363",284,0.67,1,0.966468638257393
"364",284.25,0.67,1,0.969388908229118
"365",284.5,0.67,1,0.972630911543889
"366",284.75,0.67,1,0.97608823978251
"367",285,0.67,1,0.979704124025114
"368",285.25,0.67,1,0.983303790407868
"369",285.5,0.67,1,0.987001178697254
"370",285.75,0.67,1,0.9906286945659
"371",286,0.67,1,0.994044476241796
"372",286.25,0.67,1,0.997305486796014
"373",286.5,0.67,1,1.00024647841944
"374",286.75,0.67,1,1.00289469461158
"375",287,0.67,1,1.00508030346334
"376",287.25,0.67,1,1.00685583116231
"377",287.5,0.67,1,1.00810711103299
"378",287.75,0.67,1,1.00871350725192
"379",288,0.67,1,1.00859257944567
"380",288.25,0.67,1,1.0076150099237
"381",288.5,0.67,1,1.00565267026595
"382",288.75,0.67,1,1.00289561165387
"383",289,0.67,1,0.998798172739192
"384",289.25,0.67,1,0.993516999474611
"385",289.5,0.67,1,0.986959533021164
"386",289.75,0.67,1,0.979039494111341
"387",290,0.67,1,0.969799999874257
"388",290.25,0.67,1,0.959000648146213
"389",290.5,0.67,1,0.946751573136759
"390",290.75,0.67,1,0.933232251174923
"391",291,0.67,1,0.917976764965204
"392",291.25,0.67,1,0.901404934071833
"393",291.5,0.67,1,0.883439290239803
"394",291.75,0.67,1,0.86424228440704
"395",292,0.67,1,0.843808011543205
"396",292.25,0.67,1,0.822192487556137
"397",292.5,0.67,1,0.799473047954015
"398",292.75,0.67,1,0.776249728560922
"399",293,0.67,1,0.75201755910107
"400",293.25,0.67,1,0.727128465996939
"401",293.5,0.67,1,0.702043775101335
"402",293.75,0.67,1,0.676155410441667
"403",294,0.67,1,0.650164653027295
"404",294.25,0.67,1,0.623747312483225
"405",294.5,0.67,1,0.597117292182469
"406",283.5,0.68,1,0.966859723961908
"407",283.75,0.68,1,0.969443923432043
"408",284,0.68,1,0.97243597619469
"409",284.25,0.68,1,0.97579690040264
"410",284.5,0.68,1,0.979408954588776
"411",284.75,0.68,1,0.983192956068991
"412",285,0.68,1,0.987086079303737
"413",285.25,0.68,1,0.991080423384058
"414",285.5,0.68,1,0.995019408151296
"415",285.75,0.68,1,0.998881224260015
"416",286,0.68,1,1.00257082847488
"417",286.25,0.68,1,1.00608058934305
"418",286.5,0.68,1,1.00930698490106
"419",286.75,0.68,1,1.01227489944251
"420",287,0.68,1,1.01490032084042
"421",287.25,0.68,1,1.01698842783883
"422",287.5,0.68,1,1.0185212875225
"423",287.75,0.68,1,1.01948670814348
"424",288,0.68,1,1.01965848565148
"425",288.25,0.68,1,1.01888778580526
"426",288.5,0.68,1,1.01724513418345
"427",288.75,0.68,1,1.01457540565943
"428",289,0.68,1,1.01079028675514
"429",289.25,0.68,1,1.00567717880771
"430",289.5,0.68,1,0.999344975240852
"431",289.75,0.68,1,0.991541861010056
"432",290,0.68,1,0.982263534690217
"433",290.25,0.68,1,0.971546701113444
"434",290.5,0.68,1,0.959318347012333
"435",290.75,0.68,1,0.945740047196513
"436",291,0.68,1,0.930533642092524
"437",291.25,0.68,1,0.913884730793107
"438",291.5,0.68,1,0.89562884344844
"439",291.75,0.68,1,0.876082300109731
"440",292,0.68,1,0.855483255599175
"441",292.25,0.68,1,0.833628197081664
"442",292.5,0.68,1,0.810579792394713
"443",292.75,0.68,1,0.786715453281226
"444",293,0.68,1,0.762301302019069
"445",293.25,0.68,1,0.737198504401275
"446",293.5,0.68,1,0.711529519817938
"447",293.75,0.68,1,0.685551421373008
"448",294,0.68,1,0.659136323247751
"449",294.25,0.68,1,0.632572722575542
"450",294.5,0.68,1,0.605667729732864
"451",283.5,0.69,1,0.972025888565266
"452",283.75,0.69,1,0.975040815333402
"453",284,0.69,1,0.978457946737334
"454",284.25,0.69,1,0.982174751295505
"455",284.5,0.69,1,0.986104621655637
"456",284.75,0.69,1,0.990170967478168
"457",285,0.69,1,0.994416642189135
"458",285.25,0.69,1,0.9986456516439
"459",285.5,0.69,1,1.00287504205082
"460",285.75,0.69,1,1.00699367327083
"461",286,0.69,1,1.01091184381051
"462",286.25,0.69,1,1.01472312921726
"463",286.5,0.69,1,1.01831325862328
"464",286.75,0.69,1,1.02157282536678
"465",287,0.69,1,1.02449001092124
"466",287.25,0.69,1,1.0269139435581
"467",287.5,0.69,1,1.02880521419034
"468",287.75,0.69,1,1.03010345786292
"469",288,0.69,1,1.03054808826548
"470",288.25,0.69,1,1.03006123836078
"471",288.5,0.69,1,1.02873095059941
"472",288.75,0.69,1,1.02631307875026
"473",289,0.69,1,1.02254272897161
"474",289.25,0.69,1,1.01758374707969
"475",289.5,0.69,1,1.01136494201882
"476",289.75,0.69,1,1.00383028690945
"477",290,0.69,1,0.994635226314223
"478",290.25,0.69,1,0.984021156064542
"479",290.5,0.69,1,0.971782965503994
"480",290.75,0.69,1,0.95803889178293
"481",291,0.69,1,0.942757723543627
"482",291.25,0.69,1,0.925935288265162
"483",291.5,0.69,1,0.907796610476291
"484",291.75,0.69,1,0.888079206022212
"485",292,0.69,1,0.86707954734505
"486",292.25,0.69,1,0.84488975303108
"487",292.5,0.69,1,0.821625703722271
"488",292.75,0.69,1,0.797452694090856
"489",293,0.69,1,0.772367616687499
"490",293.25,0.69,1,0.747030519123255
"491",293.5,0.69,1,0.720917076042022
"492",293.75,0.69,1,0.694629475291272
"493",294,0.69,1,0.667988551131108
"494",294.25,0.69,1,0.641135775067841
"495",294.5,0.69,1,0.613940910870854
"496",283.5,0.7,1,0.977258378369081
"497",283.75,0.7,1,0.980686774386037
"498",284,0.7,1,0.984448416916279
"499",284.25,0.7,1,0.988472224375508
"500",284.5,0.7,1,0.992722750754457
"501",284.75,0.7,1,0.997128378626155
"502",285,0.7,1,1.00158484559281
"503",285.25,0.7,1,1.00606952398624
"504",285.5,0.7,1,1.01051189113833
"505",285.75,0.7,1,1.01488690387039
"506",286,0.7,1,1.01913922450368
"507",286.25,0.7,1,1.02327634619937
"508",286.5,0.7,1,1.02719487814005
"509",286.75,0.7,1,1.03080676368238
"510",287,0.7,1,1.03397503454184
"511",287.25,0.7,1,1.03679101416378
"512",287.5,0.7,1,1.03895147103857
"513",287.75,0.7,1,1.04051136088514
"514",288,0.7,1,1.04134855417827
"515",288.25,0.7,1,1.04115930244782
"516",288.5,0.7,1,1.03996324210326
"517",288.75,0.7,1,1.0377510027919
"518",289,0.7,1,1.03423733165225
"519",289.25,0.7,1,1.0295872738431
"520",289.5,0.7,1,1.02337172084306
"521",289.75,0.7,1,1.01577247408169
"522",290,0.7,1,1.00677334672373
"523",290.25,0.7,1,0.996112544924112
"524",290.5,0.7,1,0.983845417643773
"525",290.75,0.7,1,0.970120149945524
"526",291,0.7,1,0.954725740153233
"527",291.25,0.7,1,0.938073663592475
"528",291.5,0.7,1,0.919608948473808
"529",291.75,0.7,1,0.899826136337433
"530",292,0.7,1,0.878486461171559
"531",292.25,0.7,1,0.855909374497018
"532",292.5,0.7,1,0.832465591451263
"533",292.75,0.7,1,0.808013897632602
"534",293,0.7,1,0.782674647195284
"535",293.25,0.7,1,0.756677575538487
"536",293.5,0.7,1,0.73026488015058
"537",293.75,0.7,1,0.703374387747179
"538",294,0.7,1,0.676645256191791
"539",294.25,0.7,1,0.649299025116412
"540",294.5,0.7,1,0.62209616238811
"541",283.5,0.71,1,0.98252778451322
"542",283.75,0.71,1,0.986303063302662
"543",284,0.71,1,0.990367041803017
"544",284.25,0.71,1,0.994704329684948
"545",284.5,0.71,1,0.999230857196548
"546",284.75,0.71,1,1.00387982730278
"547",285,0.71,1,1.00857491230384
"548",285.25,0.71,1,1.01328615234166
"549",285.5,0.71,1,1.01790885757145
"550",285.75,0.71,1,1.02260637114353
"551",286,0.71,1,1.02718692177969
"552",286.25,0.71,1,1.03166792831357
"553",286.5,0.71,1,1.03590426484255
"554",286.75,0.71,1,1.03988919553656
"555",287,0.71,1,1.04336152597881
"556",287.25,0.71,1,1.04647101833878
"557",287.5,0.71,1,1.04894970045382
"558",287.75,0.71,1,1.05092087625571
"559",288,0.71,1,1.05189249516328
"560",288.25,0.71,1,1.05210520692728
"561",288.5,0.71,1,1.05110995465199
"562",288.75,0.71,1,1.04907031385615
"563",289,0.71,1,1.04574136079461
"564",289.25,0.71,1,1.04114180213588
"565",289.5,0.71,1,1.03505461414392
"566",289.75,0.71,1,1.02759886798098
"567",290,0.71,1,1.01861292604337
"568",290.25,0.71,1,1.0080104825108
"569",290.5,0.71,1,0.995777966751167
"570",290.75,0.71,1,0.981950103918603
"571",291,0.71,1,0.966713346683872
"572",291.25,0.71,1,0.949630481903909
"573",291.5,0.71,1,0.931265690088851
"574",291.75,0.71,1,0.911279680540052
"575",292,0.71,1,0.889878195814051
"576",292.25,0.71,1,0.867253979402729
"577",292.5,0.71,1,0.843192672850372
"578",292.75,0.71,1,0.818417432422398
"579",293,0.71,1,0.79268171286107
"580",293.25,0.71,1,0.766385756031144
"581",293.5,0.71,1,0.739340643538975
"582",293.75,0.71,1,0.712376325227229
"583",294,0.71,1,0.684844921371335
"584",294.25,0.71,1,0.657535536073621
"585",294.5,0.71,1,0.629918971168785
"586",283.5,0.72,1,0.987773887180729
"587",283.75,0.72,1,0.991851525017283
"588",284,0.72,1,0.99621996429064
"589",284.25,0.72,1,1.00081675091208
"590",284.5,0.72,1,1.00559097687283
"591",284.75,0.72,1,1.01043813502275
"592",285,0.72,1,1.01534013897337
"593",285.25,0.72,1,1.02030158414619
"594",285.5,0.72,1,1.02529958408061
"595",285.75,0.72,1,1.03026607484665
"596",286,0.72,1,1.03509276988667
"597",286.25,0.72,1,1.03992580436825
"598",286.5,0.72,1,1.04446127540079
"599",286.75,0.72,1,1.04865902262447
"600",287,0.72,1,1.05256891191775
"601",287.25,0.72,1,1.05603899565747
"602",287.5,0.72,1,1.05888688347086
"603",287.75,0.72,1,1.06102732192785
"604",288,0.72,1,1.06230923856569
"605",288.25,0.72,1,1.06266453284627
"606",288.5,0.72,1,1.06187979873403
"607",288.75,0.72,1,1.06012361129736
"608",289,0.72,1,1.05693750269397
"609",289.25,0.72,1,1.05237047387239
"610",289.5,0.72,1,1.04644906418183
"611",289.75,0.72,1,1.03907904057398
"612",290,0.72,1,1.02991748384267
"613",290.25,0.72,1,1.01956261492839
"614",290.5,0.72,1,1.00728542687102
"615",290.75,0.72,1,0.99348382958133
"616",291,0.72,1,0.978105551622867
"617",291.25,0.72,1,0.960996050620162
"618",291.5,0.72,1,0.942419065797883
"619",291.75,0.72,1,0.922295917760378
"620",292,0.72,1,0.900733726509388
"621",292.25,0.72,1,0.877946642133986
"622",292.5,0.72,1,0.853957012253795
"623",292.75,0.72,1,0.82850853689912
"624",293,0.72,1,0.802565273517996
"625",293.25,0.72,1,0.775814990981382
"626",293.5,0.72,1,0.748322384948191
"627",293.75,0.72,1,0.720860397733492
"628",294,0.72,1,0.69310508566939
"629",294.25,0.72,1,0.665346610467471
"630",294.5,0.72,1,0.637419871102886
"631",283.5,0.73,1,0.992957719592364
"632",283.75,0.73,1,0.997300207637139
"633",284,0.73,1,1.00194138939172
"634",284.25,0.73,1,1.00678927608822
"635",284.5,0.73,1,1.01174416539176
"636",284.75,0.73,1,1.01679059730366
"637",285,0.73,1,1.02193439791997
"638",285.25,0.73,1,1.0271566919489
"639",285.5,0.73,1,1.03238792263695
"640",285.75,0.73,1,1.03765255085342
"641",286,0.73,1,1.04282962193227
"642",286.25,0.73,1,1.04791503986501
"643",286.5,0.73,1,1.0528314556791
"644",286.75,0.73,1,1.05742648943693
"645",287,0.73,1,1.0616608889527
"646",287.25,0.73,1,1.06543232860253
"647",287.5,0.73,1,1.06854376531268
"648",287.75,0.73,1,1.07081921374394
"649",288,0.73,1,1.07240886627271
"650",288.25,0.73,1,1.07299113531159
"651",288.5,0.73,1,1.07241607097421
"652",288.75,0.73,1,1.07064369216413
"653",289,0.73,1,1.06762965688866
"654",289.25,0.73,1,1.06328323162928
"655",289.5,0.73,1,1.05743136670716
"656",289.75,0.73,1,1.0499623332004
"657",290,0.73,1,1.04111211646391
"658",290.25,0.73,1,1.03049088954236
"659",290.5,0.73,1,1.01830644786124
"660",290.75,0.73,1,1.00451957229182
"661",291,0.73,1,0.988917214182368
"662",291.25,0.73,1,0.97199181030267
"663",291.5,0.73,1,0.953249467791262
"664",291.75,0.73,1,0.933018966996947
"665",292,0.73,1,0.911402281270039
"666",292.25,0.73,1,0.888438479007427
"667",292.5,0.73,1,0.864072402689403
"668",292.75,0.73,1,0.838619788350492
"669",293,0.73,1,0.812300627869883
"670",293.25,0.73,1,0.785058408354401
"671",293.5,0.73,1,0.757424773370558
"672",293.75,0.73,1,0.729317937832002
"673",294,0.73,1,0.701141073276127
"674",294.25,0.73,1,0.672918055603643
"675",294.5,0.73,1,0.644896409119622
"676",283.5,0.74,1,0.998054869707025
"677",283.75,0.74,1,1.00267657474222
"678",284,0.74,1,1.00752554459469
"679",284.25,0.74,1,1.01254356012972
"680",284.5,0.74,1,1.01769287183077
"681",284.75,0.74,1,1.02295747859709
"682",285,0.74,1,1.02836100504265
"683",285.25,0.74,1,1.03383985177146
"684",285.5,0.74,1,1.03938776137472
"685",285.75,0.74,1,1.04493086720308
"686",286,0.74,1,1.05043956066516
"687",286.25,0.74,1,1.05581963465971
"688",286.5,0.74,1,1.06109038000739
"689",286.75,0.74,1,1.06602723319986
"690",287,0.74,1,1.07055594296809
"691",287.25,0.74,1,1.07452689979582
"692",287.5,0.74,1,1.07783480877765
"693",287.75,0.74,1,1.08055350477441
"694",288,0.74,1,1.08218960094602
"695",288.25,0.74,1,1.08291273284804
"696",288.5,0.74,1,1.08252026098188
"697",288.75,0.74,1,1.08088534884236
"698",289,0.74,1,1.07794672071254
"699",289.25,0.74,1,1.07357248271319
"700",289.5,0.74,1,1.06783773136855
"701",289.75,0.74,1,1.06046764985254
"702",290,0.74,1,1.05157492590926
"703",290.25,0.74,1,1.04100535346231
"704",290.5,0.74,1,1.02894762432206
"705",290.75,0.74,1,1.01509604352417
"706",291,0.74,1,0.999507138976666
"707",291.25,0.74,1,0.982350495833476
"708",291.5,0.74,1,0.963717181836869
"709",291.75,0.74,1,0.943328676907381
"710",292,0.74,1,0.921650503242644
"711",292.25,0.74,1,0.898381396994187
"712",292.5,0.74,1,0.874007467892441
"713",292.75,0.74,1,0.848281637606394
"714",293,0.74,1,0.821678487861413
"715",293.25,0.74,1,0.794137345780469
"716",293.5,0.74,1,0.766158259360157
"717",293.75,0.74,1,0.737663439300041
"718",294,0.74,1,0.708980628893544
"719",294.25,0.74,1,0.680383193768199
"720",294.5,0.74,1,0.651993140060998
"721",283.5,0.75,1,1.0030831006249
"722",283.75,0.75,1,1.00789487011915
"723",284,0.75,1,1.01293414274469
"724",284.25,0.75,1,1.01811460563822
"725",284.5,0.75,1,1.02346071808116
"726",284.75,0.75,1,1.02896438726294
"727",285,0.75,1,1.03460986676247
"728",285.25,0.75,1,1.04032876022992
"729",285.5,0.75,1,1.04614945478401
"730",285.75,0.75,1,1.05199240737203
"731",286,0.75,1,1.05785039268077
"732",286.25,0.75,1,1.06357928141843
"733",286.5,0.75,1,1.06912832854564
"734",286.75,0.75,1,1.07433937074184
"735",287,0.75,1,1.07909827380839
"736",287.25,0.75,1,1.08342960685944
"737",287.5,0.75,1,1.08707114239047
"738",287.75,0.75,1,1.08978432090901
"739",288,0.75,1,1.09163833393249
"740",288.25,0.75,1,1.09252155106624
"741",288.5,0.75,1,1.09224066608461
"742",288.75,0.75,1,1.09075190027284
"743",289,0.75,1,1.08781615826517
"744",289.25,0.75,1,1.08356611519834
"745",289.5,0.75,1,1.0778056809513
"746",289.75,0.75,1,1.07048210363765
"747",290,0.75,1,1.06168214327705
"748",290.25,0.75,1,1.05099884454284
"749",290.5,0.75,1,1.03894350821905
"750",290.75,0.75,1,1.02499994003664
"751",291,0.75,1,1.00947267837324
"752",291.25,0.75,1,0.992335826858164
"753",291.5,0.75,1,0.973518405266608
"754",291.75,0.75,1,0.95312510593042
"755",292,0.75,1,0.931170823365703
"756",292.25,0.75,1,0.907946989802223
"757",292.5,0.75,1,0.883358428112229
"758",292.75,0.75,1,0.85764957594593
"759",293,0.75,1,0.830785580687979
"760",293.25,0.75,1,0.802938338127494
"761",293.5,0.75,1,0.77458416823336
"762",293.75,0.75,1,0.745799229060625
"763",294,0.75,1,0.716621229295723
"764",294.25,0.75,1,0.68771911097224
"765",294.5,0.75,1,0.658672752862514
"766",283.5,0.76,1,1.00794086737333
"767",283.75,0.76,1,1.01292930788421
"768",284,0.76,1,1.01814208393714
"769",284.25,0.76,1,1.02350924247534
"770",284.5,0.76,1,1.02906116547488
"771",284.75,0.76,1,1.03477069476416
"772",285,0.76,1,1.04067168564989
"773",285.25,0.76,1,1.04662813200595
"774",285.5,0.76,1,1.05277967299484
"775",285.75,0.76,1,1.05892794564673
"776",286,0.76,1,1.06506728406906
"777",286.25,0.76,1,1.07110371897066
"778",286.5,0.76,1,1.07692878975341
"779",286.75,0.76,1,1.08242972661596
"780",287,0.76,1,1.08741571440825
"781",287.25,0.76,1,1.09193480297864
"782",287.5,0.76,1,1.09569227184204
"783",287.75,0.76,1,1.09869405523452
"784",288,0.76,1,1.10064379659395
"785",288.25,0.76,1,1.10170025152557
"786",288.5,0.76,1,1.10141603320688
"787",288.75,0.76,1,1.10003240740037
"788",289,0.76,1,1.09723823482546
"789",289.25,0.76,1,1.09306940070575
"790",289.5,0.76,1,1.08734064253348
"791",289.75,0.76,1,1.07994825704281
"792",290,0.76,1,1.07110392950876
"793",290.25,0.76,1,1.060605314839
"794",290.5,0.76,1,1.04830785360731
"795",290.75,0.76,1,1.03433281403866
"796",291,0.76,1,1.01881222909092
"797",291.25,0.76,1,1.00160847621204
"798",291.5,0.76,1,0.982720910519377
"799",291.75,0.76,1,0.962290341916496
"800",292,0.76,1,0.940283641154047
"801",292.25,0.76,1,0.917090086070797
"802",292.5,0.76,1,0.892291530043832
"803",292.75,0.76,1,0.866480409360601
"804",293,0.76,1,0.839458642937563
"805",293.25,0.76,1,0.811542625552465
"806",293.5,0.76,1,0.782771391663036
"807",293.75,0.76,1,0.753638861413403
"808",294,0.76,1,0.724183285342569
"809",294.25,0.76,1,0.694607893580163
"810",294.5,0.76,1,0.665488765773608
"811",283.5,0.77,1,1.01263521099489
"812",283.75,0.77,1,1.01778131838413
"813",284,0.77,1,1.02311719977937
"814",284.25,0.77,1,1.02868814723648
"815",284.5,0.77,1,1.03445670936455
"816",284.75,0.77,1,1.04037972982442
"817",285,0.77,1,1.04649117529994
"818",285.25,0.77,1,1.05283223897653
"819",285.5,0.77,1,1.05919611971033
"820",285.75,0.77,1,1.06566165761185
"821",286,0.77,1,1.07210931867775
"822",286.25,0.77,1,1.07840096052697
"823",286.5,0.77,1,1.0845054653137
"824",286.75,0.77,1,1.09013692505469
"825",287,0.77,1,1.09542990079439
"826",287.25,0.77,1,1.10008075731283
"827",287.5,0.77,1,1.10397861039476
"828",287.75,0.77,1,1.10708746122368
"829",288,0.77,1,1.10915782882846
"830",288.25,0.77,1,1.11033300011774
"831",288.5,0.77,1,1.11020566615197
"832",288.75,0.77,1,1.10879655452654
"833",289,0.77,1,1.1060444581334
"834",289.25,0.77,1,1.10195627366821
"835",289.5,0.77,1,1.09623790359857
"836",289.75,0.77,1,1.08901885077062
"837",290,0.77,1,1.0798927118113
"838",290.25,0.77,1,1.06935017785083
"839",290.5,0.77,1,1.05705407691334
"840",290.75,0.77,1,1.04305813821828
"841",291,0.77,1,1.02738054652156
"842",291.25,0.77,1,1.01021290135934
"843",291.5,0.77,1,0.991331838309019
"844",291.75,0.77,1,0.97075648288183
"845",292,0.77,1,0.948711153910278
"846",292.25,0.77,1,0.925432007843301
"847",292.5,0.77,1,0.900709661466317
"848",292.75,0.77,1,0.874694515365658
"849",293,0.77,1,0.847565684669845
"850",293.25,0.77,1,0.819557985583637
"851",293.5,0.77,1,0.790655899880709
"852",293.75,0.77,1,0.761024079176268
"853",294,0.77,1,0.73138320523968
"854",294.25,0.77,1,0.701533724016638
"855",294.5,0.77,1,0.67178130946094
"856",283.5,0.78,1,1.01713200168556
"857",283.75,0.78,1,1.02242382934536
"858",284,0.78,1,1.02794584425698
"859",284.25,0.78,1,1.03368272828695
"860",284.5,0.78,1,1.03964980940633
"861",284.75,0.78,1,1.04580256155023
"862",285,0.78,1,1.05220059174689
"863",285.25,0.78,1,1.058746748206
"864",285.5,0.78,1,1.06544570214005
"865",285.75,0.78,1,1.07218041368801
"866",286,0.78,1,1.07882616888977
"867",286.25,0.78,1,1.08541265258975
"868",286.5,0.78,1,1.09175748951553
"869",286.75,0.78,1,1.09759897765098
"870",287,0.78,1,1.10298178217573
"871",287.25,0.78,1,1.10778138791274
"872",287.5,0.78,1,1.11186575566355
"873",287.75,0.78,1,1.11503678900776
"874",288,0.78,1,1.11725704380854
"875",288.25,0.78,1,1.1183177703707
"876",288.5,0.78,1,1.11844216536506
"877",288.75,0.78,1,1.11693276119202
"878",289,0.78,1,1.11427865751891
"879",289.25,0.78,1,1.11015543892305
"880",289.5,0.78,1,1.10443182422599
"881",289.75,0.78,1,1.09713658838031
"882",290,0.78,1,1.08806495860797
"883",290.25,0.78,1,1.07758207878628
"884",290.5,0.78,1,1.06509669171305
"885",290.75,0.78,1,1.05125156702172
"886",291,0.78,1,1.0357038526621
"887",291.25,0.78,1,1.01814621519632
"888",291.5,0.78,1,0.999183505667737
"889",291.75,0.78,1,0.978661701937686
"890",292,0.78,1,0.956643271654065
"891",292.25,0.78,1,0.933134138446658
"892",292.5,0.78,1,0.9083284214638
"893",292.75,0.78,1,0.882278555261655
"894",293,0.78,1,0.855105679753133
"895",293.25,0.78,1,0.826954331784973
"896",293.5,0.78,1,0.798034871607116
"897",293.75,0.78,1,0.768396767633562
"898",294,0.78,1,0.738169977772227
"899",294.25,0.78,1,0.7081142574408
"900",294.5,0.78,1,0.677888209620751
"901",283.5,0.79,1,1.02144784242627
"902",283.75,0.79,1,1.02688371225409
"903",284,0.79,1,1.03255934824466
"904",284.25,0.79,1,1.03849673539715
"905",284.5,0.79,1,1.04464474715521
"906",284.75,0.79,1,1.05106441815256
"907",285,0.79,1,1.05767715596313
"908",285.25,0.79,1,1.06449809129465
"909",285.5,0.79,1,1.07142431594741
"910",285.75,0.79,1,1.07842745280358
"911",286,0.79,1,1.08529081940016
"912",286.25,0.79,1,1.09206291667066
"913",286.5,0.79,1,1.098534034481
"914",286.75,0.79,1,1.1046369656106
"915",287,0.79,1,1.11019122937507
"916",287.25,0.79,1,1.11504144477378
"917",287.5,0.79,1,1.11917502487782
"918",287.75,0.79,1,1.12242590761213
"919",288,0.79,1,1.12464322184432
"920",288.25,0.79,1,1.12594558875881
"921",288.5,0.79,1,1.12590881910082
"922",288.75,0.79,1,1.12463400263673
"923",289,0.79,1,1.12188894177144
"924",289.25,0.79,1,1.11762171362291
"925",289.5,0.79,1,1.11187561702883
"926",289.75,0.79,1,1.10460092902128
"927",290,0.79,1,1.09563727111388
"928",290.25,0.79,1,1.08501946825792
"929",290.5,0.79,1,1.07260740100289
"930",290.75,0.79,1,1.05861270801994
"931",291,0.79,1,1.04288304207206
"932",291.25,0.79,1,1.02554551642818
"933",291.5,0.79,1,1.00638303987808
"934",291.75,0.79,1,0.985834428566062
"935",292,0.79,1,0.963743670917362
"936",292.25,0.79,1,0.940244083596367
"937",292.5,0.79,1,0.915368197698052
"938",292.75,0.79,1,0.889348426282857
"939",293,0.79,1,0.862134603992418
"940",293.25,0.79,1,0.8337509619471
"941",293.5,0.79,1,0.80476672421773
"942",293.75,0.79,1,0.774931411688462
"943",294,0.79,1,0.744809226095443
"944",294.25,0.79,1,0.71424385637978
"945",294.5,0.79,1,0.683798147403116
"946",283.5,0.8,1,1.0255782046339
"947",283.75,0.8,1,1.03115280535613
"948",284,0.8,1,1.03696929504628
"949",284.25,0.8,1,1.04307236950482
"950",284.5,0.8,1,1.0494303101963
"951",284.75,0.8,1,1.05605567145405
"952",285,0.8,1,1.06294606522005
"953",285.25,0.8,1,1.06999569326087
"954",285.5,0.8,1,1.07721516859211
"955",285.75,0.8,1,1.0843884212764
"956",286,0.8,1,1.09146706794745
"957",286.25,0.8,1,1.09844898959804
"958",286.5,0.8,1,1.10500418685387
"959",286.75,0.8,1,1.11117442986515
"960",287,0.8,1,1.11684070572166
"961",287.25,0.8,1,1.12183839281819
"962",287.5,0.8,1,1.1259206037355
"963",287.75,0.8,1,1.12926683438823
"964",288,0.8,1,1.13164966717408
"965",288.25,0.8,1,1.13284782056648
"966",288.5,0.8,1,1.13285346621379
"967",288.75,0.8,1,1.13158618769338
"968",289,0.8,1,1.12873133892254
"969",289.25,0.8,1,1.12451900068767
"970",289.5,0.8,1,1.11873935858401
"971",289.75,0.8,1,1.11141625174026
"972",290,0.8,1,1.10242342558888
"973",290.25,0.8,1,1.09178535363707
"974",290.5,0.8,1,1.07922728882732
"975",290.75,0.8,1,1.06522662858323
"976",291,0.8,1,1.04935790680274
"977",291.25,0.8,1,1.03191551103624
"978",291.5,0.8,1,1.01288121149219
"979",291.75,0.8,1,0.992396629717077
"980",292,0.8,1,0.970148202255869
"981",292.25,0.8,1,0.946534652298595
"982",292.5,0.8,1,0.921623731244574
"983",292.75,0.8,1,0.895579739501908
"984",293,0.8,1,0.868370981769702
"985",293.25,0.8,1,0.840000572524005
"986",293.5,0.8,1,0.810918143300065
"987",293.75,0.8,1,0.781140856067554
"988",294,0.8,1,0.750715137912386
"989",294.25,0.8,1,0.719903805270101
"990",294.5,0.8,1,0.689329620047554
"991",283.5,0.81,1,1.029491328591
"992",283.75,0.81,1,1.03518747199937
"993",284,0.81,1,1.04117172179316
"994",284.25,0.81,1,1.04745851480756
"995",284.5,0.81,1,1.05401282058159
"996",284.75,0.81,1,1.06086648824074
"997",285,0.81,1,1.0679861738102
"998",285.25,0.81,1,1.07529642546941
"999",285.5,0.81,1,1.08266972190436
"1000",285.75,0.81,1,1.09002311260539
"1001",286,0.81,1,1.09725857950061
"1002",286.25,0.81,1,1.1043024599541
"1003",286.5,0.81,1,1.1110696465622
"1004",286.75,0.81,1,1.11730932854378
"1005",287,0.81,1,1.12303435779429
"1006",287.25,0.81,1,1.12804188439247
"1007",287.5,0.81,1,1.13227691994705
"1008",287.75,0.81,1,1.13559603834416
"1009",288,0.81,1,1.137985864236
"1010",288.25,0.81,1,1.13909962835581
"1011",288.5,0.81,1,1.1391142483752
"1012",288.75,0.81,1,1.13769347380371
"1013",289,0.81,1,1.1350015489418
"1014",289.25,0.81,1,1.13083043548016
"1015",289.5,0.81,1,1.12500796361125
"1016",289.75,0.81,1,1.11763526008805
"1017",290,0.81,1,1.10845206687072
"1018",290.25,0.81,1,1.09767645350665
"1019",290.5,0.81,1,1.08526561365797
"1020",290.75,0.81,1,1.07106104606304
"1021",291,0.81,1,1.05508066674384
"1022",291.25,0.81,1,1.03775343888911
"1023",291.5,0.81,1,1.01859430943139
"1024",291.75,0.81,1,0.997884034585505
"1025",292,0.81,1,0.975660238359693
"1026",292.25,0.81,1,0.952066191520283
"1027",292.5,0.81,1,0.927208671929284
"1028",292.75,0.81,1,0.900991446079331
"1029",293,0.81,1,0.873880813258946
"1030",293.25,0.81,1,0.84559057532647
"1031",293.5,0.81,1,0.816426016999404
"1032",293.75,0.81,1,0.786667829322304
"1033",294,0.81,1,0.756235324673463
"1034",294.25,0.81,1,0.725386790665471
"1035",294.5,0.81,1,0.694463116141213
"1036",283.5,0.82,1,1.03320279828513
"1037",283.75,0.82,1,1.03903854703774
"1038",284,0.82,1,1.04514134828076
"1039",284.25,0.82,1,1.05162986839553
"1040",284.5,0.82,1,1.05841092066532
"1041",284.75,0.82,1,1.06547525451573
"1042",285,0.82,1,1.07274815063
"1043",285.25,0.82,1,1.08024090832422
"1044",285.5,0.82,1,1.08777420209176
"1045",285.75,0.82,1,1.0952759691311
"1046",286,0.82,1,1.1026477038485
"1047",286.25,0.82,1,1.10976967993826
"1048",286.5,0.82,1,1.11659975718771
"1049",286.75,0.82,1,1.12286327230122
"1050",287,0.82,1,1.12866299409014
"1051",287.25,0.82,1,1.13368280656328
"1052",287.5,0.82,1,1.13793857178555
"1053",287.75,0.82,1,1.14127946052327
"1054",288,0.82,1,1.14347455192737
"1055",288.25,0.82,1,1.14475301418065
"1056",288.5,0.82,1,1.14469990845111
"1057",288.75,0.82,1,1.14336169909802
"1058",289,0.82,1,1.14043369407972
"1059",289.25,0.82,1,1.13613009201382
"1060",289.5,0.82,1,1.13023926295896
"1061",289.75,0.82,1,1.1227906779618
"1062",290,0.82,1,1.1136620068985
"1063",290.25,0.82,1,1.10291999180621
"1064",290.5,0.82,1,1.0902931816563
"1065",290.75,0.82,1,1.07625969675842
"1066",291,0.82,1,1.06022062110988
"1067",291.25,0.82,1,1.04263251955154
"1068",291.5,0.82,1,1.02341882982543
"1069",291.75,0.82,1,1.00268673951757
"1070",292,0.82,1,0.980416673929797
"1071",292.25,0.82,1,0.956800413330807
"1072",292.5,0.82,1,0.93183925714872
"1073",292.75,0.82,1,0.905782007962368
"1074",293,0.82,1,0.87863853645066
"1075",293.25,0.82,1,0.850352996350938
"1076",293.5,0.82,1,0.82123795146076
"1077",293.75,0.82,1,0.791467068308445
"1078",294,0.82,1,0.760923641227482
"1079",294.25,0.82,1,0.730096598959752
"1080",294.5,0.82,1,0.698965584358566
"1081",283.5,0.83,1,1.03668274353638
"1082",283.75,0.83,1,1.04265176112108
"1083",284,0.83,1,1.04893788705755
"1084",284.25,0.83,1,1.05556545224057
"1085",284.5,0.83,1,1.06254199728442
"1086",284.75,0.83,1,1.06979305047697
"1087",285,0.83,1,1.0772318796039
"1088",285.25,0.83,1,1.08487987247715
"1089",285.5,0.83,1,1.0925297087503
"1090",285.75,0.83,1,1.10016320270098
"1091",286,0.83,1,1.10758687798018
"1092",286.25,0.83,1,1.11478111040401
"1093",286.5,0.83,1,1.12165442264047
"1094",286.75,0.83,1,1.12792501616024
"1095",287,0.83,1,1.13364565916176
"1096",287.25,0.83,1,1.13871827666422
"1097",287.5,0.83,1,1.14286954769086
"1098",287.75,0.83,1,1.14620219817417
"1099",288,0.83,1,1.14854349732131
"1100",288.25,0.83,1,1.14956514749974
"1101",288.5,0.83,1,1.14956398676137
"1102",288.75,0.83,1,1.1480926257773
"1103",289,0.83,1,1.14524187441384
"1104",289.25,0.83,1,1.14080409372367
"1105",289.5,0.83,1,1.13483414832464
"1106",289.75,0.83,1,1.12729844132364
"1107",290,0.83,1,1.11807165025146
"1108",290.25,0.83,1,1.10722970005867
"1109",290.5,0.83,1,1.09456470100749
"1110",290.75,0.83,1,1.08030359244461
"1111",291,0.83,1,1.06424656794286
"1112",291.25,0.83,1,1.04674968896314
"1113",291.5,0.83,1,1.02732670673244
"1114",291.75,0.83,1,1.00647776152571
"1115",292,0.83,1,0.984342696598112
"1116",292.25,0.83,1,0.960732169550588
"1117",292.5,0.83,1,0.935729642945917
"1118",292.75,0.83,1,0.909695815517214
"1119",293,0.83,1,0.882483335159349
"1120",293.25,0.83,1,0.854279009239414
"1121",293.5,0.83,1,0.825211514598053
"1122",293.75,0.83,1,0.795392376779646
"1123",294,0.83,1,0.765029902618297
"1124",294.25,0.83,1,0.734239638261406
"1125",294.5,0.83,1,0.703147287033808
"1126",283.5,0.84,1,1.03998522356717
"1127",283.75,0.84,1,1.04607475139389
"1128",284,0.84,1,1.05250862783145
"1129",284.25,0.84,1,1.05931787907448
"1130",284.5,0.84,1,1.06642603493251
"1131",284.75,0.84,1,1.07382738972023
"1132",285,0.84,1,1.08141430761061
"1133",285.25,0.84,1,1.08914388228668
"1134",285.5,0.84,1,1.09689341596386
"1135",285.75,0.84,1,1.1045550583537
"1136",286,0.84,1,1.11206016781077
"1137",286.25,0.84,1,1.11926087008724
"1138",286.5,0.84,1,1.12600349121983
"1139",286.75,0.84,1,1.13239895032116
"1140",287,0.84,1,1.13811889683795
"1141",287.25,0.84,1,1.14308183949234
"1142",287.5,0.84,1,1.14732278825711
"1143",287.75,0.84,1,1.1504880930422
"1144",288,0.84,1,1.15269151978596
"1145",288.25,0.84,1,1.15378072559061
"1146",288.5,0.84,1,1.15357275891516
"1147",288.75,0.84,1,1.15202812365209
"1148",289,0.84,1,1.14908420461764
"1149",289.25,0.84,1,1.14458721114278
"1150",289.5,0.84,1,1.13851823151819
"1151",289.75,0.84,1,1.1308727587192
"1152",290,0.84,1,1.1215822335201
"1153",290.25,0.84,1,1.11059437971502
"1154",290.5,0.84,1,1.09789166110941
"1155",290.75,0.84,1,1.08346201666146
"1156",291,0.84,1,1.06742742146015
"1157",291.25,0.84,1,1.04972814757824
"1158",291.5,0.84,1,1.03033032044509
"1159",291.75,0.84,1,1.00959098622085
"1160",292,0.84,1,0.987308233890613
"1161",292.25,0.84,1,0.963611192466195
"1162",292.5,0.84,1,0.938681360396852
"1163",292.75,0.84,1,0.912692344195644
"1164",293,0.84,1,0.885336580447453
"1165",293.25,0.84,1,0.857325714600233
"1166",293.5,0.84,1,0.828331209833247
"1167",293.75,0.84,1,0.798712235952477
"1168",294,0.84,1,0.768472950731812
"1169",294.25,0.84,1,0.737675448612754
"1170",294.5,0.84,1,0.70650192907692
"1171",283.5,0.85,1,1.04305456843936
"1172",283.75,0.85,1,1.04926770360274
"1173",284,0.85,1,1.0558533577805
"1174",284.25,0.85,1,1.0627881505474
"1175",284.5,0.85,1,1.07005814857832
"1176",284.75,0.85,1,1.07756633507758
"1177",285,0.85,1,1.08524773156444
"1178",285.25,0.85,1,1.09302714615434
"1179",285.5,0.85,1,1.10082689589768
"1180",285.75,0.85,1,1.10850349753649
"1181",286,0.85,1,1.11598095627499
"1182",286.25,0.85,1,1.12315441669118
"1183",286.5,0.85,1,1.12989312465466
"1184",286.75,0.85,1,1.13617463144587
"1185",287,0.85,1,1.14182526583509
"1186",287.25,0.85,1,1.1467146370983
"1187",287.5,0.85,1,1.15084756986565
"1188",287.75,0.85,1,1.1540241827299
"1189",288,0.85,1,1.15612474707078
"1190",288.25,0.85,1,1.15708380296958
"1191",288.5,0.85,1,1.15676303071137
"1192",288.75,0.85,1,1.15514394405775
"1193",289,0.85,1,1.15196318052078
"1194",289.25,0.85,1,1.14751801069466
"1195",289.5,0.85,1,1.1413332896843
"1196",289.75,0.85,1,1.13357920870662
"1197",290,0.85,1,1.12397856783089
"1198",290.25,0.85,1,1.11296437654257
"1199",290.5,0.85,1,1.10020870066309
"1200",290.75,0.85,1,1.08565527307002
"1201",291,0.85,1,1.06953701206733
"1202",291.25,0.85,1,1.05176538975216
"1203",291.5,0.85,1,1.03248170704928
"1204",291.75,0.85,1,1.01154796964681
"1205",292,0.85,1,0.989230630558564
"1206",292.25,0.85,1,0.965610761662273
"1207",292.5,0.85,1,0.940735919192687
"1208",292.75,0.85,1,0.914661968026196
"1209",293,0.85,1,0.88743522698586
"1210",293.25,0.85,1,0.859414854056504
"1211",293.5,0.85,1,0.830558220629434
"1212",293.75,0.85,1,0.80099680040431
"1213",294,0.85,1,0.770861746671233
"1214",294.25,0.85,1,0.740238574026099
"1215",294.5,0.85,1,0.709207995916733
"1216",283.5,0.86,1,1.04591493758801
"1217",283.75,0.86,1,1.05223314961819
"1218",284,0.86,1,1.05893738994656
"1219",284.25,0.86,1,1.06597666536381
"1220",284.5,0.86,1,1.07337400939617
"1221",284.75,0.86,1,1.08096071999425
"1222",285,0.86,1,1.08867011938787
"1223",285.25,0.86,1,1.09649582047404
"1224",285.5,0.86,1,1.10427159614013
"1225",285.75,0.86,1,1.11193249591929
"1226",286,0.86,1,1.11935596570491
"1227",286.25,0.86,1,1.12644701403088
"1228",286.5,0.86,1,1.1331710924314
"1229",286.75,0.86,1,1.13935265085309
"1230",287,0.86,1,1.14498565599651
"1231",287.25,0.86,1,1.14979439075365
"1232",287.5,0.86,1,1.15372184870585
"1233",287.75,0.86,1,1.1568312543674
"1234",288,0.86,1,1.15881742860944
"1235",288.25,0.86,1,1.15953023601963
"1236",288.5,0.86,1,1.15915328514911
"1237",288.75,0.86,1,1.15725370132637
"1238",289,0.86,1,1.15420276324516
"1239",289.25,0.86,1,1.14948668509213
"1240",289.5,0.86,1,1.14316611753296
"1241",289.75,0.86,1,1.13527899897185
"1242",290,0.86,1,1.12566642931933
"1243",290.25,0.86,1,1.11438709654016
"1244",290.5,0.86,1,1.10151704839381
"1245",290.75,0.86,1,1.0869903694916
"1246",291,0.86,1,1.07080529972922
"1247",291.25,0.86,1,1.05286915509922
"1248",291.5,0.86,1,1.03350786662428
"1249",291.75,0.86,1,1.01267994643869
"1250",292,0.86,1,0.990346481199407
"1251",292.25,0.86,1,0.966524782370623
"1252",292.5,0.86,1,0.941685540096
"1253",292.75,0.86,1,0.915630937711649
"1254",293,0.86,1,0.888602996388752
"1255",293.25,0.86,1,0.860662370026842
"1256",293.5,0.86,1,0.831792295320362
"1257",293.75,0.86,1,0.802443948721048
"1258",294,0.86,1,0.772373348280291
"1259",294.25,0.86,1,0.741797100224906
"1260",294.5,0.86,1,0.71107699605386
"1261",283.5,0.87,1,1.04854128010851
"1262",283.75,0.87,1,1.05496965840239
"1263",284,0.87,1,1.06176821188192
"1264",284.25,0.87,1,1.0689111414909
"1265",284.5,0.87,1,1.07632207816268
"1266",284.75,0.87,1,1.0839588473936
"1267",285,0.87,1,1.0917031892732
"1268",285.25,0.87,1,1.09948804549464
"1269",285.5,0.87,1,1.10723977263124
"1270",285.75,0.87,1,1.11481345151191
"1271",286,0.87,1,1.12217006204026
"1272",286.25,0.87,1,1.12919121531349
"1273",286.5,0.87,1,1.13579221210476
"1274",286.75,0.87,1,1.14188187843716
"1275",287,0.87,1,1.14727189864034
"1276",287.25,0.87,1,1.1519405069386
"1277",287.5,0.87,1,1.15582573286665
"1278",287.75,0.87,1,1.15871166950055
"1279",288,0.87,1,1.16049470034612
"1280",288.25,0.87,1,1.1612037593693
"1281",288.5,0.87,1,1.1605602523268
"1282",288.75,0.87,1,1.15858820141775
"1283",289,0.87,1,1.15520870215038
"1284",289.25,0.87,1,1.1503373969113
"1285",289.5,0.87,1,1.14385541912375
"1286",289.75,0.87,1,1.13581131721733
"1287",290,0.87,1,1.12616088589139
"1288",290.25,0.87,1,1.11468891139563
"1289",290.5,0.87,1,1.10168897912921
"1290",290.75,0.87,1,1.08716614009332
"1291",291,0.87,1,1.07073835657006
"1292",291.25,0.87,1,1.05284296718731
"1293",291.5,0.87,1,1.03345409526251
"1294",291.75,0.87,1,1.01248049661273
"1295",292,0.87,1,0.990226974890577
"1296",292.25,0.87,1,0.966575386303186
"1297",292.5,0.87,1,0.941591437595851
"1298",292.75,0.87,1,0.915632989145178
"1299",293,0.87,1,0.888651629715964
"1300",293.25,0.87,1,0.860725324204
"1301",293.5,0.87,1,0.832199594848184
"1302",293.75,0.87,1,0.802843739773251
"1303",294,0.87,1,0.772984476306789
"1304",294.25,0.87,1,0.742624763864362
"1305",294.5,0.87,1,0.712112124081664
"1306",283.5,0.88,1,1.05093729294782
"1307",283.75,0.88,1,1.05744016357036
"1308",284,0.88,1,1.06431028651573
"1309",284.25,0.88,1,1.07151868948244
"1310",284.5,0.88,1,1.07895273388167
"1311",284.75,0.88,1,1.0865444035971
"1312",285,0.88,1,1.09428910463794
"1313",285.25,0.88,1,1.10202725008404
"1314",285.5,0.88,1,1.10960314500174
"1315",285.75,0.88,1,1.11709996856417
"1316",286,0.88,1,1.12435529899753
"1317",286.25,0.88,1,1.13126725088984
"1318",286.5,0.88,1,1.1376963360339
"1319",286.75,0.88,1,1.14362469007963
"1320",287,0.88,1,1.14893401603567
"1321",287.25,0.88,1,1.15339451564945
"1322",287.5,0.88,1,1.15709109938922
"1323",287.75,0.88,1,1.15978848786965
"1324",288,0.88,1,1.16132690354541
"1325",288.25,0.88,1,1.16185473511436
"1326",288.5,0.88,1,1.16105727797129
"1327",288.75,0.88,1,1.15888208746592
"1328",289,0.88,1,1.1552653537714
"1329",289.25,0.88,1,1.15021142650491
"1330",289.5,0.88,1,1.14361724625322
"1331",289.75,0.88,1,1.13540097347453
"1332",290,0.88,1,1.12548019272346
"1333",290.25,0.88,1,1.11402536261175
"1334",290.5,0.88,1,1.10080921965018
"1335",290.75,0.88,1,1.0860521819286
"1336",291,0.88,1,1.06968689715187
"1337",291.25,0.88,1,1.05167232543134
"1338",291.5,0.88,1,1.03226505399402
"1339",291.75,0.88,1,1.01134977980806
"1340",292,0.88,1,0.988959825044574
"1341",292.25,0.88,1,0.965344873971431
"1342",292.5,0.88,1,0.940534701261002
"1343",292.75,0.88,1,0.914638496321507
"1344",293,0.88,1,0.887721133268015
"1345",293.25,0.88,1,0.859931141882172
"1346",293.5,0.88,1,0.831417397982167
"1347",293.75,0.88,1,0.802182469579211
"1348",294,0.88,1,0.772527217592672
"1349",294.25,0.88,1,0.742564945143588
"1350",294.5,0.88,1,0.712073234088085
"1351",283.5,0.89,1,1.05309851117287
"1352",283.75,0.89,1,1.0596643888337
"1353",284,0.89,1,1.06655237364088
"1354",284.25,0.89,1,1.07375335313445
"1355",284.5,0.89,1,1.0811558190686
"1356",284.75,0.89,1,1.08872429713717
"1357",285,0.89,1,1.09635561364765
"1358",285.25,0.89,1,1.10395719654831
"1359",285.5,0.89,1,1.1114720086209
"1360",285.75,0.89,1,1.11881602671521
"1361",286,0.89,1,1.12592670915768
"1362",286.25,0.89,1,1.13262135821004
"1363",286.5,0.89,1,1.13892187239918
"1364",286.75,0.89,1,1.14462577078165
"1365",287,0.89,1,1.1496718873629
"1366",287.25,0.89,1,1.15396163075589
"1367",287.5,0.89,1,1.15742593468726
"1368",287.75,0.89,1,1.15993809598835
"1369",288,0.89,1,1.16131212251113
"1370",288.25,0.89,1,1.16152573410704
"1371",288.5,0.89,1,1.16043453746537
"1372",288.75,0.89,1,1.15812359634729
"1373",289,0.89,1,1.15433335557062
"1374",289.25,0.89,1,1.149041119107
"1375",289.5,0.89,1,1.14218082050581
"1376",289.75,0.89,1,1.13376947272301
"1377",290,0.89,1,1.12373775450583
"1378",290.25,0.89,1,1.11206175102947
"1379",290.5,0.89,1,1.09864564267618
"1380",290.75,0.89,1,1.0839080946303
"1381",291,0.89,1,1.06733764418204
"1382",291.25,0.89,1,1.04930059608986
"1383",291.5,0.89,1,1.02977980238228
"1384",291.75,0.89,1,1.00881527205649
"1385",292,0.89,1,0.986530612692628
"1386",292.25,0.89,1,0.962913125393495
"1387",292.5,0.89,1,0.93816219244602
"1388",292.75,0.89,1,0.912303812119527
"1389",293,0.89,1,0.885512849617637
"1390",293.25,0.89,1,0.857870614204039
"1391",293.5,0.89,1,0.829517842573644
"1392",293.75,0.89,1,0.80051970594655
"1393",294,0.89,1,0.771150096001126
"1394",294.25,0.89,1,0.74134112458333
"1395",294.5,0.89,1,0.711247306367665
"1396",283.5,0.9,1,1.05498921793335
"1397",283.75,0.9,1,1.06155662595785
"1398",284,0.9,1,1.06846943691606
"1399",284.25,0.9,1,1.07562971018687
"1400",284.5,0.9,1,1.08296032805888
"1401",284.75,0.9,1,1.09042500732705
"1402",285,0.9,1,1.09794813746002
"1403",285.25,0.9,1,1.10541363201649
"1404",285.5,0.9,1,1.11276372343968
"1405",285.75,0.9,1,1.11992367365969
"1406",286,0.9,1,1.12679049517647
"1407",286.25,0.9,1,1.13332057492664
"1408",286.5,0.9,1,1.1393724334528
"1409",286.75,0.9,1,1.14485313202503
"1410",287,0.9,1,1.14969248671546
"1411",287.25,0.9,1,1.15373176000119
"1412",287.5,0.9,1,1.15686457774133
"1413",287.75,0.9,1,1.15911709825343
"1414",288,0.9,1,1.16020212383549
"1415",288.25,0.9,1,1.16021369654412
"1416",288.5,0.9,1,1.15882936872986
"1417",288.75,0.9,1,1.15621147466664
"1418",289,0.9,1,1.15218652326857
"1419",289.25,0.9,1,1.14660171133346
"1420",289.5,0.9,1,1.13950499914426
"1421",289.75,0.9,1,1.13087486170998
"1422",290,0.9,1,1.12067240268945
"1423",290.25,0.9,1,1.10885834964734
"1424",290.5,0.9,1,1.0953876970765
"1425",290.75,0.9,1,1.08041727147987
"1426",291,0.9,1,1.06377268672651
"1427",291.25,0.9,1,1.0457086446643
"1428",291.5,0.9,1,1.02612010588952
"1429",291.75,0.9,1,1.00514283807328
"1430",292,0.9,1,0.982731530117681
"1431",292.25,0.9,1,0.959259914211978
"1432",292.5,0.9,1,0.934561474118525
"1433",292.75,0.9,1,0.908777251016204
"1434",293,0.9,1,0.882133757406674
"1435",293.25,0.9,1,0.854765301777315
"1436",293.5,0.9,1,0.826466158808359
"1437",293.75,0.9,1,0.797765160315914
"1438",294,0.9,1,0.76851289016582
"1439",294.25,0.9,1,0.739027223735204
"1440",294.5,0.9,1,0.709198131756815
"1441",283.5,0.91,1,1.05658990390198
"1442",283.75,0.91,1,1.06315723402737
"1443",284,0.91,1,1.07000542449052
"1444",284.25,0.91,1,1.07708694037856
"1445",284.5,0.91,1,1.08431340361448
"1446",284.75,0.91,1,1.09163019054332
"1447",285,0.91,1,1.09897172782882
"1448",285.25,0.91,1,1.10624959790228
"1449",285.5,0.91,1,1.11341601291968
"1450",285.75,0.91,1,1.12035219172954
"1451",286,0.91,1,1.12699562660622
"1452",286.25,0.91,1,1.13326763416945
"1453",286.5,0.91,1,1.13907621096845
"1454",286.75,0.91,1,1.14429941206202
"1455",287,0.91,1,1.14881130595018
"1456",287.25,0.91,1,1.15253527127743
"1457",287.5,0.91,1,1.15541367676879
"1458",287.75,0.91,1,1.15731389181049
"1459",288,0.91,1,1.15806223044428
"1460",288.25,0.91,1,1.15779933548065
"1461",288.5,0.91,1,1.15613258625656
"1462",288.75,0.91,1,1.15325578449213
"1463",289,0.91,1,1.148826260886
"1464",289.25,0.91,1,1.1429923496222
"1465",289.5,0.91,1,1.13568459190662
"1466",289.75,0.91,1,1.12681348423613
"1467",290,0.91,1,1.1163547155887
"1468",290.25,0.91,1,1.1043571877551
"1469",290.5,0.91,1,1.09078652171101
"1470",290.75,0.91,1,1.07558056761753
"1471",291,0.91,1,1.05889052611849
"1472",291.25,0.91,1,1.04069166046615
"1473",291.5,0.91,1,1.02101837741905
"1474",291.75,0.91,1,1.00001236891751
"1475",292,0.91,1,0.977730098532765
"1476",292.25,0.91,1,0.954181064342944
"1477",292.5,0.91,1,0.929680221024287
"1478",292.75,0.91,1,0.903975625763648
"1479",293,0.91,1,0.877477545914254
"1480",293.25,0.91,1,0.850162605559256
"1481",293.5,0.91,1,0.822278285066916
"1482",293.75,0.91,1,0.793717640603667
"1483",294,0.91,1,0.764784398607146
"1484",294.25,0.91,1,0.735470774777248
"1485",294.5,0.91,1,0.706054148597516
"1486",283.5,0.92,1,1.05791196781061
"1487",283.75,0.92,1,1.06440959856856
"1488",284,0.92,1,1.07116498967022
"1489",284.25,0.92,1,1.07812486414283
"1490",284.5,0.92,1,1.08520511461258
"1491",284.75,0.92,1,1.09235240905895
"1492",285,0.92,1,1.09948195312596
"1493",285.25,0.92,1,1.10651866499514
"1494",285.5,0.92,1,1.11344289996316
"1495",285.75,0.92,1,1.12010197198952
"1496",286,0.92,1,1.12647572885628
"1497",286.25,0.92,1,1.1324652308603
"1498",286.5,0.92,1,1.1379489716552
"1499",286.75,0.92,1,1.14283107635529
"1500",287,0.92,1,1.14700965624598
"1501",287.25,0.92,1,1.15040327171226
"1502",287.5,0.92,1,1.1529385866836
"1503",287.75,0.92,1,1.1545127073741
"1504",288,0.92,1,1.15490412508157
"1505",288.25,0.92,1,1.15421369950991
"1506",288.5,0.92,1,1.15226619261996
"1507",288.75,0.92,1,1.14899408877346
"1508",289,0.92,1,1.1443322391841
"1509",289.25,0.92,1,1.13817442551783
"1510",289.5,0.92,1,1.1305363470312
"1511",289.75,0.92,1,1.12139828698361
"1512",290,0.92,1,1.11074198044604
"1513",290.25,0.92,1,1.09855517614514
"1514",290.5,0.92,1,1.0847447454604
"1515",290.75,0.92,1,1.06936824952881
"1516",291,0.92,1,1.05261979572718
"1517",291.25,0.92,1,1.03426479282951
"1518",291.5,0.92,1,1.01458136381009
"1519",291.75,0.92,1,0.993504541991732
"1520",292,0.92,1,0.971254087381442
"1521",292.25,0.92,1,0.947828510791028
"1522",292.5,0.92,1,0.923298804288801
"1523",292.75,0.92,1,0.897867951380971
"1524",293,0.92,1,0.871537824590261
"1525",293.25,0.92,1,0.844359303922269
"1526",293.5,0.92,1,0.816635350796801
"1527",293.75,0.92,1,0.788376862656457
"1528",294,0.92,1,0.759699621491659
"1529",294.25,0.92,1,0.730733432785352
"1530",294.5,0.92,1,0.701639727393298
"1531",283.5,0.93,1,1.05891124625583
"1532",283.75,0.93,1,1.06530997639969
"1533",284,0.93,1,1.07192840735622
"1534",284.25,0.93,1,1.07870994145989
"1535",284.5,0.93,1,1.08557783464898
"1536",284.75,0.93,1,1.09250557711163
"1537",285,0.93,1,1.099384465888
"1538",285.25,0.93,1,1.1061696218924
"1539",285.5,0.93,1,1.11278727760608
"1540",285.75,0.93,1,1.11915652238921
"1541",286,0.93,1,1.12520720450523
"1542",286.25,0.93,1,1.13085030129945
"1543",286.5,0.93,1,1.13595634636656
"1544",286.75,0.93,1,1.14047456559821
"1545",287,0.93,1,1.14429430894516
"1546",287.25,0.93,1,1.14725709576739
"1547",287.5,0.93,1,1.14942692807301
"1548",287.75,0.93,1,1.15057536225588
"1549",288,0.93,1,1.15061411810617
"1550",288.25,0.93,1,1.14952750361111
"1551",288.5,0.93,1,1.1471239935419
"1552",288.75,0.93,1,1.14355134678605
"1553",289,0.93,1,1.13853353230243
"1554",289.25,0.93,1,1.13203220872079
"1555",289.5,0.93,1,1.12408068539566
"1556",289.75,0.93,1,1.11464888665702
"1557",290,0.93,1,1.10372206165563
"1558",290.25,0.93,1,1.09129580280686
"1559",290.5,0.93,1,1.07729662945628
"1560",290.75,0.93,1,1.06171006227452
"1561",291,0.93,1,1.0447995203569
"1562",291.25,0.93,1,1.02638833044671
"1563",291.5,0.93,1,1.00665613945683
"1564",291.75,0.93,1,0.985616548489846
"1565",292,0.93,1,0.963323562941719
"1566",292.25,0.93,1,0.939909368166019
"1567",292.5,0.93,1,0.915543966662253
"1568",292.75,0.93,1,0.890212114709861
"1569",293,0.93,1,0.863977781085173
"1570",293.25,0.93,1,0.837104080902303
"1571",293.5,0.93,1,0.809577747793838
"1572",293.75,0.93,1,0.781589025393942
"1573",294,0.93,1,0.753252211049491
"1574",294.25,0.93,1,0.724664801025032
"1575",294.5,0.93,1,0.695895707897857
"1576",283.5,0.94,1,1.05955748396372
"1577",283.75,0.94,1,1.06581649454592
"1578",284,0.94,1,1.07225766561352
"1579",284.25,0.94,1,1.07884328061781
"1580",284.5,0.94,1,1.08547660124436
"1581",284.75,0.94,1,1.09212303059183
"1582",285,0.94,1,1.09871393318321
"1583",285.25,0.94,1,1.10519443851261
"1584",285.5,0.94,1,1.11148397835673
"1585",285.75,0.94,1,1.11748553906715
"1586",286,0.94,1,1.12317959289137
"1587",286.25,0.94,1,1.12839938951842
"1588",286.5,0.94,1,1.13310607706222
"1589",286.75,0.94,1,1.13719557286227
"1590",287,0.94,1,1.14059712269723
"1591",287.25,0.94,1,1.14315065227887
"1592",287.5,0.94,1,1.14483228069981
"1593",287.75,0.94,1,1.14556310970339
"1594",288,0.94,1,1.14510785961338
"1595",288.25,0.94,1,1.1436651036275
"1596",288.5,0.94,1,1.14082805766948
"1597",288.75,0.94,1,1.13678253023406
"1598",289,0.94,1,1.13136215971699
"1599",289.25,0.94,1,1.12453156988867
"1600",289.5,0.94,1,1.11627031197486
"1601",289.75,0.94,1,1.10652087235297
"1602",290,0.94,1,1.0952510087435
"1603",290.25,0.94,1,1.08255351307212
"1604",290.5,0.94,1,1.06828224939996
"1605",290.75,0.94,1,1.05261397038154
"1606",291,0.94,1,1.0355261404501
"1607",291.25,0.94,1,1.01699746979588
"1608",291.5,0.94,1,0.997274789978189
"1609",291.75,0.94,1,0.976156833911388
"1610",292,0.94,1,0.953895284479405
"1611",292.25,0.94,1,0.930524289742554
"1612",292.5,0.94,1,0.906202641021258
"1613",292.75,0.94,1,0.88100880605017
"1614",293,0.94,1,0.855025498949931
"1615",293.25,0.94,1,0.828377623330623
"1616",293.5,0.94,1,0.801094769351581
"1617",293.75,0.94,1,0.773424608474431
"1618",294,0.94,1,0.745380706035164
"1619",294.25,0.94,1,0.717162383933986
"1620",294.5,0.94,1,0.688816870255774
"1621",283.5,0.95,1,1.05984915818686
"1622",283.75,0.95,1,1.06592568126072
"1623",284,0.95,1,1.072146771052
"1624",284.25,0.95,1,1.07847064978204
"1625",284.5,0.95,1,1.08482473829267
"1626",284.75,0.95,1,1.09116984030025
"1627",285,0.95,1,1.09741682826872
"1628",285.25,0.95,1,1.10354668817721
"1629",285.5,0.95,1,1.10944807081622
"1630",285.75,0.95,1,1.11506815603259
"1631",286,0.95,1,1.12032803623006
"1632",286.25,0.95,1,1.12511451356842
"1633",286.5,0.95,1,1.1293591687333
"1634",286.75,0.95,1,1.132999864537
"1635",287,0.95,1,1.13588566199623
"1636",287.25,0.95,1,1.13798426779448
"1637",287.5,0.95,1,1.13916854122832
"1638",287.75,0.95,1,1.13938314268419
"1639",288,0.95,1,1.1384828748368
"1640",288.25,0.95,1,1.13650396495336
"1641",288.5,0.95,1,1.13327262713058
"1642",288.75,0.95,1,1.12874999467625
"1643",289,0.95,1,1.12284434600899
"1644",289.25,0.95,1,1.11564658920993
"1645",289.5,0.95,1,1.10701505623708
"1646",289.75,0.95,1,1.09690499545483
"1647",290,0.95,1,1.08528809789804
"1648",290.25,0.95,1,1.07222228187627
"1649",290.5,0.95,1,1.05779599010019
"1650",290.75,0.95,1,1.04190833920994
"1651",291,0.95,1,1.02463352912641
"1652",291.25,0.95,1,1.00601031380984
"1653",291.5,0.95,1,0.986127253130847
"1654",291.75,0.95,1,0.965052759085747
"1655",292,0.95,1,0.942796869264087
"1656",292.25,0.95,1,0.919531999435151
"1657",292.5,0.95,1,0.895259298522967
"1658",292.75,0.95,1,0.870254700228274
"1659",293,0.95,1,0.844389885848396
"1660",293.25,0.95,1,0.818026107268177
"1661",293.5,0.95,1,0.791082296661171
"1662",293.75,0.95,1,0.763643731274942
"1663",294,0.95,1,0.736044974433115
"1664",294.25,0.95,1,0.708195427320813
"1665",294.5,0.95,1,0.680238571956655
"1666",283.5,0.96,1,1.05976664852906
"1667",283.75,0.96,1,1.06561686978791
"1668",284,0.96,1,1.0715766152528
"1669",284.25,0.96,1,1.07761121200157
"1670",284.5,0.96,1,1.08364604256839
"1671",284.75,0.96,1,1.08963799717159
"1672",285,0.96,1,1.0955322251779
"1673",285.25,0.96,1,1.10124224122782
"1674",285.5,0.96,1,1.10671431735452
"1675",285.75,0.96,1,1.11189510038584
"1676",286,0.96,1,1.11666640449422
"1677",286.25,0.96,1,1.12096634080142
"1678",286.5,0.96,1,1.12472491093925
"1679",286.75,0.96,1,1.12782558525209
"1680",287,0.96,1,1.13019777766899
"1681",287.25,0.96,1,1.13171944405901
"1682",287.5,0.96,1,1.1323990289462
"1683",287.75,0.96,1,1.13206330178865
"1684",288,0.96,1,1.13065947406915
"1685",288.25,0.96,1,1.12809459051571
"1686",288.5,0.96,1,1.12438127756889
"1687",288.75,0.96,1,1.1193515687271
"1688",289,0.96,1,1.11299081409996
"1689",289.25,0.96,1,1.10526860967789
"1690",289.5,0.96,1,1.09619314300961
"1691",289.75,0.96,1,1.08568971983942
"1692",290,0.96,1,1.07377040955584
"1693",290.25,0.96,1,1.06043667556143
"1694",290.5,0.96,1,1.04571693450228
"1695",290.75,0.96,1,1.02963338951327
"1696",291,0.96,1,1.0121186597086
"1697",291.25,0.96,1,0.993396079157224
"1698",291.5,0.96,1,0.973412730135443
"1699",291.75,0.96,1,0.952285120503391
"1700",292,0.96,1,0.930051563487202
"1701",292.25,0.96,1,0.906813411262604
"1702",292.5,0.96,1,0.882692102765852
"1703",292.75,0.96,1,0.857776891814209
"1704",293,0.96,1,0.832175385442937
"1705",293.25,0.96,1,0.805965896435046
"1706",293.5,0.96,1,0.779287147346383
"1707",293.75,0.96,1,0.75226229694424
"1708",294,0.96,1,0.724979041626369
"1709",294.25,0.96,1,0.697505947626163
"1710",294.5,0.96,1,0.670051950974444
"1711",283.5,0.97,1,1.05928859145434
"1712",283.75,0.97,1,1.06488478448222
"1713",284,0.97,1,1.07054377066671
"1714",284.25,0.97,1,1.07624277374152
"1715",284.5,0.97,1,1.08191848229801
"1716",284.75,0.97,1,1.08751337123553
"1717",285,0.97,1,1.09298775050479
"1718",285.25,0.97,1,1.09825569506062
"1719",285.5,0.97,1,1.10325885432035
"1720",285.75,0.97,1,1.10793101604344
"1721",286,0.97,1,1.11219224736775
"1722",286.25,0.97,1,1.1159608299639
"1723",286.5,0.97,1,1.11914745759578
"1724",286.75,0.97,1,1.12168798628981
"1725",287,0.97,1,1.12347064496561
"1726",287.25,0.97,1,1.12441884429751
"1727",287.5,0.97,1,1.12449560978687
"1728",287.75,0.97,1,1.12355980599128
"1729",288,0.97,1,1.12158312985421
"1730",288.25,0.97,1,1.11844904756164
"1731",288.5,0.97,1,1.11410689291892
"1732",288.75,0.97,1,1.1085818876683
"1733",289,0.97,1,1.10171508367026
"1734",289.25,0.97,1,1.09351269810541
"1735",289.5,0.97,1,1.08397100214179
"1736",289.75,0.97,1,1.07304192835425
"1737",290,0.97,1,1.06074136704769
"1738",290.25,0.97,1,1.04704166846864
"1739",290.5,0.97,1,1.0320185406905
"1740",290.75,0.97,1,1.01564939975018
"1741",291,0.97,1,0.997956724474095
"1742",291.25,0.97,1,0.97907296470319
"1743",291.5,0.97,1,0.958993776669435
"1744",291.75,0.97,1,0.9377606221634
"1745",292,0.97,1,0.915549328884033
"1746",292.25,0.97,1,0.892383406034315
"1747",292.5,0.97,1,0.868364346856351
"1748",292.75,0.97,1,0.84358350750681
"1749",293,0.97,1,0.818186089434318
"1750",293.25,0.97,1,0.792236417286325
"1751",293.5,0.97,1,0.765855434360202
"1752",293.75,0.97,1,0.739119657217677
"1753",294,0.97,1,0.712234904300549
"1754",294.25,0.97,1,0.685235628223409
"1755",294.5,0.97,1,0.658216389145526
"1756",283.5,0.98,1,1.05841600349457
"1757",283.75,0.98,1,1.06370168775224
"1758",284,0.98,1,1.06902539216158
"1759",284.25,0.98,1,1.07435397416054
"1760",284.5,0.98,1,1.07963452899205
"1761",284.75,0.98,1,1.08480232627735
"1762",285,0.98,1,1.08980821454834
"1763",285.25,0.98,1,1.0945843301936
"1764",285.5,0.98,1,1.09907890339557
"1765",285.75,0.98,1,1.10319633337305
"1766",286,0.98,1,1.10688888276692
"1767",286.25,0.98,1,1.11005909062068
"1768",286.5,0.98,1,1.11265495702403
"1769",286.75,0.98,1,1.11456494374864
"1770",287,0.98,1,1.11569765743337
"1771",287.25,0.98,1,1.11603555893269
"1772",287.5,0.98,1,1.11543508614298
"1773",287.75,0.98,1,1.11388493919022
"1774",288,0.98,1,1.1112274805988
"1775",288.25,0.98,1,1.1075156376598
"1776",288.5,0.98,1,1.10256970030086
"1777",288.75,0.98,1,1.09642983117796
"1778",289,0.98,1,1.08901882322495
"1779",289.25,0.98,1,1.08028275118452
"1780",289.5,0.98,1,1.07024603301307
"1781",289.75,0.98,1,1.05885380485038
"1782",290,0.98,1,1.04611229593503
"1783",290.25,0.98,1,1.03204628845674
"1784",290.5,0.98,1,1.01669158069
"1785",290.75,0.98,1,1.00000218645072
"1786",291,0.98,1,0.982126260623685
"1787",291.25,0.98,1,0.963014750790407
"1788",291.5,0.98,1,0.942841224796188
"1789",291.75,0.98,1,0.921545990429755
"1790",292,0.98,1,0.899282363567478
"1791",292.25,0.98,1,0.876168874324463
"1792",292.5,0.98,1,0.852241865460184
"1793",292.75,0.98,1,0.827588654428506
"1794",293,0.98,1,0.80240261601186
"1795",293.25,0.98,1,0.77667114547067
"1796",293.5,0.98,1,0.750581651274635
"1797",293.75,0.98,1,0.724225303377487
"1798",294,0.98,1,0.697693280177463
"1799",294.25,0.98,1,0.6711183241277
"1800",294.5,0.98,1,0.644565676423238
"1801",283.5,0.99,1,1.05712577922781
"1802",283.75,0.99,1,1.06207284772919
"1803",284,0.99,1,1.0670260906631
"1804",284.25,0.99,1,1.07194784536547
"1805",284.5,0.99,1,1.0767858670266
"1806",284.75,0.99,1,1.08148551677379
"1807",285,0.99,1,1.0859941904178
"1808",285.25,0.99,1,1.09023612306566
"1809",285.5,0.99,1,1.09416291311472
"1810",285.75,0.99,1,1.09769147925605
"1811",286,0.99,1,1.10076765890383
"1812",286.25,0.99,1,1.10330754523148
"1813",286.5,0.99,1,1.10523760199262
"1814",286.75,0.99,1,1.10646538768605
"1815",287,0.99,1,1.10694014501191
"1816",287.25,0.99,1,1.10657850895413
"1817",287.5,0.99,1,1.10529763544911
"1818",287.75,0.99,1,1.10303714861944
"1819",288,0.99,1,1.09972209122405
"1820",288.25,0.99,1,1.0953139714158
"1821",288.5,0.99,1,1.08973566667046
"1822",288.75,0.99,1,1.08294083515885
"1823",289,0.99,1,1.07492536595493
"1824",289.25,0.99,1,1.06562820763159
"1825",289.5,0.99,1,1.05504045766958
"1826",289.75,0.99,1,1.04315338242238
"1827",290,0.99,1,1.0299516513178
"1828",290.25,0.99,1,1.01547082783653
"1829",290.5,0.99,1,0.999722753031091
"1830",290.75,0.99,1,0.982765418473182
"1831",291,0.99,1,0.964619230510477
"1832",291.25,0.99,1,0.945320781546629
"1833",291.5,0.99,1,0.924970524531938
"1834",291.75,0.99,1,0.903603604475528
"1835",292,0.99,1,0.881311158434756
"1836",292.25,0.99,1,0.858188624876416
"1837",292.5,0.99,1,0.834330098366884
"1838",292.75,0.99,1,0.809823339217843
"1839",293,0.99,1,0.784807286394852
"1840",293.25,0.99,1,0.759327768495074
"1841",293.5,0.99,1,0.733517936987193
"1842",293.75,0.99,1,0.707495413941245
"1843",294,0.99,1,0.68133832426111
"1844",294.25,0.99,1,0.655190080590697
"1845",294.5,0.99,1,0.629123571624717
"1846",283.5,1,1,1.05542177607612
"1847",283.75,1,1,1.05999651005794
"1848",284,1,1,1.0645440583206
"1849",284.25,1,1,1.06902206296841
"1850",284.5,1,1,1.07338386795225
"1851",284.75,1,1,1.07757432502181
"1852",285,1,1,1.08153792752854
"1853",285.25,1,1,1.0852081026436
"1854",285.5,1,1,1.08852833851176
"1855",285.75,1,1,1.09142729620339
"1856",286,1,1,1.0938384468243
"1857",286.25,1,1,1.09569291192768
"1858",286.5,1,1,1.09691749190821
"1859",286.75,1,1,1.09744141018321
"1860",287,1,1,1.09718930053687
"1861",287.25,1,1,1.0960843945426
"1862",287.5,1,1,1.09407261370039
"1863",287.75,1,1,1.09107515457915
"1864",288,1,1,1.08703783723922
"1865",288.25,1,1,1.08190001892734
"1866",288.5,1,1,1.07563487583041
"1867",288.75,1,1,1.06817231718075
"1868",289,1,1,1.05949649942671
"1869",289.25,1,1,1.04958811381213
"1870",289.5,1,1,1.03841797720901
"1871",289.75,1,1,1.02599051063567
"1872",290,1,1,1.01231057253165
"1873",290.25,1,1,0.997387930031706
"1874",290.5,1,1,0.981250973552783
"1875",290.75,1,1,0.963954165811377
"1876",291,1,1,0.945512286739637
"1877",291.25,1,1,0.926001534729237
"1878",291.5,1,1,0.905466411540353
"1879",291.75,1,1,0.883993814150019
"1880",292,1,1,0.861656340613161
"1881",292.25,1,1,0.838538877291265
"1882",292.5,1,1,0.81473501216378
"1883",292.75,1,1,0.790356283008755
"1884",293,1,1,0.765495365215753
"1885",293.25,1,1,0.740238426302183
"1886",293.5,1,1,0.714707707851848
"1887",293.75,1,1,0.688982747093296
"1888",294,1,1,0.663198191105175
"1889",294.25,1,1,0.637442233399304
"1890",294.5,1,1,0.611812148628549
