"T","kappa","Y","Lambda"
"1",283.5,0.59,1,1.7161016630455
"2",283.75,0.59,1,1.74144126079284
"3",284,0.59,1,1.76703778345323
"4",284.25,0.59,1,1.79313956215031
"5",284.5,0.59,1,1.81925212761559
"6",284.75,0.59,1,1.8456540004002
"7",285,0.59,1,1.87147424589781
"8",285.25,0.59,1,1.89731030647919
"9",285.5,0.59,1,1.92277054976828
"10",285.75,0.59,1,1.94864890262273
"11",286,0.59,1,1.97332079002373
"12",286.25,0.59,1,1.99766022275854
"13",286.5,0.59,1,2.02101251880946
"14",286.75,0.59,1,2.04281095349121
"15",287,0.59,1,2.06335441526941
"16",287.25,0.59,1,2.0837215221673
"17",287.5,0.59,1,2.10257586696167
"18",287.75,0.59,1,2.11966893885679
"19",288,0.59,1,2.13527616150689
"20",288.25,0.59,1,2.1484974426634
"21",288.5,0.59,1,2.15972419672841
"22",288.75,0.59,1,2.16913576863467
"23",289,0.59,1,2.17583277706322
"24",289.25,0.59,1,2.18031697262554
"25",289.5,0.59,1,2.18186883064504
"26",289.75,0.59,1,2.18134382865121
"27",290,0.59,1,2.17746491273255
"28",290.25,0.59,1,2.17052482539914
"29",290.5,0.59,1,2.16096163422773
"30",290.75,0.59,1,2.1482820324215
"31",291,0.59,1,2.13367443013018
"32",291.25,0.59,1,2.11593135209212
"33",291.5,0.59,1,2.09500366577478
"34",291.75,0.59,1,2.07108673913957
"35",292,0.59,1,2.04506859595241
"36",292.25,0.59,1,2.01615058632873
"37",292.5,0.59,1,1.98442623926992
"38",292.75,0.59,1,1.9501903682156
"39",293,0.59,1,1.91383872300091
"40",293.25,0.59,1,1.87466324205243
"41",293.5,0.59,1,1.83399097164292
"42",293.75,0.59,1,1.79054616963888
"43",294,0.59,1,1.74549611296156
"44",294.25,0.59,1,1.69889542480201
"45",294.5,0.59,1,1.65086400722673
"46",283.5,0.6,1,1.72596503567436
"47",283.75,0.6,1,1.75172063497581
"48",284,0.6,1,1.77808221993088
"49",284.25,0.6,1,1.80481589300168
"50",284.5,0.6,1,1.831332195397
"51",284.75,0.6,1,1.8577981998125
"52",285,0.6,1,1.8842964380494
"53",285.25,0.6,1,1.91113325997275
"54",285.5,0.6,1,1.93749224348167
"55",285.75,0.6,1,1.96322449305577
"56",286,0.6,1,1.98870545662199
"57",286.25,0.6,1,2.0125938295592
"58",286.5,0.6,1,2.03626374197315
"59",286.75,0.6,1,2.0594046646937
"60",287,0.6,1,2.08137389973731
"61",287.25,0.6,1,2.10210810169438
"62",287.5,0.6,1,2.12072021357815
"63",287.75,0.6,1,2.13776637665881
"64",288,0.6,1,2.15363461918425
"65",288.25,0.6,1,2.16727610233236
"66",288.5,0.6,1,2.17915642864425
"67",288.75,0.6,1,2.18792062280343
"68",289,0.6,1,2.19481699439284
"69",289.25,0.6,1,2.19968474914766
"70",289.5,0.6,1,2.20249762317213
"71",289.75,0.6,1,2.20088922924397
"72",290,0.6,1,2.19783178573771
"73",290.25,0.6,1,2.19169029234601
"74",290.5,0.6,1,2.18310052724948
"75",290.75,0.6,1,2.17071189343665
"76",291,0.6,1,2.15456472773288
"77",291.25,0.6,1,2.13589869221951
"78",291.5,0.6,1,2.11566195511773
"79",291.75,0.6,1,2.09285355502895
"80",292,0.6,1,2.06593232173983
"81",292.25,0.6,1,2.03645923789677
"82",292.5,0.6,1,2.00521174081284
"83",292.75,0.6,1,1.97052563540702
"84",293,0.6,1,1.93441879166978
"85",293.25,0.6,1,1.89548120355585
"86",293.5,0.6,1,1.85405408045403
"87",293.75,0.6,1,1.81078004267787
"88",294,0.6,1,1.76569813080883
"89",294.25,0.6,1,1.71851756862475
"90",294.5,0.6,1,1.67004972458808
"91",283.5,0.61,1,1.73534520953901
"92",283.75,0.61,1,1.762056910265
"93",284,0.61,1,1.78880309570224
"94",284.25,0.61,1,1.81577775356435
"95",284.5,0.61,1,1.84273263165141
"96",284.75,0.61,1,1.86979354060641
"97",285,0.61,1,1.89721887001752
"98",285.25,0.61,1,1.92445062196356
"99",285.5,0.61,1,1.95083545151362
"100",285.75,0.61,1,1.97682496008922
"101",286,0.61,1,2.00251508177119
"102",286.25,0.61,1,2.02775827356286
"103",286.5,0.61,1,2.05230892665729
"104",286.75,0.61,1,2.07547222361403
"105",287,0.61,1,2.09733362012974
"106",287.25,0.61,1,2.11865248682888
"107",287.5,0.61,1,2.13737501363253
"108",287.75,0.61,1,2.15469590825246
"109",288,0.61,1,2.17030978509579
"110",288.25,0.61,1,2.18470197451511
"111",288.5,0.61,1,2.1965532309367
"112",288.75,0.61,1,2.20707554616321
"113",289,0.61,1,2.21411624218059
"114",289.25,0.61,1,2.2192926136807
"115",289.5,0.61,1,2.220705846244
"116",289.75,0.61,1,2.2205973139182
"117",290,0.61,1,2.21736582981087
"118",290.25,0.61,1,2.21168395072874
"119",290.5,0.61,1,2.20273894604752
"120",290.75,0.61,1,2.19000317738062
"121",291,0.61,1,2.1753382121942
"122",291.25,0.61,1,2.15727331586258
"123",291.5,0.61,1,2.13561263957723
"124",291.75,0.61,1,2.1110182580457
"125",292,0.61,1,2.08582131728418
"126",292.25,0.61,1,2.0562419003238
"127",292.5,0.61,1,2.02441897482613
"128",292.75,0.61,1,1.99080119452127
"129",293,0.61,1,1.95391722172686
"130",293.25,0.61,1,1.9150972525579
"131",293.5,0.61,1,1.87340893857872
"132",293.75,0.61,1,1.83042707844119
"133",294,0.61,1,1.78471094124876
"134",294.25,0.61,1,1.73759944551986
"135",294.5,0.61,1,1.68889273882889
"136",283.5,0.62,1,1.74457795306932
"137",283.75,0.62,1,1.77180504998504
"138",284,0.62,1,1.79888922390304
"139",284.25,0.62,1,1.8261442183068
"140",284.5,0.62,1,1.85372923887637
"141",284.75,0.62,1,1.88164228719921
"142",285,0.62,1,1.90930717856018
"143",285.25,0.62,1,1.93639466206174
"144",285.5,0.62,1,1.96345213148348
"145",285.75,0.62,1,1.98975315383338
"146",286,0.62,1,2.01644754126051
"147",286.25,0.62,1,2.04222222178134
"148",286.5,0.62,1,2.06690998072635
"149",286.75,0.62,1,2.09015552473652
"150",287,0.62,1,2.11266979658438
"151",287.25,0.62,1,2.13401028175667
"152",287.5,0.62,1,2.15275815352257
"153",287.75,0.62,1,2.17212119828962
"154",288,0.62,1,2.1892745556458
"155",288.25,0.62,1,2.20417285714969
"156",288.5,0.62,1,2.21668259799606
"157",288.75,0.62,1,2.22736214221208
"158",289,0.62,1,2.23477676413438
"159",289.25,0.62,1,2.24023203458927
"160",289.5,0.62,1,2.24310936828671
"161",289.75,0.62,1,2.24213227759591
"162",290,0.62,1,2.23836894060855
"163",290.25,0.62,1,2.23182901894467
"164",290.5,0.62,1,2.22179202484027
"165",290.75,0.62,1,2.20935505018381
"166",291,0.62,1,2.1947819138213
"167",291.25,0.62,1,2.17651390069663
"168",291.5,0.62,1,2.15514280141776
"169",291.75,0.62,1,2.13086635498677
"170",292,0.62,1,2.10395117386731
"171",292.25,0.62,1,2.07502652552751
"172",292.5,0.62,1,2.04364961310367
"173",292.75,0.62,1,2.00891068775279
"174",293,0.62,1,1.97273177772181
"175",293.25,0.62,1,1.93357824426185
"176",293.5,0.62,1,1.89252631934867
"177",293.75,0.62,1,1.84880020127044
"178",294,0.62,1,1.80362456300177
"179",294.25,0.62,1,1.75601558827691
"180",294.5,0.62,1,1.70710239372721
"181",283.5,0.63,1,1.75356567420579
"182",283.75,0.63,1,1.78060008413616
"183",284,0.63,1,1.80816320690493
"184",284.25,0.63,1,1.83637311672426
"185",284.5,0.63,1,1.86445538187099
"186",284.75,0.63,1,1.89249444243494
"187",285,0.63,1,1.92037378906647
"188",285.25,0.63,1,1.94789081834785
"189",285.5,0.63,1,1.97527588749068
"190",285.75,0.63,1,2.00330359856444
"191",286,0.63,1,2.0299091388451
"192",286.25,0.63,1,2.05570645933505
"193",286.5,0.63,1,2.08026230754859
"194",286.75,0.63,1,2.10388274545078
"195",287,0.63,1,2.12723492016433
"196",287.25,0.63,1,2.14967528089895
"197",287.5,0.63,1,2.17004034732418
"198",287.75,0.63,1,2.18994887966419
"199",288,0.63,1,2.20715357777954
"200",288.25,0.63,1,2.22252855649116
"201",288.5,0.63,1,2.23556708670362
"202",288.75,0.63,1,2.24615800779516
"203",289,0.63,1,2.25398245767938
"204",289.25,0.63,1,2.25961177839273
"205",289.5,0.63,1,2.26329095888794
"206",289.75,0.63,1,2.26327140301927
"207",290,0.63,1,2.26012120965837
"208",290.25,0.63,1,2.25414028090139
"209",290.5,0.63,1,2.24341832881752
"210",290.75,0.63,1,2.23085220508986
"211",291,0.63,1,2.21465644485944
"212",291.25,0.63,1,2.19511089828912
"213",291.5,0.63,1,2.17380914623674
"214",291.75,0.63,1,2.15053502549177
"215",292,0.63,1,2.12258781539505
"216",292.25,0.63,1,2.09218929124451
"217",292.5,0.63,1,2.06130401622509
"218",292.75,0.63,1,2.02696072352095
"219",293,0.63,1,1.98962754420504
"220",293.25,0.63,1,1.95123470580914
"221",293.5,0.63,1,1.90973765968158
"222",293.75,0.63,1,1.86693754275855
"223",294,0.63,1,1.82103986051959
"224",294.25,0.63,1,1.77377740836294
"225",294.5,0.63,1,1.72500861665766
"226",283.5,0.64,1,1.7615999464186
"227",283.75,0.64,1,1.78927830962502
"228",284,0.64,1,1.81740355509467
"229",284.25,0.64,1,1.84588702816363
"230",284.5,0.64,1,1.87431899515032
"231",284.75,0.64,1,1.90279895238931
"232",285,0.64,1,1.93110207080776
"233",285.25,0.64,1,1.95941266565547
"234",285.5,0.64,1,1.98748767358131
"235",285.75,0.64,1,2.01478666492564
"236",286,0.64,1,2.04165805462673
"237",286.25,0.64,1,2.06796255777092
"238",286.5,0.64,1,2.09334591626025
"239",286.75,0.64,1,2.11847591811246
"240",287,0.64,1,2.1431571658244
"241",287.25,0.64,1,2.16557214327777
"242",287.5,0.64,1,2.18682377982505
"243",287.75,0.64,1,2.20598406566957
"244",288,0.64,1,2.22430202802691
"245",288.25,0.64,1,2.24002127596503
"246",288.5,0.64,1,2.25219568428209
"247",288.75,0.64,1,2.2643942160002
"248",289,0.64,1,2.27318767029085
"249",289.25,0.64,1,2.27917020235843
"250",289.5,0.64,1,2.28195200679147
"251",289.75,0.64,1,2.28162539091191
"252",290,0.64,1,2.27985484194772
"253",290.25,0.64,1,2.2736050733454
"254",290.5,0.64,1,2.26328377159333
"255",290.75,0.64,1,2.25155325108581
"256",291,0.64,1,2.23525042939756
"257",291.25,0.64,1,2.21578751806075
"258",291.5,0.64,1,2.19210291160687
"259",291.75,0.64,1,2.1672216196653
"260",292,0.64,1,2.14080561591954
"261",292.25,0.64,1,2.1108803135856
"262",292.5,0.64,1,2.07749972454776
"263",292.75,0.64,1,2.04372164739055
"264",293,0.64,1,2.00678402557701
"265",293.25,0.64,1,1.96737259229101
"266",293.5,0.64,1,1.92706901130499
"267",293.75,0.64,1,1.88341435277174
"268",294,0.64,1,1.83770353534509
"269",294.25,0.64,1,1.79060727990264
"270",294.5,0.64,1,1.7413671181175
"271",283.5,0.65,1,1.76899075559374
"272",283.75,0.65,1,1.79761264844754
"273",284,0.65,1,1.82603054446251
"274",284.25,0.65,1,1.85475180464691
"275",284.5,0.65,1,1.88316375658943
"276",284.75,0.65,1,1.91178683395679
"277",285,0.65,1,1.94106166266002
"278",285.25,0.65,1,1.96970726547149
"279",285.5,0.65,1,1.99809321798516
"280",285.75,0.65,1,2.02593558070386
"281",286,0.65,1,2.05257286160761
"282",286.25,0.65,1,2.07974307807775
"283",286.5,0.65,1,2.10708300076941
"284",286.75,0.65,1,2.13261155882738
"285",287,0.65,1,2.15711641296883
"286",287.25,0.65,1,2.17983343790759
"287",287.5,0.65,1,2.20144437841733
"288",287.75,0.65,1,2.22067483775355
"289",288,0.65,1,2.23893006917897
"290",288.25,0.65,1,2.25505955056704
"291",288.5,0.65,1,2.27073925777451
"292",288.75,0.65,1,2.28259709056104
"293",289,0.65,1,2.29234238208774
"294",289.25,0.65,1,2.29871168262345
"295",289.5,0.65,1,2.30289755981169
"296",289.75,0.65,1,2.30138123446628
"297",290,0.65,1,2.29949411659252
"298",290.25,0.65,1,2.29231539376227
"299",290.5,0.65,1,2.28354567735802
"300",290.75,0.65,1,2.27066004067721
"301",291,0.65,1,2.25517372005223
"302",291.25,0.65,1,2.23594818560501
"303",291.5,0.65,1,2.21175203844559
"304",291.75,0.65,1,2.18617757376799
"305",292,0.65,1,2.15742962701433
"306",292.25,0.65,1,2.12747521092468
"307",292.5,0.65,1,2.09455058261855
"308",292.75,0.65,1,2.05848069094476
"309",293,0.65,1,2.02261063627377
"310",293.25,0.65,1,1.98341433098951
"311",293.5,0.65,1,1.94252889805661
"312",293.75,0.65,1,1.89936238847408
"313",294,0.65,1,1.85366638259286
"314",294.25,0.65,1,1.80675985549001
"315",294.5,0.65,1,1.75780220158381
"316",283.5,0.66,1,1.77647050630304
"317",283.75,0.66,1,1.80495308037103
"318",284,0.66,1,1.83375243919468
"319",284.25,0.66,1,1.86262271425757
"320",284.5,0.66,1,1.89192302958882
"321",284.75,0.66,1,1.9216081673261
"322",285,0.66,1,1.95076887062483
"323",285.25,0.66,1,1.97942540292976
"324",285.5,0.66,1,2.00785049137669
"325",285.75,0.66,1,2.03597890493295
"326",286,0.66,1,2.0649936730525
"327",286.25,0.66,1,2.09265193642485
"328",286.5,0.66,1,2.11900064068735
"329",286.75,0.66,1,2.14477766720646
"330",287,0.66,1,2.1691000382952
"331",287.25,0.66,1,2.19336669577884
"332",287.5,0.66,1,2.2144098876232
"333",287.75,0.66,1,2.23625289828398
"334",288,0.66,1,2.25724711902036
"335",288.25,0.66,1,2.275040346329
"336",288.5,0.66,1,2.29115202539715
"337",288.75,0.66,1,2.30236235710022
"338",289,0.66,1,2.3131378055051
"339",289.25,0.66,1,2.31983337269107
"340",289.5,0.66,1,2.32437891753256
"341",289.75,0.66,1,2.32381307015163
"342",290,0.66,1,2.32174026699636
"343",290.25,0.66,1,2.3146535592465
"344",290.5,0.66,1,2.3033556665469
"345",290.75,0.66,1,2.29020800730188
"346",291,0.66,1,2.27335559981273
"347",291.25,0.66,1,2.25418215139742
"348",291.5,0.66,1,2.23171234394837
"349",291.75,0.66,1,2.20601015346248
"350",292,0.66,1,2.17487598322452
"351",292.25,0.66,1,2.14326574097429
"352",292.5,0.66,1,2.11088774061462
"353",292.75,0.66,1,2.07526114350511
"354",293,0.66,1,2.03673934416506
"355",293.25,0.66,1,1.99853381193867
"356",293.5,0.66,1,1.95683287867394
"357",293.75,0.66,1,1.91391360272471
"358",294,0.66,1,1.86842013259141
"359",294.25,0.66,1,1.82181184407593
"360",294.5,0.66,1,1.77285785215263
"361",283.5,0.67,1,1.78288742846976
"362",283.75,0.67,1,1.81182026174427
"363",284,0.67,1,1.84075479151202
"364",284.25,0.67,1,1.8701006172835
"365",284.5,0.67,1,1.9000606516572
"366",284.75,0.67,1,1.92968082414761
"367",285,0.67,1,1.95929172631595
"368",285.25,0.67,1,1.98731161492019
"369",285.5,0.67,1,2.01720943462345
"370",285.75,0.67,1,2.04709871046334
"371",286,0.67,1,2.07519938283341
"372",286.25,0.67,1,2.10360989333642
"373",286.5,0.67,1,2.13040226318354
"374",286.75,0.67,1,2.15671275841085
"375",287,0.67,1,2.18147255358584
"376",287.25,0.67,1,2.20682254884973
"377",287.5,0.67,1,2.23159082548258
"378",287.75,0.67,1,2.25368677228659
"379",288,0.67,1,2.27393564495591
"380",288.25,0.67,1,2.29184996729975
"381",288.5,0.67,1,2.30771291753314
"382",288.75,0.67,1,2.32283959416456
"383",289,0.67,1,2.33223423130507
"384",289.25,0.67,1,2.3392458345522
"385",289.5,0.67,1,2.34361488754636
"386",289.75,0.67,1,2.3446200409978
"387",290,0.67,1,2.3418742143747
"388",290.25,0.67,1,2.3359710874932
"389",290.5,0.67,1,2.32516462893551
"390",290.75,0.67,1,2.31305043319027
"391",291,0.67,1,2.2942668371356
"392",291.25,0.67,1,2.27304291963862
"393",291.5,0.67,1,2.24941922151131
"394",291.75,0.67,1,2.22324918033023
"395",292,0.67,1,2.19403220510498
"396",292.25,0.67,1,2.16127910615907
"397",292.5,0.67,1,2.12523097601166
"398",292.75,0.67,1,2.09061040581195
"399",293,0.67,1,2.05220739215635
"400",293.25,0.67,1,2.01159371993174
"401",293.5,0.67,1,1.97139724133283
"402",293.75,0.67,1,1.92728184715361
"403",294,0.67,1,1.88283945897643
"404",294.25,0.67,1,1.83580424804962
"405",294.5,0.67,1,1.78693460468834
"406",283.5,0.68,1,1.78881523939303
"407",283.75,0.68,1,1.81769064734929
"408",284,0.68,1,1.84720926340016
"409",284.25,0.68,1,1.87752084805617
"410",284.5,0.68,1,1.90737498358345
"411",284.75,0.68,1,1.93679076711276
"412",285,0.68,1,1.96599355664128
"413",285.25,0.68,1,1.99668132752151
"414",285.5,0.68,1,2.02656969714157
"415",285.75,0.68,1,2.05595251653254
"416",286,0.68,1,2.08479828627822
"417",286.25,0.68,1,2.11285740002912
"418",286.5,0.68,1,2.13994045141865
"419",286.75,0.68,1,2.16856608886063
"420",287,0.68,1,2.19651699983208
"421",287.25,0.68,1,2.22270702736453
"422",287.5,0.68,1,2.24619115197134
"423",287.75,0.68,1,2.26985438394644
"424",288,0.68,1,2.29104504300149
"425",288.25,0.68,1,2.30812362796407
"426",288.5,0.68,1,2.3247723066711
"427",288.75,0.68,1,2.33826221330233
"428",289,0.68,1,2.34967657285363
"429",289.25,0.68,1,2.35696376103047
"430",289.5,0.68,1,2.3620403669647
"431",289.75,0.68,1,2.36369027629938
"432",290,0.68,1,2.36038356053933
"433",290.25,0.68,1,2.35473791287765
"434",290.5,0.68,1,2.34452220767084
"435",290.75,0.68,1,2.33250370725736
"436",291,0.68,1,2.3156519822744
"437",291.25,0.68,1,2.29475320712631
"438",291.5,0.68,1,2.26907433133493
"439",291.75,0.68,1,2.23990271334778
"440",292,0.68,1,2.21107431805301
"441",292.25,0.68,1,2.17829640170267
"442",292.5,0.68,1,2.14192533321168
"443",292.75,0.68,1,2.10360170188622
"444",293,0.68,1,2.06590171457199
"445",293.25,0.68,1,2.02569918860328
"446",293.5,0.68,1,1.98351681021738
"447",293.75,0.68,1,1.94055001690062
"448",294,0.68,1,1.8952553718422
"449",294.25,0.68,1,1.84894844347573
"450",294.5,0.68,1,1.80008099877044
"451",283.5,0.69,1,1.79381108447348
"452",283.75,0.69,1,1.82323118315413
"453",284,0.69,1,1.85359874767588
"454",284.25,0.69,1,1.88364358337949
"455",284.5,0.69,1,1.91325939568269
"456",284.75,0.69,1,1.9424371070132
"457",285,0.69,1,1.97368783317434
"458",285.25,0.69,1,2.00412273023545
"459",285.5,0.69,1,2.03475198601146
"460",285.75,0.69,1,2.06454195527318
"461",286,0.69,1,2.09289660413637
"462",286.25,0.69,1,2.1221596679404
"463",286.5,0.69,1,2.1523590739421
"464",286.75,0.69,1,2.18058362749586
"465",287,0.69,1,2.20874236908077
"466",287.25,0.69,1,2.23529485677332
"467",287.5,0.69,1,2.26015855145239
"468",287.75,0.69,1,2.28398033836879
"469",288,0.69,1,2.30463405184005
"470",288.25,0.69,1,2.32287149744697
"471",288.5,0.69,1,2.33944137692142
"472",288.75,0.69,1,2.35429070141797
"473",289,0.69,1,2.36393495310211
"474",289.25,0.69,1,2.37145461508179
"475",289.5,0.69,1,2.37668880918279
"476",289.75,0.69,1,2.37957658861313
"477",290,0.69,1,2.37825609879756
"478",290.25,0.69,1,2.37246152196957
"479",290.5,0.69,1,2.36322205892092
"480",290.75,0.69,1,2.3499974888896
"481",291,0.69,1,2.33356994773103
"482",291.25,0.69,1,2.31267404641318
"483",291.5,0.69,1,2.28904138815608
"484",291.75,0.69,1,2.25988122677079
"485",292,0.69,1,2.22803831428658
"486",292.25,0.69,1,2.19401709183184
"487",292.5,0.69,1,2.15796625114023
"488",292.75,0.69,1,2.1195197801151
"489",293,0.69,1,2.07813216050979
"490",293.25,0.69,1,2.0384502738956
"491",293.5,0.69,1,1.99534147650667
"492",293.75,0.69,1,1.95215231005937
"493",294,0.69,1,1.90717549687442
"494",294.25,0.69,1,1.86075090926999
"495",294.5,0.69,1,1.81184361313719
"496",283.5,0.7,1,1.79845566725462
"497",283.75,0.7,1,1.82867058987373
"498",284,0.7,1,1.85864766718809
"499",284.25,0.7,1,1.88835797049289
"500",284.5,0.7,1,1.91853444776364
"501",284.75,0.7,1,1.94995517018732
"502",285,0.7,1,1.98063623950574
"503",285.25,0.7,1,2.01132059929149
"504",285.5,0.7,1,2.04136247040265
"505",285.75,0.7,1,2.07131214224785
"506",286,0.7,1,2.10199541860075
"507",286.25,0.7,1,2.1331577949798
"508",286.5,0.7,1,2.16406634748563
"509",286.75,0.7,1,2.19337500234825
"510",287,0.7,1,2.22033797006131
"511",287.25,0.7,1,2.24707833141201
"512",287.5,0.7,1,2.27184439652785
"513",287.75,0.7,1,2.29531995830149
"514",288,0.7,1,2.31769208000078
"515",288.25,0.7,1,2.33713242984807
"516",288.5,0.7,1,2.35281343923947
"517",288.75,0.7,1,2.36796181457274
"518",289,0.7,1,2.37854584598132
"519",289.25,0.7,1,2.38785613054973
"520",289.5,0.7,1,2.39269194057395
"521",289.75,0.7,1,2.39385283495749
"522",290,0.7,1,2.39358576113267
"523",290.25,0.7,1,2.38754092891692
"524",290.5,0.7,1,2.37809608045347
"525",290.75,0.7,1,2.36594863072734
"526",291,0.7,1,2.3487834720869
"527",291.25,0.7,1,2.33083376088182
"528",291.5,0.7,1,2.30584251024864
"529",291.75,0.7,1,2.27826616273503
"530",292,0.7,1,2.24542170605499
"531",292.25,0.7,1,2.20885827813574
"532",292.5,0.7,1,2.17259767503356
"533",292.75,0.7,1,2.13425907359122
"534",293,0.7,1,2.09323621874789
"535",293.25,0.7,1,2.05018180922689
"536",293.5,0.7,1,2.00722353594786
"537",293.75,0.7,1,1.96198813904039
"538",294,0.7,1,1.91823457842989
"539",294.25,0.7,1,1.87058957055613
"540",294.5,0.7,1,1.82312199036835
"541",283.5,0.71,1,1.80276715468774
"542",283.75,0.71,1,1.83279488468734
"543",284,0.71,1,1.86243421411609
"544",284.25,0.71,1,1.89268160453745
"545",284.5,0.71,1,1.92410590280925
"546",284.75,0.71,1,1.95533805363654
"547",285,0.71,1,1.98610040226931
"548",285.25,0.71,1,2.01685802521415
"549",285.5,0.71,1,2.04611852926558
"550",285.75,0.71,1,2.0785153637778
"551",286,0.71,1,2.11063478226998
"552",286.25,0.71,1,2.14313009989637
"553",286.5,0.71,1,2.17344288498784
"554",286.75,0.71,1,2.20328363681408
"555",287,0.71,1,2.23025153258826
"556",287.25,0.71,1,2.2577678110339
"557",287.5,0.71,1,2.28189159075852
"558",287.75,0.71,1,2.30814004692418
"559",288,0.71,1,2.32930048876396
"560",288.25,0.71,1,2.3494980893388
"561",288.5,0.71,1,2.36602974700707
"562",288.75,0.71,1,2.38009486238613
"563",289,0.71,1,2.39161523368687
"564",289.25,0.71,1,2.39994672320278
"565",289.5,0.71,1,2.40486580737059
"566",289.75,0.71,1,2.40771983967696
"567",290,0.71,1,2.40660474946995
"568",290.25,0.71,1,2.40201021741597
"569",290.5,0.71,1,2.39311887153673
"570",290.75,0.71,1,2.38002170717099
"571",291,0.71,1,2.36547259035247
"572",291.25,0.71,1,2.34426498698751
"573",291.5,0.71,1,2.32137009998469
"574",291.75,0.71,1,2.29381103602488
"575",292,0.71,1,2.2629040184072
"576",292.25,0.71,1,2.22746154134324
"577",292.5,0.71,1,2.18782985431537
"578",292.75,0.71,1,2.14790390376554
"579",293,0.71,1,2.10631690318602
"580",293.25,0.71,1,2.06306379652967
"581",293.5,0.71,1,2.01745929657059
"582",293.75,0.71,1,1.97369887369593
"583",294,0.71,1,1.92692284876509
"584",294.25,0.71,1,1.88112228183504
"585",294.5,0.71,1,1.83285197374954
"586",283.5,0.72,1,1.8059020362884
"587",283.75,0.72,1,1.83567349213397
"588",284,0.72,1,1.86580522411133
"589",284.25,0.72,1,1.89710116957596
"590",284.5,0.72,1,1.92848373655426
"591",284.75,0.72,1,1.95942427834913
"592",285,0.72,1,1.99010053362947
"593",285.25,0.72,1,2.02110992497204
"594",285.5,0.72,1,2.05439508304921
"595",285.75,0.72,1,2.08723940499606
"596",286,0.72,1,2.11824951810901
"597",286.25,0.72,1,2.15117823473984
"598",286.5,0.72,1,2.18137901412101
"599",286.75,0.72,1,2.20969281856895
"600",287,0.72,1,2.23842917791896
"601",287.25,0.72,1,2.26708659385698
"602",287.5,0.72,1,2.29286431065677
"603",287.75,0.72,1,2.31703454592277
"604",288,0.72,1,2.33891074849892
"605",288.25,0.72,1,2.35816485804868
"606",288.5,0.72,1,2.37513413410636
"607",288.75,0.72,1,2.39003724386902
"608",289,0.72,1,2.40148551674875
"609",289.25,0.72,1,2.40933967239318
"610",289.5,0.72,1,2.41493524539908
"611",289.75,0.72,1,2.41801380619188
"612",290,0.72,1,2.41587966252555
"613",290.25,0.72,1,2.41292352521205
"614",290.5,0.72,1,2.40425057015942
"615",290.75,0.72,1,2.39288051323327
"616",291,0.72,1,2.37752232761261
"617",291.25,0.72,1,2.35728610217519
"618",291.5,0.72,1,2.33370981918304
"619",291.75,0.72,1,2.30703941117306
"620",292,0.72,1,2.27581001218516
"621",292.25,0.72,1,2.24169470027785
"622",292.5,0.72,1,2.20447116784047
"623",292.75,0.72,1,2.16036203606801
"624",293,0.72,1,2.1187685058467
"625",293.25,0.72,1,2.07486441859741
"626",293.5,0.72,1,2.02745783664817
"627",293.75,0.72,1,1.98259825779896
"628",294,0.72,1,1.9362870420719
"629",294.25,0.72,1,1.88947940805046
"630",294.5,0.72,1,1.8411230611843
"631",283.5,0.73,1,1.80782233745346
"632",283.75,0.73,1,1.83737467316086
"633",284,0.73,1,1.86871285148825
"634",284.25,0.73,1,1.90043243460143
"635",284.5,0.73,1,1.93141610774244
"636",284.75,0.73,1,1.96212642577849
"637",285,0.73,1,1.9932107276963
"638",285.25,0.73,1,2.02668822234
"639",285.5,0.73,1,2.05932378515261
"640",285.75,0.73,1,2.09264680571196
"641",286,0.73,1,2.12412696471458
"642",286.25,0.73,1,2.15611432115926
"643",286.5,0.73,1,2.18687697796722
"644",286.75,0.73,1,2.21700294776967
"645",287,0.73,1,2.24650437034523
"646",287.25,0.73,1,2.27452357561464
"647",287.5,0.73,1,2.30024020874245
"648",287.75,0.73,1,2.32280591206105
"649",288,0.73,1,2.34563853486972
"650",288.25,0.73,1,2.36527745048355
"651",288.5,0.73,1,2.38163035484709
"652",288.75,0.73,1,2.39562640451234
"653",289,0.73,1,2.40766612219935
"654",289.25,0.73,1,2.41656099593919
"655",289.5,0.73,1,2.42223128900809
"656",289.75,0.73,1,2.42436414681903
"657",290,0.73,1,2.42364267420553
"658",290.25,0.73,1,2.41976427999451
"659",290.5,0.73,1,2.41230240231525
"660",290.75,0.73,1,2.40164458471563
"661",291,0.73,1,2.38587972742869
"662",291.25,0.73,1,2.3683209381872
"663",291.5,0.73,1,2.34528497879689
"664",291.75,0.73,1,2.31837446065996
"665",292,0.73,1,2.28810786537195
"666",292.25,0.73,1,2.25504923271046
"667",292.5,0.73,1,2.21628628296986
"668",292.75,0.73,1,2.17514640382697
"669",293,0.73,1,2.1310274473192
"670",293.25,0.73,1,2.08545601752135
"671",293.5,0.73,1,2.03953569320989
"672",293.75,0.73,1,1.99130797669958
"673",294,0.73,1,1.94460578896944
"674",294.25,0.73,1,1.89674369701722
"675",294.5,0.73,1,1.84951750577656
"676",283.5,0.74,1,1.80874350144443
"677",283.75,0.74,1,1.83967290588787
"678",284,0.74,1,1.87100008802932
"679",284.25,0.74,1,1.90198931385427
"680",284.5,0.74,1,1.93293300487588
"681",284.75,0.74,1,1.96394030696678
"682",285,0.74,1,1.99751425320491
"683",285.25,0.74,1,2.03098313779878
"684",285.5,0.74,1,2.06428966046418
"685",285.75,0.74,1,2.09752568302214
"686",286,0.74,1,2.12922763174437
"687",286.25,0.74,1,2.16093998039585
"688",286.5,0.74,1,2.19296147968071
"689",286.75,0.74,1,2.22331570534694
"690",287,0.74,1,2.25266199250809
"691",287.25,0.74,1,2.27889758480754
"692",287.5,0.74,1,2.30416084107052
"693",287.75,0.74,1,2.32875297817667
"694",288,0.74,1,2.34930844222831
"695",288.25,0.74,1,2.36865659003086
"696",288.5,0.74,1,2.38525886328343
"697",288.75,0.74,1,2.39961622537605
"698",289,0.74,1,2.41063923629591
"699",289.25,0.74,1,2.4192478150366
"700",289.5,0.74,1,2.42602764270898
"701",289.75,0.74,1,2.42822625454105
"702",290,0.74,1,2.42770549913303
"703",290.25,0.74,1,2.42404885299761
"704",290.5,0.74,1,2.41823504247877
"705",290.75,0.74,1,2.40767836241359
"706",291,0.74,1,2.39242208063802
"707",291.25,0.74,1,2.37515951449912
"708",291.5,0.74,1,2.35376041155165
"709",291.75,0.74,1,2.32799487331597
"710",292,0.74,1,2.2987543683484
"711",292.25,0.74,1,2.26423079558401
"712",292.5,0.74,1,2.22812012134198
"713",292.75,0.74,1,2.1867012531435
"714",293,0.74,1,2.14281291947126
"715",293.25,0.74,1,2.09526559715525
"716",293.5,0.74,1,2.04928214124736
"717",293.75,0.74,1,2.00083005248572
"718",294,0.74,1,1.95188609186246
"719",294.25,0.74,1,1.9039281968953
"720",294.5,0.74,1,1.85609304127516
"721",283.5,0.75,1,1.81018052850557
"722",283.75,0.75,1,1.84072506592714
"723",284,0.75,1,1.87199933395861
"724",284.25,0.75,1,1.90265510488443
"725",284.5,0.75,1,1.93365152961801
"726",284.75,0.75,1,1.96698506807048
"727",285,0.75,1,2.00125081259797
"728",285.25,0.75,1,2.03360692424257
"729",285.5,0.75,1,2.06703640046938
"730",285.75,0.75,1,2.09978454694655
"731",286,0.75,1,2.13226479748382
"732",286.25,0.75,1,2.16564991942652
"733",286.5,0.75,1,2.1969934165151
"734",286.75,0.75,1,2.22665831207907
"735",287,0.75,1,2.25512084043306
"736",287.25,0.75,1,2.28263292643551
"737",287.5,0.75,1,2.30826363854918
"738",287.75,0.75,1,2.33053342138092
"739",288,0.75,1,2.35131307439035
"740",288.25,0.75,1,2.37053939167639
"741",288.5,0.75,1,2.38705348866578
"742",288.75,0.75,1,2.40123330273641
"743",289,0.75,1,2.41210681772187
"744",289.25,0.75,1,2.42069788217861
"745",289.5,0.75,1,2.42655810909571
"746",289.75,0.75,1,2.42931585807016
"747",290,0.75,1,2.4302905763378
"748",290.25,0.75,1,2.42585193676428
"749",290.5,0.75,1,2.42035750283107
"750",290.75,0.75,1,2.41001949443645
"751",291,0.75,1,2.39640046365787
"752",291.25,0.75,1,2.3799255051229
"753",291.5,0.75,1,2.35890119734541
"754",291.75,0.75,1,2.33429552878406
"755",292,0.75,1,2.30494125205705
"756",292.25,0.75,1,2.27307312722197
"757",292.5,0.75,1,2.23579588410028
"758",292.75,0.75,1,2.19712264664705
"759",293,0.75,1,2.15363852125092
"760",293.25,0.75,1,2.10577811203819
"761",293.5,0.75,1,2.05716201940002
"762",293.75,0.75,1,2.00915931592864
"763",294,0.75,1,1.95885341183065
"764",294.25,0.75,1,1.91061020351286
"765",294.5,0.75,1,1.86080788522655
"766",283.5,0.76,1,1.81000856690655
"767",283.75,0.76,1,1.84042744165492
"768",284,0.76,1,1.87170981615218
"769",284.25,0.76,1,1.90245325634894
"770",284.5,0.76,1,1.9354569739585
"771",284.75,0.76,1,1.96858708665331
"772",285,0.76,1,2.00307680047399
"773",285.25,0.76,1,2.03495842496038
"774",285.5,0.76,1,2.06896411161889
"775",285.75,0.76,1,2.10215994442177
"776",286,0.76,1,2.13478407357562
"777",286.25,0.76,1,2.16703964065598
"778",286.5,0.76,1,2.19833487172691
"779",286.75,0.76,1,2.22770773227187
"780",287,0.76,1,2.25565423616351
"781",287.25,0.76,1,2.28283236428046
"782",287.5,0.76,1,2.30692475776595
"783",287.75,0.76,1,2.33075263017919
"784",288,0.76,1,2.35101919677413
"785",288.25,0.76,1,2.37020781736618
"786",288.5,0.76,1,2.3854299460208
"787",288.75,0.76,1,2.39966050944294
"788",289,0.76,1,2.41097669832238
"789",289.25,0.76,1,2.41989625513673
"790",289.5,0.76,1,2.42570095703855
"791",289.75,0.76,1,2.42815197742079
"792",290,0.76,1,2.42874816751901
"793",290.25,0.76,1,2.42629790648287
"794",290.5,0.76,1,2.41949359642242
"795",290.75,0.76,1,2.40951624208356
"796",291,0.76,1,2.39703514992164
"797",291.25,0.76,1,2.38089224203738
"798",291.5,0.76,1,2.36095560574883
"799",291.75,0.76,1,2.33714948156641
"800",292,0.76,1,2.30864233205949
"801",292.25,0.76,1,2.27881235809175
"802",292.5,0.76,1,2.24293826901776
"803",292.75,0.76,1,2.20385167680267
"804",293,0.76,1,2.16105637775969
"805",293.25,0.76,1,2.11557469499254
"806",293.5,0.76,1,2.06606405821826
"807",293.75,0.76,1,2.01627156408085
"808",294,0.76,1,1.96621211159339
"809",294.25,0.76,1,1.91503819986787
"810",294.5,0.76,1,1.86666982672733
"811",283.5,0.77,1,1.80868041443938
"812",283.75,0.77,1,1.83903055634075
"813",284,0.77,1,1.86945866838728
"814",284.25,0.77,1,1.90254585032771
"815",284.5,0.77,1,1.93580685560553
"816",284.75,0.77,1,1.96853806665254
"817",285,0.77,1,2.00173846489607
"818",285.25,0.77,1,2.03592709501774
"819",285.5,0.77,1,2.06903633973233
"820",285.75,0.77,1,2.10269712937807
"821",286,0.77,1,2.13568687845855
"822",286.25,0.77,1,2.16742426375123
"823",286.5,0.77,1,2.19823405934488
"824",286.75,0.77,1,2.22619105702743
"825",287,0.77,1,2.25460057760787
"826",287.25,0.77,1,2.28012994735807
"827",287.5,0.77,1,2.30493557188537
"828",287.75,0.77,1,2.32712442838081
"829",288,0.77,1,2.3470477728014
"830",288.25,0.77,1,2.36612591469829
"831",288.5,0.77,1,2.38255328037233
"832",288.75,0.77,1,2.39567127553846
"833",289,0.77,1,2.40677762137092
"834",289.25,0.77,1,2.41652326061288
"835",289.5,0.77,1,2.42231789241834
"836",289.75,0.77,1,2.42592084920024
"837",290,0.77,1,2.42422965425829
"838",290.25,0.77,1,2.42232348456611
"839",290.5,0.77,1,2.41585345444082
"840",290.75,0.77,1,2.40640657303525
"841",291,0.77,1,2.39400701680089
"842",291.25,0.77,1,2.37884145125804
"843",291.5,0.77,1,2.36001942816493
"844",291.75,0.77,1,2.3367362061691
"845",292,0.77,1,2.30978318476441
"846",292.25,0.77,1,2.28051939490703
"847",292.5,0.77,1,2.24680394202249
"848",292.75,0.77,1,2.20859021763074
"849",293,0.77,1,2.16658921128786
"850",293.25,0.77,1,2.12182865861294
"851",293.5,0.77,1,2.07345773180241
"852",293.75,0.77,1,2.0213806375445
"853",294,0.77,1,1.97197170677567
"854",294.25,0.77,1,1.9206894329215
"855",294.5,0.77,1,1.87000032408485
"856",283.5,0.78,1,1.80581296541039
"857",283.75,0.78,1,1.83629471475875
"858",284,0.78,1,1.86812249866735
"859",284.25,0.78,1,1.90132038369206
"860",284.5,0.78,1,1.93450195093033
"861",284.75,0.78,1,1.96735227591419
"862",285,0.78,1,2.00093043951282
"863",285.25,0.78,1,2.03426700671346
"864",285.5,0.78,1,2.06876451196018
"865",285.75,0.78,1,2.10156790307147
"866",286,0.78,1,2.13293371252635
"867",286.25,0.78,1,2.1649861562916
"868",286.5,0.78,1,2.19544502407644
"869",286.75,0.78,1,2.223563365241
"870",287,0.78,1,2.24999046313765
"871",287.25,0.78,1,2.27594600163615
"872",287.5,0.78,1,2.29967292599903
"873",287.75,0.78,1,2.3218989925067
"874",288,0.78,1,2.34175479652438
"875",288.25,0.78,1,2.359603855963
"876",288.5,0.78,1,2.37672353114795
"877",288.75,0.78,1,2.38862789825109
"878",289,0.78,1,2.40075166051312
"879",289.25,0.78,1,2.40948003253727
"880",289.5,0.78,1,2.41526379906663
"881",289.75,0.78,1,2.41867570831569
"882",290,0.78,1,2.41811068350515
"883",290.25,0.78,1,2.4160281503731
"884",290.5,0.78,1,2.40996048880959
"885",290.75,0.78,1,2.4021003595381
"886",291,0.78,1,2.39108605102247
"887",291.25,0.78,1,2.37409346241314
"888",291.5,0.78,1,2.35624672763191
"889",291.75,0.78,1,2.33406133245224
"890",292,0.78,1,2.30862711843533
"891",292.25,0.78,1,2.2797460237298
"892",292.5,0.78,1,2.24674731673006
"893",292.75,0.78,1,2.21025578849998
"894",293,0.78,1,2.16948190461945
"895",293.25,0.78,1,2.12574177692675
"896",293.5,0.78,1,2.0787709212267
"897",293.75,0.78,1,2.02890566618285
"898",294,0.78,1,1.97543973639941
"899",294.25,0.78,1,1.92521626192619
"900",294.5,0.78,1,1.87253102607239
"901",283.5,0.79,1,1.8021067560523
"902",283.75,0.79,1,1.83345677704721
"903",284,0.79,1,1.86584483518008
"904",284.25,0.79,1,1.89927400105711
"905",284.5,0.79,1,1.93196932295854
"906",284.75,0.79,1,1.96517800078588
"907",285,0.79,1,1.998198172803
"908",285.25,0.79,1,2.03241778234161
"909",285.5,0.79,1,2.06510979364577
"910",285.75,0.79,1,2.09778791271907
"911",286,0.79,1,2.12875347576983
"912",286.25,0.79,1,2.15941581116904
"913",286.5,0.79,1,2.18901544661968
"914",286.75,0.79,1,2.2174325040846
"915",287,0.79,1,2.2446267472789
"916",287.25,0.79,1,2.26872292895944
"917",287.5,0.79,1,2.2921204254246
"918",287.75,0.79,1,2.31342454896485
"919",288,0.79,1,2.33289666250285
"920",288.25,0.79,1,2.35141298458846
"921",288.5,0.79,1,2.36714931642158
"922",288.75,0.79,1,2.38085662402567
"923",289,0.79,1,2.39151257166638
"924",289.25,0.79,1,2.39932294746206
"925",289.5,0.79,1,2.40507439647199
"926",289.75,0.79,1,2.40868585696746
"927",290,0.79,1,2.40920821740791
"928",290.25,0.79,1,2.4076470299457
"929",290.5,0.79,1,2.40154690530306
"930",290.75,0.79,1,2.39365324840358
"931",291,0.79,1,2.38256826610951
"932",291.25,0.79,1,2.36819396166485
"933",291.5,0.79,1,2.34925652846268
"934",291.75,0.79,1,2.32862813540677
"935",292,0.79,1,2.30390579271802
"936",292.25,0.79,1,2.27589003032795
"937",292.5,0.79,1,2.24454104600272
"938",292.75,0.79,1,2.20975198181993
"939",293,0.79,1,2.17029009671969
"940",293.25,0.79,1,2.12650420531423
"941",293.5,0.79,1,2.08074610845686
"942",293.75,0.79,1,2.03142884427455
"943",294,0.79,1,1.98057421454143
"944",294.25,0.79,1,1.92766569291988
"945",294.5,0.79,1,1.87557505890959
"946",283.5,0.8,1,1.79806063045676
"947",283.75,0.8,1,1.83020440599853
"948",284,0.8,1,1.86210959782794
"949",284.25,0.8,1,1.89454364095464
"950",284.5,0.8,1,1.9274655612619
"951",284.75,0.8,1,1.96026078332015
"952",285,0.8,1,1.99424381862019
"953",285.25,0.8,1,2.02738667701961
"954",285.5,0.8,1,2.06045203300243
"955",285.75,0.8,1,2.09231633419223
"956",286,0.8,1,2.12274876180776
"957",286.25,0.8,1,2.15358078280409
"958",286.5,0.8,1,2.18154980013601
"959",286.75,0.8,1,2.20864124814709
"960",287,0.8,1,2.23535840959829
"961",287.25,0.8,1,2.25990011770981
"962",287.5,0.8,1,2.28184509508258
"963",287.75,0.8,1,2.30303182063188
"964",288,0.8,1,2.32277552101355
"965",288.25,0.8,1,2.34043385598636
"966",288.5,0.8,1,2.35591416803437
"967",288.75,0.8,1,2.36951638391542
"968",289,0.8,1,2.37924207423842
"969",289.25,0.8,1,2.38791896339144
"970",289.5,0.8,1,2.39362215309085
"971",289.75,0.8,1,2.39719894910307
"972",290,0.8,1,2.39766352005929
"973",290.25,0.8,1,2.39617587936999
"974",290.5,0.8,1,2.39016340215548
"975",290.75,0.8,1,2.382823054668
"976",291,0.8,1,2.37152902721994
"977",291.25,0.8,1,2.35753012973318
"978",291.5,0.8,1,2.34060698104855
"979",291.75,0.8,1,2.32097876609928
"980",292,0.8,1,2.29670180194094
"981",292.25,0.8,1,2.26941567799337
"982",292.5,0.8,1,2.23868168988773
"983",292.75,0.8,1,2.20515424579504
"984",293,0.8,1,2.16761360272168
"985",293.25,0.8,1,2.12561830924883
"986",293.5,0.8,1,2.08094046981526
"987",293.75,0.8,1,2.0336269176587
"988",294,0.8,1,1.98203881949919
"989",294.25,0.8,1,1.92797766332643
"990",294.5,0.8,1,1.8770419745511
"991",283.5,0.81,1,1.7931032729862
"992",283.75,0.81,1,1.82470868664926
"993",284,0.81,1,1.85701126056838
"994",284.25,0.81,1,1.88926123881179
"995",284.5,0.81,1,1.92127027758786
"996",284.75,0.81,1,1.95455392030986
"997",285,0.81,1,1.98818937149665
"998",285.25,0.81,1,2.02128333172743
"999",285.5,0.81,1,2.0533755975544
"1000",285.75,0.81,1,2.08458558742067
"1001",286,0.81,1,2.11428008621387
"1002",286.25,0.81,1,2.14371702380625
"1003",286.5,0.81,1,2.17229889426517
"1004",286.75,0.81,1,2.19866700412333
"1005",287,0.81,1,2.224405872526
"1006",287.25,0.81,1,2.24809825973906
"1007",287.5,0.81,1,2.2702502565114
"1008",287.75,0.81,1,2.2914729659314
"1009",288,0.81,1,2.31085261081193
"1010",288.25,0.81,1,2.32703099448672
"1011",288.5,0.81,1,2.34201487691237
"1012",288.75,0.81,1,2.35481790803646
"1013",289,0.81,1,2.36554220868389
"1014",289.25,0.81,1,2.37452096913116
"1015",289.5,0.81,1,2.38018581003632
"1016",289.75,0.81,1,2.38376356949106
"1017",290,0.81,1,2.38379772962872
"1018",290.25,0.81,1,2.38179792945715
"1019",290.5,0.81,1,2.37725452025712
"1020",290.75,0.81,1,2.36943623711425
"1021",291,0.81,1,2.3583297722584
"1022",291.25,0.81,1,2.34557122362512
"1023",291.5,0.81,1,2.32875084060359
"1024",291.75,0.81,1,2.30911870417798
"1025",292,0.81,1,2.28580267567914
"1026",292.25,0.81,1,2.25976402093987
"1027",292.5,0.81,1,2.23080944090947
"1028",292.75,0.81,1,2.1974521196445
"1029",293,0.81,1,2.16196106593812
"1030",293.25,0.81,1,2.12187319339708
"1031",293.5,0.81,1,2.07853902542074
"1032",293.75,0.81,1,2.03220498417649
"1033",294,0.81,1,1.982836587203
"1034",294.25,0.81,1,1.93022273818076
"1035",294.5,0.81,1,1.8770936086656
"1036",283.5,0.82,1,1.7867415394368
"1037",283.75,0.82,1,1.81840569906018
"1038",284,0.82,1,1.84930941010065
"1039",284.25,0.82,1,1.88196041154297
"1040",284.5,0.82,1,1.91518280996476
"1041",284.75,0.82,1,1.94808415489817
"1042",285,0.82,1,1.97965126715939
"1043",285.25,0.82,1,2.01247878595132
"1044",285.5,0.82,1,2.04385004497065
"1045",285.75,0.82,1,2.07401591494406
"1046",286,0.82,1,2.10339606201325
"1047",286.25,0.82,1,2.13182177782218
"1048",286.5,0.82,1,2.15984524652804
"1049",286.75,0.82,1,2.18544038085388
"1050",287,0.82,1,2.21134916540453
"1051",287.25,0.82,1,2.23426151315425
"1052",287.5,0.82,1,2.25601520881328
"1053",287.75,0.82,1,2.27680646226322
"1054",288,0.82,1,2.29428543119664
"1055",288.25,0.82,1,2.31172389895273
"1056",288.5,0.82,1,2.32639809637378
"1057",288.75,0.82,1,2.33943338614772
"1058",289,0.82,1,2.34904139537954
"1059",289.25,0.82,1,2.35720807936937
"1060",289.5,0.82,1,2.36280481074033
"1061",289.75,0.82,1,2.3663384158632
"1062",290,0.82,1,2.3671288582196
"1063",290.25,0.82,1,2.36595183884623
"1064",290.5,0.82,1,2.36084022580815
"1065",290.75,0.82,1,2.35467454757852
"1066",291,0.82,1,2.34389332040738
"1067",291.25,0.82,1,2.33046137758786
"1068",291.5,0.82,1,2.31429077197327
"1069",291.75,0.82,1,2.29526859872847
"1070",292,0.82,1,2.27311602075697
"1071",292.25,0.82,1,2.24792733412735
"1072",292.5,0.82,1,2.21921282982181
"1073",292.75,0.82,1,2.18762527122809
"1074",293,0.82,1,2.15343698879972
"1075",293.25,0.82,1,2.11479298961119
"1076",293.5,0.82,1,2.07318059582128
"1077",293.75,0.82,1,2.02836848647038
"1078",294,0.82,1,1.9793962788046
"1079",294.25,0.82,1,1.92828987551756
"1080",294.5,0.82,1,1.87469195921537
"1081",283.5,0.83,1,1.7787043965886
"1082",283.75,0.83,1,1.81006071299358
"1083",284,0.83,1,1.84124406376163
"1084",284.25,0.83,1,1.8730644167138
"1085",284.5,0.83,1,1.90579512047637
"1086",284.75,0.83,1,1.93835626639654
"1087",285,0.83,1,1.96966281715929
"1088",285.25,0.83,1,2.00134676422385
"1089",285.5,0.83,1,2.03183777825858
"1090",285.75,0.83,1,2.06172715299671
"1091",286,0.83,1,2.09011118028195
"1092",286.25,0.83,1,2.11817118676611
"1093",286.5,0.83,1,2.14564649028374
"1094",286.75,0.83,1,2.17047925824833
"1095",287,0.83,1,2.19476381984246
"1096",287.25,0.83,1,2.21785422899829
"1097",287.5,0.83,1,2.23891893672717
"1098",287.75,0.83,1,2.25886517487653
"1099",288,0.83,1,2.27747917345013
"1100",288.25,0.83,1,2.2931154557698
"1101",288.5,0.83,1,2.30816905421271
"1102",288.75,0.83,1,2.32080395512575
"1103",289,0.83,1,2.33103735839009
"1104",289.25,0.83,1,2.3385510799865
"1105",289.5,0.83,1,2.34406584574546
"1106",289.75,0.83,1,2.34754055087256
"1107",290,0.83,1,2.34852845350892
"1108",290.25,0.83,1,2.34725362584768
"1109",290.5,0.83,1,2.3423239336301
"1110",290.75,0.83,1,2.33588070266694
"1111",291,0.83,1,2.32557171555444
"1112",291.25,0.83,1,2.31361299083593
"1113",291.5,0.83,1,2.29692257638374
"1114",291.75,0.83,1,2.27837257071842
"1115",292,0.83,1,2.25739984210492
"1116",292.25,0.83,1,2.23302146705987
"1117",292.5,0.83,1,2.20528753810685
"1118",292.75,0.83,1,2.17553273608858
"1119",293,0.83,1,2.14180255682751
"1120",293.25,0.83,1,2.10492442232208
"1121",293.5,0.83,1,2.06459078239435
"1122",293.75,0.83,1,2.02115672185633
"1123",294,0.83,1,1.97444716527422
"1124",294.25,0.83,1,1.92498847839629
"1125",294.5,0.83,1,1.87285540860315
"1126",283.5,0.84,1,1.76984736886494
"1127",283.75,0.84,1,1.8002508629595
"1128",284,0.84,1,1.83119819933645
"1129",284.25,0.84,1,1.86383741610262
"1130",284.5,0.84,1,1.89478952240898
"1131",284.75,0.84,1,1.92630051208796
"1132",285,0.84,1,1.95709179858751
"1133",285.25,0.84,1,1.98801089629842
"1134",285.5,0.84,1,2.01764358198616
"1135",285.75,0.84,1,2.04645262193072
"1136",286,0.84,1,2.07504716053476
"1137",286.25,0.84,1,2.10239131935644
"1138",286.5,0.84,1,2.12770888959888
"1139",286.75,0.84,1,2.15332894583073
"1140",287,0.84,1,2.17714952198374
"1141",287.25,0.84,1,2.19903444192691
"1142",287.5,0.84,1,2.22060771965844
"1143",287.75,0.84,1,2.23915295956723
"1144",288,0.84,1,2.25700616185648
"1145",288.25,0.84,1,2.2731423959662
"1146",288.5,0.84,1,2.28745441292314
"1147",288.75,0.84,1,2.29921719421734
"1148",289,0.84,1,2.30987609710041
"1149",289.25,0.84,1,2.31738136539155
"1150",289.5,0.84,1,2.32279702547501
"1151",289.75,0.84,1,2.32619103458304
"1152",290,0.84,1,2.32736637190412
"1153",290.25,0.84,1,2.32551945340598
"1154",290.5,0.84,1,2.32130162721591
"1155",290.75,0.84,1,2.31414769867743
"1156",291,0.84,1,2.30500475410269
"1157",291.25,0.84,1,2.29265146516437
"1158",291.5,0.84,1,2.27692989978976
"1159",291.75,0.84,1,2.25968910489492
"1160",292,0.84,1,2.23891470126957
"1161",292.25,0.84,1,2.21502506353693
"1162",292.5,0.84,1,2.18866163111151
"1163",292.75,0.84,1,2.15961081044003
"1164",293,0.84,1,2.12623922099368
"1165",293.25,0.84,1,2.09137816533298
"1166",293.5,0.84,1,2.05275838762742
"1167",293.75,0.84,1,2.01149664604773
"1168",294,0.84,1,1.96684178879757
"1169",294.25,0.84,1,1.91832582326701
"1170",294.5,0.84,1,1.86708246553752
"1171",283.5,0.85,1,1.75840865854134
"1172",283.75,0.85,1,1.78875036153597
"1173",284,0.85,1,1.820232062996
"1174",284.25,0.85,1,1.85118381608962
"1175",284.5,0.85,1,1.88233042325985
"1176",284.75,0.85,1,1.91300476240232
"1177",285,0.85,1,1.94260589410755
"1178",285.25,0.85,1,1.97246841689324
"1179",285.5,0.85,1,2.00141387167659
"1180",285.75,0.85,1,2.0295147077336
"1181",286,0.85,1,2.05721912126392
"1182",286.25,0.85,1,2.08374511661274
"1183",286.5,0.85,1,2.10848476021366
"1184",286.75,0.85,1,2.13316165711672
"1185",287,0.85,1,2.15631989707218
"1186",287.25,0.85,1,2.17770302524302
"1187",287.5,0.85,1,2.19824986910025
"1188",287.75,0.85,1,2.21725975757113
"1189",288,0.85,1,2.23467105318709
"1190",288.25,0.85,1,2.25043178878464
"1191",288.5,0.85,1,2.26391131758758
"1192",288.75,0.85,1,2.27601922405336
"1193",289,0.85,1,2.28535946601861
"1194",289.25,0.85,1,2.29385880542399
"1195",289.5,0.85,1,2.29916577134926
"1196",289.75,0.85,1,2.30249572054653
"1197",290,0.85,1,2.30244846097621
"1198",290.25,0.85,1,2.30136390357664
"1199",290.5,0.85,1,2.29748041167934
"1200",290.75,0.85,1,2.29055379996929
"1201",291,0.85,1,2.28133354208843
"1202",291.25,0.85,1,2.26927245101535
"1203",291.5,0.85,1,2.25507368451668
"1204",291.75,0.85,1,2.23762564150828
"1205",292,0.85,1,2.21724361615266
"1206",292.25,0.85,1,2.19461743382709
"1207",292.5,0.85,1,2.16920422795545
"1208",292.75,0.85,1,2.1408027600878
"1209",293,0.85,1,2.10911396618349
"1210",293.25,0.85,1,2.07501019449747
"1211",293.5,0.85,1,2.0380712453045
"1212",293.75,0.85,1,1.99787131940909
"1213",294,0.85,1,1.95515829405368
"1214",294.25,0.85,1,1.90878440459021
"1215",294.5,0.85,1,1.85903706083874
"1216",283.5,0.86,1,1.74580353276356
"1217",283.75,0.86,1,1.77590997758684
"1218",284,0.86,1,1.80636694662414
"1219",284.25,0.86,1,1.83664468796649
"1220",284.5,0.86,1,1.86731531227566
"1221",284.75,0.86,1,1.89692776804243
"1222",285,0.86,1,1.92561369194281
"1223",285.25,0.86,1,1.9548338830915
"1224",285.5,0.86,1,1.98280011072863
"1225",285.75,0.86,1,2.01053833394405
"1226",286,0.86,1,2.03706182749695
"1227",286.25,0.86,1,2.06256381826158
"1228",286.5,0.86,1,2.08708603028439
"1229",286.75,0.86,1,2.11089376976754
"1230",287,0.86,1,2.13393144646818
"1231",287.25,0.86,1,2.1551600293382
"1232",287.5,0.86,1,2.17457026014556
"1233",287.75,0.86,1,2.19332030884123
"1234",288,0.86,1,2.21038519709365
"1235",288.25,0.86,1,2.22469188412404
"1236",288.5,0.86,1,2.23856207836962
"1237",288.75,0.86,1,2.24942814854618
"1238",289,0.86,1,2.26007639948328
"1239",289.25,0.86,1,2.2676731222578
"1240",289.5,0.86,1,2.27285852854072
"1241",289.75,0.86,1,2.27610326155657
"1242",290,0.86,1,2.27681123538718
"1243",290.25,0.86,1,2.27497834704852
"1244",290.5,0.86,1,2.27109844578355
"1245",290.75,0.86,1,2.26482504633836
"1246",291,0.86,1,2.25604085792978
"1247",291.25,0.86,1,2.24405235444007
"1248",291.5,0.86,1,2.23001040065246
"1249",291.75,0.86,1,2.21368880948976
"1250",292,0.86,1,2.19389884217274
"1251",292.25,0.86,1,2.17098498552389
"1252",292.5,0.86,1,2.14664044583269
"1253",292.75,0.86,1,2.11901069589898
"1254",293,0.86,1,2.08877994375264
"1255",293.25,0.86,1,2.05621191834276
"1256",293.5,0.86,1,2.01972300675451
"1257",293.75,0.86,1,1.98206375508515
"1258",294,0.86,1,1.94030607916478
"1259",294.25,0.86,1,1.89506184853243
"1260",294.5,0.86,1,1.84825202506454
"1261",283.5,0.87,1,1.73144989255657
"1262",283.75,0.87,1,1.76095454861344
"1263",284,0.87,1,1.79063786499885
"1264",284.25,0.87,1,1.82022207245328
"1265",284.5,0.87,1,1.84941447769746
"1266",284.75,0.87,1,1.87847383563138
"1267",285,0.87,1,1.90688364862513
"1268",285.25,0.87,1,1.93486673056604
"1269",285.5,0.87,1,1.96225021054998
"1270",285.75,0.87,1,1.98886869450702
"1271",286,0.87,1,2.01459278926467
"1272",286.25,0.87,1,2.03946689098548
"1273",286.5,0.87,1,2.06332374247586
"1274",286.75,0.87,1,2.08664854176308
"1275",287,0.87,1,2.10809422193579
"1276",287.25,0.87,1,2.12847697872622
"1277",287.5,0.87,1,2.1481781020238
"1278",287.75,0.87,1,2.16617955326822
"1279",288,0.87,1,2.1822539579219
"1280",288.25,0.87,1,2.19746093804335
"1281",288.5,0.87,1,2.21036420622014
"1282",288.75,0.87,1,2.22173543591326
"1283",289,0.87,1,2.23092779413005
"1284",289.25,0.87,1,2.23837009130716
"1285",289.5,0.87,1,2.24340882619222
"1286",289.75,0.87,1,2.24653919786231
"1287",290,0.87,1,2.24765987434794
"1288",290.25,0.87,1,2.24564825245675
"1289",290.5,0.87,1,2.24178849610878
"1290",290.75,0.87,1,2.23613115834346
"1291",291,0.87,1,2.22698133969469
"1292",291.25,0.87,1,2.21576104034574
"1293",291.5,0.87,1,2.20224727505118
"1294",291.75,0.87,1,2.18554202765769
"1295",292,0.87,1,2.16712830904738
"1296",292.25,0.87,1,2.14554391358595
"1297",292.5,0.87,1,2.12109265831669
"1298",292.75,0.87,1,2.09463825828384
"1299",293,0.87,1,2.06539558519938
"1300",293.25,0.87,1,2.03348374582301
"1301",293.5,0.87,1,1.99973190781588
"1302",293.75,0.87,1,1.96236679598526
"1303",294,0.87,1,1.92255648070122
"1304",294.25,0.87,1,1.87948090702311
"1305",294.5,0.87,1,1.8346043616877
"1306",283.5,0.88,1,1.71509064063177
"1307",283.75,0.88,1,1.7440368441555
"1308",284,0.88,1,1.77296964579064
"1309",284.25,0.88,1,1.80206387264841
"1310",284.5,0.88,1,1.82977453475774
"1311",284.75,0.88,1,1.85770187405162
"1312",285,0.88,1,1.88569489329942
"1313",285.25,0.88,1,1.91295461565225
"1314",285.5,0.88,1,1.93847576831496
"1315",285.75,0.88,1,1.96460367323292
"1316",286,0.88,1,1.98961400520294
"1317",286.25,0.88,1,2.0140599055963
"1318",286.5,0.88,1,2.03696865659465
"1319",286.75,0.88,1,2.05925501751576
"1320",287,0.88,1,2.0809572868507
"1321",287.25,0.88,1,2.10061094307283
"1322",287.5,0.88,1,2.11952179291056
"1323",287.75,0.88,1,2.13696590090735
"1324",288,0.88,1,2.15234261188547
"1325",288.25,0.88,1,2.16706231830789
"1326",288.5,0.88,1,2.18005587863611
"1327",288.75,0.88,1,2.190771820653
"1328",289,0.88,1,2.19963086336665
"1329",289.25,0.88,1,2.20688207977975
"1330",289.5,0.88,1,2.21218853875325
"1331",289.75,0.88,1,2.215192255786
"1332",290,0.88,1,2.21566391198899
"1333",290.25,0.88,1,2.21430732122576
"1334",290.5,0.88,1,2.21021998808917
"1335",290.75,0.88,1,2.20420895326022
"1336",291,0.88,1,2.19588353935295
"1337",291.25,0.88,1,2.1846849925534
"1338",291.5,0.88,1,2.17164048855504
"1339",291.75,0.88,1,2.15591649138104
"1340",292,0.88,1,2.1373996257871
"1341",292.25,0.88,1,2.1166101997166
"1342",292.5,0.88,1,2.09344460285077
"1343",292.75,0.88,1,2.06783592829741
"1344",293,0.88,1,2.03937537476127
"1345",293.25,0.88,1,2.00864183262214
"1346",293.5,0.88,1,1.97552166596952
"1347",293.75,0.88,1,1.93932815046991
"1348",294,0.88,1,1.90118602607252
"1349",294.25,0.88,1,1.86093762774041
"1350",294.5,0.88,1,1.81694718558573
"1351",283.5,0.89,1,1.6971205188664
"1352",283.75,0.89,1,1.72534716337657
"1353",284,0.89,1,1.75305523889029
"1354",284.25,0.89,1,1.78085703203252
"1355",284.5,0.89,1,1.80765421021854
"1356",284.75,0.89,1,1.83494324128666
"1357",285,0.89,1,1.86156173374206
"1358",285.25,0.89,1,1.88740524726034
"1359",285.5,0.89,1,1.91298839677965
"1360",285.75,0.89,1,1.93782932549066
"1361",286,0.89,1,1.96247314363875
"1362",286.25,0.89,1,1.98552870552941
"1363",286.5,0.89,1,2.00853714461312
"1364",286.75,0.89,1,2.02979244800822
"1365",287,0.89,1,2.05008064287723
"1366",287.25,0.89,1,2.06951910312138
"1367",287.5,0.89,1,2.08784250832069
"1368",287.75,0.89,1,2.10500742053753
"1369",288,0.89,1,2.12044327944225
"1370",288.25,0.89,1,2.13424478149029
"1371",288.5,0.89,1,2.14631329858892
"1372",288.75,0.89,1,2.15718812989415
"1373",289,0.89,1,2.16614611515824
"1374",289.25,0.89,1,2.17302924813586
"1375",289.5,0.89,1,2.1778104659746
"1376",289.75,0.89,1,2.18066389909872
"1377",290,0.89,1,2.18144372441446
"1378",290.25,0.89,1,2.17970216688475
"1379",290.5,0.89,1,2.17551971748915
"1380",290.75,0.89,1,2.17016436924983
"1381",291,0.89,1,2.16152758029377
"1382",291.25,0.89,1,2.15087169423851
"1383",291.5,0.89,1,2.13784282906081
"1384",291.75,0.89,1,2.12247444072269
"1385",292,0.89,1,2.10484513213964
"1386",292.25,0.89,1,2.08462168018675
"1387",292.5,0.89,1,2.0622222184852
"1388",292.75,0.89,1,2.03726498824375
"1389",293,0.89,1,2.00977747181645
"1390",293.25,0.89,1,1.98021576560906
"1391",293.5,0.89,1,1.94825015280931
"1392",293.75,0.89,1,1.91377896226832
"1393",294,0.89,1,1.87763475376918
"1394",294.25,0.89,1,1.83844293372319
"1395",294.5,0.89,1,1.79683320952298
"1396",283.5,0.9,1,1.67688728846495
"1397",283.75,0.9,1,1.70367989901539
"1398",284,0.9,1,1.73082163686888
"1399",284.25,0.9,1,1.75748543566608
"1400",284.5,0.9,1,1.78348704023272
"1401",284.75,0.9,1,1.80978164815402
"1402",285,0.9,1,1.83560163641065
"1403",285.25,0.9,1,1.86070630341746
"1404",285.5,0.9,1,1.88519259279017
"1405",285.75,0.9,1,1.90916077001842
"1406",286,0.9,1,1.93243826992506
"1407",286.25,0.9,1,1.95535902442061
"1408",286.5,0.9,1,1.97696930221177
"1409",286.75,0.9,1,1.99778691584217
"1410",287,0.9,1,2.01780190116736
"1411",287.25,0.9,1,2.03666886045617
"1412",287.5,0.9,1,2.05379145541289
"1413",287.75,0.9,1,2.07043993275383
"1414",288,0.9,1,2.08528601174738
"1415",288.25,0.9,1,2.09904636465252
"1416",288.5,0.9,1,2.11049000875706
"1417",288.75,0.9,1,2.12083790489835
"1418",289,0.9,1,2.12953925909947
"1419",289.25,0.9,1,2.13580898807056
"1420",289.5,0.9,1,2.1403033172452
"1421",289.75,0.9,1,2.14299009492356
"1422",290,0.9,1,2.14377050555888
"1423",290.25,0.9,1,2.14249612354601
"1424",290.5,0.9,1,2.13856106454819
"1425",290.75,0.9,1,2.13286573170592
"1426",291,0.9,1,2.12459065048755
"1427",291.25,0.9,1,2.11435647756888
"1428",291.5,0.9,1,2.10157929101905
"1429",291.75,0.9,1,2.08667031520004
"1430",292,0.9,1,2.06894637970376
"1431",292.25,0.9,1,2.04968640770521
"1432",292.5,0.9,1,2.02778224145812
"1433",292.75,0.9,1,2.00353640600597
"1434",293,0.9,1,1.97722399611138
"1435",293.25,0.9,1,1.94933210963267
"1436",293.5,0.9,1,1.91785877239615
"1437",293.75,0.9,1,1.88515270441099
"1438",294,0.9,1,1.84977733516913
"1439",294.25,0.9,1,1.81265291892538
"1440",294.5,0.9,1,1.77272408021
"1441",283.5,0.91,1,1.65388356599363
"1442",283.75,0.91,1,1.68005518317727
"1443",284,0.91,1,1.70596901872009
"1444",284.25,0.91,1,1.73166652592254
"1445",284.5,0.91,1,1.75666883514325
"1446",284.75,0.91,1,1.7816660879756
"1447",285,0.91,1,1.80646735569346
"1448",285.25,0.91,1,1.83078984529141
"1449",285.5,0.91,1,1.85466272586945
"1450",285.75,0.91,1,1.87781807528402
"1451",286,0.91,1,1.90029791036018
"1452",286.25,0.91,1,1.92209384941655
"1453",286.5,0.91,1,1.94339009367794
"1454",286.75,0.91,1,1.96356975963462
"1455",287,0.91,1,1.98262698930874
"1456",287.25,0.91,1,2.00056000016071
"1457",287.5,0.91,1,2.01763196823686
"1458",287.75,0.91,1,2.03335429058943
"1459",288,0.91,1,2.04739352660822
"1460",288.25,0.91,1,2.060924829646
"1461",288.5,0.91,1,2.07199579634462
"1462",288.75,0.91,1,2.0822370637787
"1463",289,0.91,1,2.08984704105128
"1464",289.25,0.91,1,2.09614767570504
"1465",289.5,0.91,1,2.10067303877677
"1466",289.75,0.91,1,2.1031649641512
"1467",290,0.91,1,2.10357239925154
"1468",290.25,0.91,1,2.1020415554036
"1469",290.5,0.91,1,2.09864357131025
"1470",290.75,0.91,1,2.09256272232627
"1471",291,0.91,1,2.08478056998992
"1472",291.25,0.91,1,2.07444456830608
"1473",291.5,0.91,1,2.0618695569113
"1474",291.75,0.91,1,2.04727196476849
"1475",292,0.91,1,2.03046690754187
"1476",292.25,0.91,1,2.01128766553519
"1477",292.5,0.91,1,1.99062762910157
"1478",292.75,0.91,1,1.96694597221807
"1479",293,0.91,1,1.94150428420876
"1480",293.25,0.91,1,1.91395703972306
"1481",293.5,0.91,1,1.88471712003555
"1482",293.75,0.91,1,1.85279174715521
"1483",294,0.91,1,1.81897099308661
"1484",294.25,0.91,1,1.78287787217097
"1485",294.5,0.91,1,1.7453109510255
"1486",283.5,0.92,1,1.62906000785941
"1487",283.75,0.92,1,1.6539099037691
"1488",284,0.92,1,1.67871404705728
"1489",284.25,0.92,1,1.70334979222387
"1490",284.5,0.92,1,1.72767027076748
"1491",284.75,0.92,1,1.75180964333454
"1492",285,0.92,1,1.77543172654736
"1493",285.25,0.92,1,1.7985692126805
"1494",285.5,0.92,1,1.8216062061214
"1495",285.75,0.92,1,1.8436827170579
"1496",286,0.92,1,1.86548757317952
"1497",286.25,0.92,1,1.8866624429112
"1498",286.5,0.92,1,1.90685076154233
"1499",286.75,0.92,1,1.92619839510896
"1500",287,0.92,1,1.94450111315977
"1501",287.25,0.92,1,1.96193263627681
"1502",287.5,0.92,1,1.97838027988294
"1503",287.75,0.92,1,1.99375228089057
"1504",288,0.92,1,2.00710529301684
"1505",288.25,0.92,1,2.01966681775996
"1506",288.5,0.92,1,2.03064685278404
"1507",288.75,0.92,1,2.04004040085044
"1508",289,0.92,1,2.04783427690203
"1509",289.25,0.92,1,2.05364927593387
"1510",289.5,0.92,1,2.0576641469112
"1511",289.75,0.92,1,2.05994455485108
"1512",290,0.92,1,2.06043435128081
"1513",290.25,0.92,1,2.05907221570291
"1514",290.5,0.92,1,2.05523240423891
"1515",290.75,0.92,1,2.04925666822718
"1516",291,0.92,1,2.04167927202817
"1517",291.25,0.92,1,2.03128751020854
"1518",291.5,0.92,1,2.0192360181234
"1519",291.75,0.92,1,2.00483344050561
"1520",292,0.92,1,1.98848044983885
"1521",292.25,0.92,1,1.97012980521687
"1522",292.5,0.92,1,1.94955550197706
"1523",292.75,0.92,1,1.92731475261393
"1524",293,0.92,1,1.90281198814434
"1525",293.25,0.92,1,1.87573878488735
"1526",293.5,0.92,1,1.84741974296763
"1527",293.75,0.92,1,1.81675794737097
"1528",294,0.92,1,1.78445748690458
"1529",294.25,0.92,1,1.74995468987776
"1530",294.5,0.92,1,1.71378594533998
"1531",283.5,0.93,1,1.60169400869552
"1532",283.75,0.93,1,1.62537779539625
"1533",284,0.93,1,1.64898156740436
"1534",284.25,0.93,1,1.67238407994635
"1535",284.5,0.93,1,1.69550980524631
"1536",284.75,0.93,1,1.71884638502574
"1537",285,0.93,1,1.7414798942427
"1538",285.25,0.93,1,1.76379848342837
"1539",285.5,0.93,1,1.78568157954315
"1540",285.75,0.93,1,1.80718881411748
"1541",286,0.93,1,1.82795555975116
"1542",286.25,0.93,1,1.84825364113505
"1543",286.5,0.93,1,1.86754879017126
"1544",286.75,0.93,1,1.88622318752652
"1545",287,0.93,1,1.90395286948725
"1546",287.25,0.93,1,1.92036199664505
"1547",287.5,0.93,1,1.93625348241772
"1548",287.75,0.93,1,1.95087996430583
"1549",288,0.93,1,1.96392618794933
"1550",288.25,0.93,1,1.97578548994245
"1551",288.5,0.93,1,1.98599519832206
"1552",288.75,0.93,1,1.99523990049065
"1553",289,0.93,1,2.0026852614239
"1554",289.25,0.93,1,2.00806385097984
"1555",289.5,0.93,1,2.01182319456958
"1556",289.75,0.93,1,2.01386446768844
"1557",290,0.93,1,2.01415256729194
"1558",290.25,0.93,1,2.01262548134296
"1559",290.5,0.93,1,2.00897737426098
"1560",290.75,0.93,1,2.00269660758107
"1561",291,0.93,1,1.99515277930136
"1562",291.25,0.93,1,1.98523310045815
"1563",291.5,0.93,1,1.97330455838805
"1564",291.75,0.93,1,1.95945297965062
"1565",292,0.93,1,1.94334812711231
"1566",292.25,0.93,1,1.92523114228848
"1567",292.5,0.93,1,1.90556984665275
"1568",292.75,0.93,1,1.88366132940451
"1569",293,0.93,1,1.8596277722516
"1570",293.25,0.93,1,1.83403091657572
"1571",293.5,0.93,1,1.80627781727922
"1572",293.75,0.93,1,1.77697700933593
"1573",294,0.93,1,1.7459039553835
"1574",294.25,0.93,1,1.71308111275845
"1575",294.5,0.93,1,1.67830552547437
"1576",283.5,0.94,1,1.57164745437895
"1577",283.75,0.94,1,1.59426645011587
"1578",284,0.94,1,1.61674945854955
"1579",284.25,0.94,1,1.63935177143256
"1580",284.5,0.94,1,1.66151571518217
"1581",284.75,0.94,1,1.68339826652357
"1582",285,0.94,1,1.70518694142866
"1583",285.25,0.94,1,1.72663155501343
"1584",285.5,0.94,1,1.74762409662374
"1585",285.75,0.94,1,1.76777166717069
"1586",286,0.94,1,1.78796892981521
"1587",286.25,0.94,1,1.80706621970415
"1588",286.5,0.94,1,1.8256272683058
"1589",286.75,0.94,1,1.84336699901909
"1590",287,0.94,1,1.86048561810717
"1591",287.25,0.94,1,1.87628301522624
"1592",287.5,0.94,1,1.89115789478429
"1593",287.75,0.94,1,1.90522831093126
"1594",288,0.94,1,1.91746355723575
"1595",288.25,0.94,1,1.92928435620896
"1596",288.5,0.94,1,1.93873379210476
"1597",288.75,0.94,1,1.94742800265913
"1598",289,0.94,1,1.95420848073182
"1599",289.25,0.94,1,1.95943768092281
"1600",289.5,0.94,1,1.96310024663025
"1601",289.75,0.94,1,1.96493275628775
"1602",290,0.94,1,1.96469732020589
"1603",290.25,0.94,1,1.96298680632786
"1604",290.5,0.94,1,1.95903854685277
"1605",290.75,0.94,1,1.9532424745431
"1606",291,0.94,1,1.94560698029526
"1607",291.25,0.94,1,1.93566894838271
"1608",291.5,0.94,1,1.92437245000997
"1609",291.75,0.94,1,1.91051509097539
"1610",292,0.94,1,1.89488658241911
"1611",292.25,0.94,1,1.87717446205108
"1612",292.5,0.94,1,1.85774039670903
"1613",292.75,0.94,1,1.83644003905428
"1614",293,0.94,1,1.81354411061655
"1615",293.25,0.94,1,1.78865262446099
"1616",293.5,0.94,1,1.76184885271758
"1617",293.75,0.94,1,1.73364823932547
"1618",294,0.94,1,1.70370657098138
"1619",294.25,0.94,1,1.67222249276434
"1620",294.5,0.94,1,1.63917162261707
"1621",283.5,0.95,1,1.53906990449008
"1622",283.75,0.95,1,1.56054288863528
"1623",284,0.95,1,1.58189197715652
"1624",284.25,0.95,1,1.60320124545482
"1625",284.5,0.95,1,1.62442354897878
"1626",284.75,0.95,1,1.64536992278223
"1627",285,0.95,1,1.66590076853529
"1628",285.25,0.95,1,1.6863217749179
"1629",285.5,0.95,1,1.70629874526606
"1630",285.75,0.95,1,1.72584177830877
"1631",286,0.95,1,1.74490503744582
"1632",286.25,0.95,1,1.76319475274576
"1633",286.5,0.95,1,1.78080624323655
"1634",286.75,0.95,1,1.79790028354152
"1635",287,0.95,1,1.81391876827548
"1636",287.25,0.95,1,1.82924034463701
"1637",287.5,0.95,1,1.84340554880641
"1638",287.75,0.95,1,1.85653845063613
"1639",288,0.95,1,1.86830524341031
"1640",288.25,0.95,1,1.87925789595082
"1641",288.5,0.95,1,1.8885817004858
"1642",288.75,0.95,1,1.89654449994889
"1643",289,0.95,1,1.90269948367373
"1644",289.25,0.95,1,1.907713586742
"1645",289.5,0.95,1,1.91106290118571
"1646",289.75,0.95,1,1.91252727040142
"1647",290,0.95,1,1.9120159229371
"1648",290.25,0.95,1,1.90977627305381
"1649",290.5,0.95,1,1.90603047801789
"1650",290.75,0.95,1,1.9001815361041
"1651",291,0.95,1,1.89244037424384
"1652",291.25,0.95,1,1.88267855530769
"1653",291.5,0.95,1,1.87127251650974
"1654",291.75,0.95,1,1.85789345364365
"1655",292,0.95,1,1.84248343108008
"1656",292.25,0.95,1,1.82542659826266
"1657",292.5,0.95,1,1.80624886947542
"1658",292.75,0.95,1,1.7857992169741
"1659",293,0.95,1,1.76312062928402
"1660",293.25,0.95,1,1.73925051233231
"1661",293.5,0.95,1,1.7136743082841
"1662",293.75,0.95,1,1.68610434884964
"1663",294,0.95,1,1.65766584828161
"1664",294.25,0.95,1,1.62738005961894
"1665",294.5,0.95,1,1.59557701330445
"1666",283.5,0.96,1,1.50379344511398
"1667",283.75,0.96,1,1.52414718521741
"1668",284,0.96,1,1.54435977654615
"1669",284.25,0.96,1,1.56474706271724
"1670",284.5,0.96,1,1.58473106278577
"1671",284.75,0.96,1,1.6046246789691
"1672",285,0.96,1,1.62440113350037
"1673",285.25,0.96,1,1.64366385081642
"1674",285.5,0.96,1,1.66235079771609
"1675",285.75,0.96,1,1.68106168459278
"1676",286,0.96,1,1.69901617384801
"1677",286.25,0.96,1,1.71646094792432
"1678",286.5,0.96,1,1.73334185111123
"1679",286.75,0.96,1,1.74946468824076
"1680",287,0.96,1,1.76475845279905
"1681",287.25,0.96,1,1.77901134371773
"1682",287.5,0.96,1,1.79263588676158
"1683",287.75,0.96,1,1.80509291428878
"1684",288,0.96,1,1.81627368667086
"1685",288.25,0.96,1,1.82624562206301
"1686",288.5,0.96,1,1.8351468386937
"1687",288.75,0.96,1,1.84248937024258
"1688",289,0.96,1,1.84822660951756
"1689",289.25,0.96,1,1.85248617318749
"1690",289.5,0.96,1,1.85540783648754
"1691",289.75,0.96,1,1.85651715320747
"1692",290,0.96,1,1.85591157824945
"1693",290.25,0.96,1,1.85357138303935
"1694",290.5,0.96,1,1.84958110940618
"1695",290.75,0.96,1,1.84377692963854
"1696",291,0.96,1,1.83575469071379
"1697",291.25,0.96,1,1.8262790452027
"1698",291.5,0.96,1,1.81486756553386
"1699",291.75,0.96,1,1.80162610209007
"1700",292,0.96,1,1.78654521950304
"1701",292.25,0.96,1,1.76962143786379
"1702",292.5,0.96,1,1.75109862570179
"1703",292.75,0.96,1,1.73084358808586
"1704",293,0.96,1,1.70901637457766
"1705",293.25,0.96,1,1.68557904936976
"1706",293.5,0.96,1,1.66065263454017
"1707",293.75,0.96,1,1.63443021012841
"1708",294,0.96,1,1.60683224312763
"1709",294.25,0.96,1,1.57755113052841
"1710",294.5,0.96,1,1.54737465519694
"1711",283.5,0.97,1,1.4660552473026
"1712",283.75,0.97,1,1.48544198178651
"1713",284,0.97,1,1.50451137571222
"1714",284.25,0.97,1,1.5235771291907
"1715",284.5,0.97,1,1.54253352285288
"1716",284.75,0.97,1,1.561191374693
"1717",285,0.97,1,1.57982233829751
"1718",285.25,0.97,1,1.59805307162273
"1719",285.5,0.97,1,1.61594980021268
"1720",285.75,0.97,1,1.63346061602314
"1721",286,0.97,1,1.65052126726177
"1722",286.25,0.97,1,1.66706038307289
"1723",286.5,0.97,1,1.68294335715081
"1724",286.75,0.97,1,1.69821555111524
"1725",287,0.97,1,1.712561077393
"1726",287.25,0.97,1,1.72605165871793
"1727",287.5,0.97,1,1.73882915251778
"1728",287.75,0.97,1,1.75046602600664
"1729",288,0.97,1,1.76103903565841
"1730",288.25,0.97,1,1.77032586460141
"1731",288.5,0.97,1,1.77830276285089
"1732",288.75,0.97,1,1.78525450958992
"1733",289,0.97,1,1.79053255686817
"1734",289.25,0.97,1,1.79432212349597
"1735",289.5,0.97,1,1.79674874048507
"1736",289.75,0.97,1,1.79746679360979
"1737",290,0.97,1,1.79658798143422
"1738",290.25,0.97,1,1.79388577948106
"1739",290.5,0.97,1,1.78967372529517
"1740",290.75,0.97,1,1.7835886308574
"1741",291,0.97,1,1.77559022869181
"1742",291.25,0.97,1,1.76607342300104
"1743",291.5,0.97,1,1.75468135436731
"1744",291.75,0.97,1,1.74138817311627
"1745",292,0.97,1,1.72657340550236
"1746",292.25,0.97,1,1.71006331341011
"1747",292.5,0.97,1,1.69185620103961
"1748",292.75,0.97,1,1.67198769909695
"1749",293,0.97,1,1.65071974382878
"1750",293.25,0.97,1,1.62791365200964
"1751",293.5,0.97,1,1.60377457753868
"1752",293.75,0.97,1,1.57809185046038
"1753",294,0.97,1,1.55145540439025
"1754",294.25,0.97,1,1.52354127305873
"1755",294.5,0.97,1,1.49444624832617
"1756",283.5,0.98,1,1.42598638704854
"1757",283.75,0.98,1,1.4439711937049
"1758",284,0.98,1,1.46195667280992
"1759",284.25,0.98,1,1.47984898451434
"1760",284.5,0.98,1,1.4977546998387
"1761",284.75,0.98,1,1.51536410652553
"1762",285,0.98,1,1.53277021885724
"1763",285.25,0.98,1,1.54988822106192
"1764",285.5,0.98,1,1.56683528588581
"1765",285.75,0.98,1,1.58321670922396
"1766",286,0.98,1,1.59931617257384
"1767",286.25,0.98,1,1.61479777363336
"1768",286.5,0.98,1,1.62985127013495
"1769",286.75,0.98,1,1.6441106765707
"1770",287,0.98,1,1.65746540798245
"1771",287.25,0.98,1,1.67025575572813
"1772",287.5,0.98,1,1.6820260768434
"1773",287.75,0.98,1,1.69298542010986
"1774",288,0.98,1,1.70255702261889
"1775",288.25,0.98,1,1.71137330279609
"1776",288.5,0.98,1,1.71864628954349
"1777",288.75,0.98,1,1.72484450384606
"1778",289,0.98,1,1.72965558082909
"1779",289.25,0.98,1,1.73293923307236
"1780",289.5,0.98,1,1.73484423121385
"1781",289.75,0.98,1,1.73511906485666
"1782",290,0.98,1,1.73378110057486
"1783",290.25,0.98,1,1.73079506159126
"1784",290.5,0.98,1,1.7262809918509
"1785",290.75,0.98,1,1.71982212672623
"1786",291,0.98,1,1.71186701706234
"1787",291.25,0.98,1,1.70205106190291
"1788",291.5,0.98,1,1.69075791607417
"1789",291.75,0.98,1,1.67753441026541
"1790",292,0.98,1,1.66270452735397
"1791",292.25,0.98,1,1.64641146887796
"1792",292.5,0.98,1,1.62848472790671
"1793",292.75,0.98,1,1.6088856373851
"1794",293,0.98,1,1.58808505954661
"1795",293.25,0.98,1,1.56569369883561
"1796",293.5,0.98,1,1.54209788418938
"1797",293.75,0.98,1,1.51731431419318
"1798",294,0.98,1,1.49130829809599
"1799",294.25,0.98,1,1.46430277157263
"1800",294.5,0.98,1,1.43621700161058
"1801",283.5,0.99,1,1.38344122241726
"1802",283.75,0.99,1,1.40026694593845
"1803",284,0.99,1,1.41709614122829
"1804",284.25,0.99,1,1.4338638830531
"1805",284.5,0.99,1,1.45056081065776
"1806",284.75,0.99,1,1.46708183987061
"1807",285,0.99,1,1.48345469853415
"1808",285.25,0.99,1,1.49944931121057
"1809",285.5,0.99,1,1.5152770193671
"1810",285.75,0.99,1,1.53065221106534
"1811",286,0.99,1,1.54569399568582
"1812",286.25,0.99,1,1.56020715225835
"1813",286.5,0.99,1,1.57417357489691
"1814",286.75,0.99,1,1.58740353439211
"1815",287,0.99,1,1.59998069973239
"1816",287.25,0.99,1,1.61181328326326
"1817",287.5,0.99,1,1.62274600200909
"1818",287.75,0.99,1,1.63274505462734
"1819",288,0.99,1,1.64165983084637
"1820",288.25,0.99,1,1.64956901911916
"1821",288.5,0.99,1,1.65625868945075
"1822",288.75,0.99,1,1.66165059349534
"1823",289,0.99,1,1.66581824239409
"1824",289.25,0.99,1,1.66856068594198
"1825",289.5,0.99,1,1.66984209807141
"1826",289.75,0.99,1,1.66965602257138
"1827",290,0.99,1,1.66784192335891
"1828",290.25,0.99,1,1.66448371384677
"1829",290.5,0.99,1,1.65948716265586
"1830",290.75,0.99,1,1.65291737524799
"1831",291,0.99,1,1.64468158170394
"1832",291.25,0.99,1,1.63473808261851
"1833",291.5,0.99,1,1.62324366121301
"1834",291.75,0.99,1,1.61003463213534
"1835",292,0.99,1,1.59523457070725
"1836",292.25,0.99,1,1.57890335353134
"1837",292.5,0.99,1,1.5611106109163
"1838",292.75,0.99,1,1.54175965619289
"1839",293,0.99,1,1.52117928383614
"1840",293.25,0.99,1,1.49918069592255
"1841",293.5,0.99,1,1.47599400852514
"1842",293.75,0.99,1,1.45172026335956
"1843",294,0.99,1,1.42632788193968
"1844",294.25,0.99,1,1.40002354055474
"1845",294.5,0.99,1,1.37287910516437
"1846",283.5,1,1,1.33902350825454
"1847",283.75,1,1,1.35467622509356
"1848",284,1,1,1.37034888148342
"1849",284.25,1,1,1.38592128849169
"1850",284.5,1,1,1.4014419941581
"1851",284.75,1,1,1.41682414873712
"1852",285,1,1,1.4320505384786
"1853",285.25,1,1,1.44700503443496
"1854",285.5,1,1,1.4617028528706
"1855",285.75,1,1,1.47604107530743
"1856",286,1,1,1.48997637973463
"1857",286.25,1,1,1.50343064450914
"1858",286.5,1,1,1.5163412161802
"1859",286.75,1,1,1.5286572261954
"1860",287,1,1,1.54028944045552
"1861",287.25,1,1,1.55113263401476
"1862",287.5,1,1,1.5611816640872
"1863",287.75,1,1,1.5702855711365
"1864",288,1,1,1.57839420870759
"1865",288.25,1,1,1.5854223386842
"1866",288.5,1,1,1.59137382700735
"1867",288.75,1,1,1.59605534805546
"1868",289,1,1,1.59946128298869
"1869",289.25,1,1,1.60157000686791
"1870",289.5,1,1,1.60223557606791
"1871",289.75,1,1,1.60145754804954
"1872",290,1,1,1.59918725100184
"1873",290.25,1,1,1.5953665603383
"1874",290.5,1,1,1.58997199029746
"1875",290.75,1,1,1.58304098844794
"1876",291,1,1,1.57446277653961
"1877",291.25,1,1,1.56431716909959
"1878",291.5,1,1,1.55254773838221
"1879",291.75,1,1,1.53923830177229
"1880",292,1,1,1.5243779087438
"1881",292.25,1,1,1.50801931375304
"1882",292.5,1,1,1.49021723083365
"1883",292.75,1,1,1.47101294037527
"1884",293,1,1,1.45051055581622
"1885",293.25,1,1,1.42872113028474
"1886",293.5,1,1,1.40580486442321
"1887",293.75,1,1,1.38176970790168
"1888",294,1,1,1.35678076216357
"1889",294.25,1,1,1.33086333177684
"1890",294.5,1,1,1.30419645260623
