"T","kappa","Y","Lambda"
"1",280,0,1,1.42157807023277e-13
"2",280.25,0,1,8.38741181659898e-14
"3",280.5,0,1,4.85294325667063e-14
"4",280.75,0,1,2.75092023078346e-14
"5",281,0,1,1.52614108481576e-14
"6",281.25,0,1,8.27702652980147e-15
"7",281.5,0,1,4.38333295637585e-15
"8",281.75,0,1,2.26380167609342e-15
"9",282,0,1,1.13865607566628e-15
"10",282.25,0,1,5.5698512946017e-16
"11",282.5,0,1,2.64560390888293e-16
"12",282.75,0,1,1.21821158875074e-16
"13",283,0,1,5.42841369187721e-17
"14",283.25,0,1,2.33644613735312e-17
"15",283.5,0,1,9.69374409801277e-18
"16",283.75,0,1,3.868432141731e-18
"17",284,0,1,1.48139001152621e-18
"18",284.25,0,1,5.43000475760744e-19
"19",284.5,0,1,1.89997335159328e-19
"20",284.75,0,1,6.32758708238351e-20
"21",285,0,1,1.99938580328686e-20
"22",285.25,0,1,5.97358672792207e-21
"23",285.5,0,1,1.68129004642824e-21
"24",285.75,0,1,4.43988689645156e-22
"25",286,0,1,1.09528213888069e-22
"26",286.25,0,1,2.51213480805302e-23
"27",286.5,0,1,5.32937488296409e-24
"28",286.75,0,1,1.03986935036463e-24
"29",287,0,1,1.85470663755127e-25
"30",287.25,0,1,3.00360041736617e-26
"31",287.5,0,1,4.38407087511352e-27
"32",287.75,0,1,5.72089939762395e-28
"33",288,0,1,6.61515616949172e-29
"34",288.25,0,1,6.71201289030219e-30
"35",288.5,0,1,5.91161140932856e-31
"36",288.75,0,1,4.46594951228099e-32
"37",289,0,1,2.85582493223966e-33
"38",289.25,0,1,1.52330388834725e-34
"39",289.5,0,1,6.66777047850607e-36
"40",289.75,0,1,2.35185655714686e-37
"41",290,0,1,6.55002290355398e-39
"42",290.25,0,1,1.40794828442164e-40
"43",290.5,0,1,2.27675917150825e-42
"44",290.75,0,1,2.69105960174064e-44
"45",291,0,1,2.25045862773651e-46
"46",291.25,0,1,1.28340048038321e-48
"47",291.5,0,1,4.78615144796924e-51
"48",291.75,0,1,1.1112003354405e-53
"49",292,0,1,1.52473555753076e-56
"50",280,0.025,1,0
"51",280.25,0.025,1,0
"52",280.5,0.025,1,0
"53",280.75,0.025,1,0
"54",281,0.025,1,0
"55",281.25,0.025,1,0
"56",281.5,0.025,1,0
"57",281.75,0.025,1,0
"58",282,0.025,1,0
"59",282.25,0.025,1,0
"60",282.5,0.025,1,0
"61",282.75,0.025,1,0
"62",283,0.025,1,0
"63",283.25,0.025,1,0
"64",283.5,0.025,1,0
"65",283.75,0.025,1,0
"66",284,0.025,1,0
"67",284.25,0.025,1,0
"68",284.5,0.025,1,0
"69",284.75,0.025,1,0
"70",285,0.025,1,0
"71",285.25,0.025,1,0
"72",285.5,0.025,1,0
"73",285.75,0.025,1,0
"74",286,0.025,1,0
"75",286.25,0.025,1,0
"76",286.5,0.025,1,0
"77",286.75,0.025,1,0
"78",287,0.025,1,0
"79",287.25,0.025,1,0
"80",287.5,0.025,1,0
"81",287.75,0.025,1,0
"82",288,0.025,1,0
"83",288.25,0.025,1,0
"84",288.5,0.025,1,0
"85",288.75,0.025,1,0
"86",289,0.025,1,0
"87",289.25,0.025,1,0
"88",289.5,0.025,1,0
"89",289.75,0.025,1,0
"90",290,0.025,1,0
"91",290.25,0.025,1,0
"92",290.5,0.025,1,9.17868509749637e-14
"93",290.75,0.025,1,4.22746260952764e-14
"94",291,0.025,1,1.84731934835621e-14
"95",291.25,0.025,1,7.62859413485335e-15
"96",291.5,0.025,1,2.96427223049937e-15
"97",291.75,0.025,1,1.07877711553168e-15
"98",292,0.025,1,3.6582703284761e-16
"99",280,0.05,1,0.0870638609823705
"100",280.25,0.05,1,0.0834182714594043
"101",280.5,0.05,1,0.0798716898470344
"102",280.75,0.05,1,0.0764238603653779
"103",281,0.05,1,0.0730744278607199
"104",281.25,0.05,1,0.0698229390228369
"105",281.5,0.05,1,0.0666688438293588
"106",281.75,0.05,1,0.0636114972145552
"107",282,0.05,1,0.0606501609590402
"108",282.25,0.05,1,0.0577840057960009
"109",282.5,0.05,1,0.0550121137286596
"110",282.75,0.05,1,0.0523334805527942
"111",283,0.05,1,0.0497470185772569
"112",283.25,0.05,1,0.0472515595345968
"113",283.5,0.05,1,0.044845857672981
"114",283.75,0.05,1,0.0425285930198552
"115",284,0.05,1,0.0402983748070096
"116",284.25,0.05,1,0.0381537450458687
"117",284.5,0.05,1,0.0360931822411963
"118",284.75,0.05,1,0.0341151052307284
"119",285,0.05,1,0.0322178771376195
"120",285.25,0.05,1,0.0303998094220524
"121",285.5,0.05,1,0.0286591660178762
"122",285.75,0.05,1,0.0269941675397279
"123",286,0.05,1,0.0254029955457576
"124",286.25,0.05,1,0
"125",286.5,0.05,1,0
"126",286.75,0.05,1,0
"127",287,0.05,1,0
"128",287.25,0.05,1,0
"129",287.5,0.05,1,0
"130",287.75,0.05,1,0
"131",288,0.05,1,0
"132",288.25,0.05,1,0
"133",288.5,0.05,1,0
"134",288.75,0.05,1,0
"135",289,0.05,1,0
"136",289.25,0.05,1,0
"137",289.5,0.05,1,0
"138",289.75,0.05,1,0
"139",290,0.05,1,0
"140",290.25,0.05,1,0
"141",290.5,0.05,1,0
"142",290.75,0.05,1,0
"143",291,0.05,1,0
"144",291.25,0.05,1,0
"145",291.5,0.05,1,0
"146",291.75,0.05,1,0
"147",292,0.05,1,0
"148",280,0.075,1,0.0870507269862373
"149",280.25,0.075,1,0.0834054661927058
"150",280.5,0.075,1,0.079859222309433
"151",280.75,0.075,1,0.076411739103194
"152",281,0.075,1,0.0730626609123301
"153",281.25,0.075,1,0.0698115338614858
"154",281.5,0.075,1,0.0666578073037811
"155",281.75,0.075,1,0.0636008354879346
"156",282,0.075,1,0.0606398794469731
"157",282.25,0.075,1,0.0577741091042812
"158",282.5,0.075,1,0.0550026055918532
"159",282.75,0.075,1,0.0523243637747192
"160",283,0.075,1,0.0497382949746297
"161",283.25,0.075,1,0.0472432298851987
"162",283.5,0.075,1,0.0448379216698369
"163",283.75,0.075,1,0.0425210492329458
"164",284,0.075,1,0.0402912206540106
"165",284.25,0.075,1,0.0381469767734216
"166",284.5,0.075,1,0.0360867949180777
"167",284.75,0.075,1,0.0341090927540993
"168",285,0.075,1,0.0322122322532988
"169",285.25,0.075,1,0.0303945237594439
"170",285.5,0.075,1,0.0286542301398096
"171",285.75,0.075,1,0.0269895710070558
"172",286,0.075,1,0.0253987269961087
"173",286.25,0.075,1,0.02387984408046
"174",286.5,0.075,1,0.0224310379121441
"175",286.75,0.075,1,0.0210503981696159
"176",287,0.075,1,0.0197359928978175
"177",287.25,0.075,1,0.0184858728249073
"178",287.5,0.075,1,0.0172980756404063
"179",287.75,0.075,1,0.0161706302199032
"180",288,0.075,1,0.0151015607819244
"181",288.25,0.075,1,0.0140888909631214
"182",288.5,0.075,1,0.0131306477985314
"183",288.75,0.075,1,0.0122248655943545
"184",289,0.075,1,0.011369589681297
"185",289.25,0.075,1,0.0105628800374572
"186",289.5,0.075,1,0.00980281477025611
"187",289.75,0.075,1,0.00908749344789462
"188",290,0.075,1,0
"189",290.25,0.075,1,0
"190",290.5,0.075,1,0
"191",290.75,0.075,1,0
"192",291,0.075,1,0
"193",291.25,0.075,1,0
"194",291.5,0.075,1,0
"195",291.75,0.075,1,0
"196",292,0.075,1,0
"197",280,0.1,1,0.0870340807308873
"198",280.25,0.1,1,0.0833891647571897
"199",280.5,0.1,1,0.0798432817594341
"200",280.75,0.1,1,0.0763961752735129
"201",281,0.1,1,0.0730474893115251
"202",281.25,0.1,1,0.0697967695669409
"203",281.5,0.1,1,0.0666434648475043
"204",281.75,0.1,1,0.0635869287337025
"205",282,0.1,1,0.0606264214597988
"206",282.25,0.1,1,0.0577611120135838
"207",282.5,0.1,1,0.0549900804501388
"208",282.75,0.1,1,0.0523123204140333
"209",283,0.1,1,0.0497267418634877
"210",283.25,0.1,1,0.0472321739891274
"211",283.5,0.1,1,0.0448273683190137
"212",283.75,0.1,1,0.0425110020007478
"213",284,0.1,1,0.0402816812504116
"214",284.25,0.1,1,0.0381379449572399
"215",284.5,0.1,1,0.0360782684319253
"216",284.75,0.1,1,0.0341010672855547
"217",285,0.1,1,0.0322047014252994
"218",285.25,0.1,1,0.0303874791521697
"219",285.5,0.1,1,0.0286476613454295
"220",285.75,0.1,1,0.0269834657176643
"221",286,0.1,1,0.025393071124036
"222",286.25,0.1,1,0.0238746219089602
"223",286.5,0.1,1,0.022426232273318
"224",286.75,0.1,1,0.0210459906453735
"225",287,0.1,1,0.0197319640388073
"226",287.25,0.1,1,0.0184822023816823
"227",287.5,0.1,1,0.0172947428007128
"228",287.75,0.1,1,0.0161676138458802
"229",288,0.1,1,0.015098839641203
"230",288.25,0.1,1,0.0140864439482839
"231",288.5,0.1,1,0.0131284541301017
"232",288.75,0.1,1,0.0122229050033527
"233",289,0.1,1,0.0113678425684678
"234",289.25,0.1,1,0.0105613276072151
"235",289.5,0.1,1,0.00980143913854663
"236",289.75,0.1,1,0.00908627772406523
"237",290,0.1,1,0.00841396861517805
"238",290.25,0.1,1,0.00778266473468657
"239",290.5,0.1,1,0.00719054948624594
"240",290.75,0.1,1,0.0066358393858505
"241",291,0.1,1,0.00611678651016706
"242",291.25,0.1,1,0.00563168075744666
"243",291.5,0.1,1,0.00517885191738686
"244",291.75,0.1,1,0
"245",292,0.1,1,0
"246",280,0.125,1,0.0870123036327589
"247",280.25,0.125,1,0.083367722744367
"248",280.5,0.125,1,0.079822201869964
"249",280.75,0.125,1,0.0763754849596312
"250",281,0.125,1,0.0730272162942108
"251",281.25,0.125,1,0.0697769416649941
"252",281.5,0.125,1,0.0666241097803917
"253",281.75,0.125,1,0.0635680738980267
"254",282,0.125,1,0.0606080936801258
"255",282.25,0.125,1,0.0577433372692864
"256",282.5,0.125,1,0.0549728835810967
"257",282.75,0.125,1,0.0522957248092058
"258",283,0.125,1,0.0497107691377496
"259",283.25,0.125,1,0.0472168436550037
"260",283.5,0.125,1,0.0448126974612876
"261",283.75,0.125,1,0.0424970049628977
"262",284,0.125,1,0.0402683693427942
"263",284.25,0.125,1,0.0381253261972974
"264",284.5,0.125,1,0.0360663473268139
"265",284.75,0.125,1,0.0340898446670188
"266",285,0.125,1,0.0321941743455774
"267",285.25,0.125,1,0.0303776408480414
"268",285.5,0.125,1,0.028638501275314
"269",285.75,0.125,1,0.0269749696740161
"270",286,0.125,1,0.02538522142032
"271",286.25,0.125,1,0.0238673976373501
"272",286.5,0.125,1,0.0224196096262783
"273",286.75,0.125,1,0.0210399432914441
"274",287,0.125,1,0.0197264635406857
"275",287.25,0.125,1,0.0184772186430361
"276",287.5,0.125,1,0.0172902445272788
"277",287.75,0.125,1,0.0161635690063343
"278",288,0.125,1,0.0150952159139952
"279",288.25,0.125,1,0.0140832091420511
"280",288.5,0.125,1,0.0131255765672487
"281",288.75,0.125,1,0.0122203538587619
"282",289,0.125,1,0.0113655881578632
"283",289.25,0.125,1,0.0105593416222846
"284",289.5,0.125,1,0.00979969482834543
"285",289.75,0.125,1,0.0090847500243507
"286",290,0.125,1,0.00841263422907528
"287",290.25,0.125,1,0.0077815021693988
"288",290.5,0.125,1,0.00718953905140455
"289",290.75,0.125,1,0.00663496315954642
"290",291,0.125,1,0.00611602827885794
"291",291.25,0.125,1,0.0056310259356514
"292",291.5,0.125,1,0.00517828745274227
"293",291.75,0.125,1,0.00475618581593463
"294",292,0.125,1,0.00436313734931041
"295",280,0.15,1,0.337527579889368
"296",280.25,0.15,1,0.333493547654837
"297",280.5,0.15,1,0.329445195453384
"298",280.75,0.15,1,0.325382020445596
"299",281,0.15,1,0.321303026056169
"300",281.25,0.15,1,0.317206582390223
"301",281.5,0.15,1,0.313090247735472
"302",281.75,0.15,1,0.30895053858673
"303",282,0.15,1,0.304782631124184
"304",282.25,0.15,1,0.300579970950051
"305",282.5,0.15,1,0.296333759635992
"306",282.75,0.15,1,0.292032275687864
"307",283,0.15,1,0.287659973360415
"308",283.25,0.15,1,0.0471945786272864
"309",283.5,0.15,1,0.0447913200395448
"310",283.75,0.15,1,0.0424765526210375
"311",284,0.15,1,0.0402488746134848
"312",284.25,0.15,1,0.0381068159839487
"313",284.5,0.15,1,0.0360488422922949
"314",284.75,0.15,1,0.0340733587265149
"315",285,0.15,1,0.0321787142889022
"316",285.25,0.15,1,0.0303632061128815
"317",285.5,0.15,1,0.0286250838874361
"318",285.75,0.15,1,0.0269625543634252
"319",286,0.15,1,0.0253737859143733
"320",286.25,0.15,1,0.0238569131232745
"321",286.5,0.15,1,0.0224100413672048
"322",286.75,0.15,1,0.0210312513725451
"323",287,0.15,1,0.0197186037158899
"324",287.25,0.15,1,0.018470143248597
"325",287.5,0.15,1,0.0172839034265615
"326",287.75,0.15,1,0.0161579105305255
"327",288,0.15,1,0.0150901877659463
"328",288.25,0.15,1,0.0140787592348946
"329",288.5,0.15,1,0.013121653775033
"330",288.75,0.15,1,0.0122169086629149
"331",289,0.15,1,0.0113625731799626
"332",289.25,0.15,1,0.0105567120400041
"333",289.5,0.15,1,0.0097974086771038
"334",289.75,0.15,1,0.00908276839182449
"335",290,0.15,1,0.00841092135319906
"336",290.25,0.15,1,0.00778002545273907
"337",290.5,0.15,1,0.00718826900593713
"338",290.75,0.15,1,0.00663387329604312
"339",291,0.15,1,0.00611509495449366
"340",291.25,0.15,1,0.00563022817228798
"341",291.5,0.15,1,0.00517760673724272
"342",291.75,0.15,1,0.00475560588929382
"343",292,0.15,1,0.00436264399827858
"344",280,0.175,1,0.432635616670884
"345",280.25,0.175,1,0.427877859264512
"346",280.5,0.175,1,0.423123895409463
"347",280.75,0.175,1,0.418375045695275
"348",281,0.175,1,0.413632341496053
"349",281.25,0.175,1,0.408896468971828
"350",281.5,0.175,1,0.404167710295789
"351",281.75,0.175,1,0.305464939578294
"352",282,0.175,1,0.30153361438607
"353",282.25,0.175,1,0.297620168517459
"354",282.5,0.175,1,0.293724683273323
"355",282.75,0.175,1,0.289846620188786
"356",283,0.175,1,0.28598468722144
"357",283.25,0.175,1,0.282136668129543
"358",283.5,0.175,1,0.278299196027526
"359",283.75,0.175,1,0.274467441017104
"360",284,0.175,1,0.270634664843381
"361",284.25,0.175,1,0.266791569247624
"362",284.5,0.175,1,0.262925325163417
"363",284.75,0.175,1,0.259018111089722
"364",285,0.175,1,0.255044903892828
"365",285.25,0.175,1,0.250970147488841
"366",285.5,0.175,1,0.246742774109663
"367",285.75,0.175,1,0.242288889367412
"368",286,0.175,1,0.0253561913790477
"369",286.25,0.175,1,0.0238408550578362
"370",286.5,0.175,1,0.0223954658020872
"371",286.75,0.175,1,0.0210180933296239
"372",287,0.175,1,0.019706789047254
"373",287.25,0.175,1,0.0184595906331315
"374",287.5,0.175,1,0.0172745264311768
"375",287.75,0.175,1,0.0161496196456735
"376",288,0.175,1,0.0150828923342063
"377",288.25,0.175,1,0.014072369205284
"378",288.5,0.175,1,0.0131160812329373
"379",288.75,0.175,1,0.012212069103819
"380",289,0.175,1,0.0113583865132332
"381",289.25,0.175,1,0.0105531033250191
"382",289.5,0.175,1,0.00979430860735727
"383",289.75,0.175,1,0.00908011355235687
"384",290,0.175,1,0.00840865428311168
"385",290.25,0.175,1,0.00777809454758619
"386",290.5,0.175,1,0.00718662829509265
"387",290.75,0.175,1,0.00663248212829595
"388",291,0.175,1,0.00611391762179493
"389",291.25,0.175,1,0.00562923349736471
"390",291.5,0.175,1,0.00517676764581566
"391",291.75,0.175,1,0.00475489898598762
"392",292,0.175,1,0.00436204915249203
"393",280,0.2,1,0.472432222584267
"394",280.25,0.2,1,0.467610654257682
"395",280.5,0.2,1,0.462814144891857
"396",280.75,0.2,1,0.458044122611205
"397",281,0.2,1,0.453301317551239
"398",281.25,0.2,1,0.448585635871386
"399",281.5,0.2,1,0.443896034710504
"400",281.75,0.2,1,0.439230403991472
"401",282,0.2,1,0.434585462302137
"402",282.25,0.2,1,0.379632136892481
"403",282.5,0.2,1,0.375288233569267
"404",282.75,0.2,1,0.370990767143929
"405",283,0.2,1,0.366735498889997
"406",283.25,0.2,1,0.362516820575142
"407",283.5,0.2,1,0.358327767065899
"408",283.75,0.2,1,0.354160078849628
"409",284,0.2,1,0.350004316195037
"410",284.25,0.2,1,0.34585002077843
"411",284.5,0.2,1,0.34168591185697
"412",284.75,0.2,1,0.337500091333806
"413",285,0.2,1,0.250322080639765
"414",285.25,0.2,1,0.246983079090826
"415",285.5,0.2,1,0.243640986787828
"416",285.75,0.2,1,0.240281524349267
"417",286,0.2,1,0.236886323020363
"418",286.25,0.2,1,0.233430287226952
"419",286.5,0.2,1,0.229876916796877
"420",286.75,0.2,1,0.226170238856996
"421",287,0.2,1,0.222221329223423
"422",287.25,0.2,1,0.217886730712067
"423",287.5,0.2,1,0.0172598742986935
"424",287.75,0.2,1,0.0161368095001859
"425",288,0.2,1,0.0150717541379127
"426",288.25,0.2,1,0.0140627351146072
"427",288.5,0.2,1,0.0131077888636669
"428",288.75,0.2,1,0.0122049641259638
"429",289,0.2,1,0.0113523245687997
"430",289.25,0.2,1,0.0105479513033272
"431",289.5,0.2,1,0.0097899453430817
"432",289.75,0.2,1,0.00907643003099936
"433",290,0.2,1,0.00840555344764259
"434",290.25,0.2,1,0.00777549080053885
"435",290.5,0.2,1,0.00718444678420494
"436",290.75,0.2,1,0.00663065789354398
"437",291,0.2,1,0.00611239466899427
"438",291.25,0.2,1,0.00562796385024116
"439",291.5,0.2,1,0.00517571041571256
"440",291.75,0.2,1,0.00475401948696311
"441",292,0.2,1,0.00436131807987869
"442",280,0.225,1,0.534010447581485
"443",280.25,0.225,1,0.529751810438292
"444",280.5,0.225,1,0.525544970133531
"445",280.75,0.225,1,0.521387911969023
"446",281,0.225,1,0.477690108563963
"447",281.25,0.225,1,0.473469745026557
"448",281.5,0.225,1,0.469332848905899
"449",281.75,0.225,1,0.465274432955049
"450",282,0.225,1,0.461286425873417
"451",282.25,0.225,1,0.457357331737107
"452",282.5,0.225,1,0.453471952046305
"453",282.75,0.225,1,0.449611204578799
"454",283,0.225,1,0.445752078483044
"455",283.25,0.225,1,0.39787408008132
"456",283.5,0.225,1,0.394262360882698
"457",283.75,0.225,1,0.390674800966311
"458",284,0.225,1,0.387085567369339
"459",284.25,0.225,1,0.383466640406194
"460",284.5,0.225,1,0.379788669777393
"461",284.75,0.225,1,0.376022025159165
"462",285,0.225,1,0.322648780443327
"463",285.25,0.225,1,0.319478018642336
"464",285.5,0.225,1,0.316245028699842
"465",285.75,0.225,1,0.312925677035857
"466",286,0.225,1,0.309498168109877
"467",286.25,0.225,1,0.305943703020073
"468",286.5,0.225,1,0.224541406756875
"469",286.75,0.225,1,0.221752393529291
"470",287,0.225,1,0.218891737793834
"471",287.25,0.225,1,0.215935623389692
"472",287.5,0.225,1,0.212849948012283
"473",287.75,0.225,1,0.20957881110347
"474",288,0.225,1,0.20602281838411
"475",288.25,0.225,1,0.202000627329761
"476",288.5,0.225,1,0.0130947652801007
"477",288.75,0.225,1,0.0121939877562598
"478",289,0.225,1,0.01134311568528
"479",289.25,0.225,1,0.0105402568319876
"480",289.5,0.225,1,0.00978353951468554
"481",289.75,0.225,1,0.00907111393857304
"482",290,0.225,1,0.00840115378999416
"483",290.25,0.225,1,0.0077718580696404
"484",290.5,0.225,1,0.00718145311907488
"485",290.75,0.225,1,0.00662819478152119
"486",291,0.225,1,0.0061103706330275
"487",291.25,0.225,1,0.00562630222147012
"488",291.5,0.225,1,0.00517434725695031
"489",291.75,0.225,1,0.00475290170525179
"490",292,0.225,1,0.00436040174528154
"491",280,0.25,1,0.575011500419204
"492",280.25,0.25,1,0.571568116503254
"493",280.5,0.25,1,0.568257934069709
"494",280.75,0.25,1,0.565078108028214
"495",281,0.25,1,0.562021569023849
"496",281.25,0.25,1,0.522978849301872
"497",281.5,0.25,1,0.520120550862514
"498",281.75,0.25,1,0.517419588808257
"499",282,0.25,1,0.514856448695812
"500",282.25,0.25,1,0.512404399702863
"501",282.5,0.25,1,0.510028757546662
"502",282.75,0.25,1,0.507686274142694
"503",283,0.25,1,0.464416326336297
"504",283.25,0.25,1,0.462411495075024
"505",283.5,0.25,1,0.460414844306106
"506",283.75,0.25,1,0.458360051414599
"507",284,0.25,1,0.456172020816465
"508",284.25,0.25,1,0.40918923700845
"509",284.5,0.25,1,0.407349247311548
"510",284.75,0.25,1,0.405316324573548
"511",285,0.25,1,0.403007547291434
"512",285.25,0.25,1,0.354066808692885
"513",285.5,0.25,1,0.35206764832695
"514",285.75,0.25,1,0.349799913236642
"515",286,0.25,1,0.347210751426218
"516",286.25,0.25,1,0.344258660618836
"517",286.5,0.25,1,0.292186624918669
"518",286.75,0.25,1,0.289915153839455
"519",287,0.25,1,0.28736202508404
"520",287.25,0.25,1,0.284513834182008
"521",287.5,0.25,1,0.281366837554724
"522",287.75,0.25,1,0.204857181842736
"523",288,0.25,1,0.202433630776288
"524",288.25,0.25,1,0.199828423254558
"525",288.5,0.25,1,0.197000486386026
"526",288.75,0.25,1,0.19386543210704
"527",289,0.25,1,0.190244182802602
"528",289.25,0.25,1,0.0105281459508898
"529",289.5,0.25,1,0.00977366425071112
"530",289.75,0.25,1,0.00906308619563471
"531",290,0.25,1,0.00839464423467734
"532",290.25,0.25,1,0.00776659004557953
"533",290.5,0.25,1,0.00717719624803859
"534",290.75,0.25,1,0.00662475866054503
"535",291,0.25,1,0.00610759890223411
"536",291.25,0.25,1,0.00562406716657943
"537",291.5,0.25,1,0.00517254502547584
"538",291.75,0.25,1,0.00475144815403785
"539",292,0.25,1,0.00435922889630319
"540",280,0.275,1,0.619495749725656
"541",280.25,0.275,1,0.617194607182038
"542",280.5,0.275,1,0.615098068463692
"543",280.75,0.275,1,0.583149746129954
"544",281,0.275,1,0.581536272739717
"545",281.25,0.275,1,0.580166342674464
"546",281.5,0.275,1,0.579013965722744
"547",281.75,0.275,1,0.578045429975263
"548",282,0.275,1,0.577213239311412
"549",282.25,0.275,1,0.543436582252071
"550",282.5,0.275,1,0.543199785857314
"551",282.75,0.275,1,0.543059716866897
"552",283,0.275,1,0.542932161337495
"553",283.25,0.275,1,0.506398226947729
"554",283.5,0.275,1,0.506771216311782
"555",283.75,0.275,1,0.507093672701741
"556",284,0.275,1,0.507214905168992
"557",284.25,0.275,1,0.467332895621611
"558",284.5,0.275,1,0.467862246334499
"559",284.75,0.275,1,0.468033460402908
"560",285,0.275,1,0.423754778942405
"561",285.25,0.275,1,0.4243137733147
"562",285.5,0.275,1,0.424295161149619
"563",285.75,0.275,1,0.376228063432452
"564",286,0.275,1,0.376493379468158
"565",286.25,0.275,1,0.375947811599935
"566",286.5,0.275,1,0.326884301746989
"567",286.75,0.275,1,0.326261325573162
"568",287,0.275,1,0.324913820257794
"569",287.25,0.275,1,0.322816768647236
"570",287.5,0.275,1,0.27160047054921
"571",287.75,0.275,1,0.270092028401867
"572",288,0.275,1,0.268055042054121
"573",288.25,0.275,1,0.265514492225477
"574",288.5,0.275,1,0.192049289091163
"575",288.75,0.275,1,0.190049031021931
"576",289,0.275,1,0.187778321086632
"577",289.25,0.275,1,0.185200929664712
"578",289.5,0.275,1,0.18221662496118
"579",289.75,0.275,1,0.178573774878067
"580",290,0.275,1,0.00838453352281328
"581",290.25,0.275,1,0.00775860278209323
"582",290.5,0.275,1,0.00717089174515194
"583",290.75,0.275,1,0.00661978395007693
"584",291,0.275,1,0.00610367292062825
"585",291.25,0.275,1,0.00562096715073971
"586",291.5,0.275,1,0.00517009506019563
"587",291.75,0.275,1,0.00474950969578955
"588",292,0.275,1,0.00435769304062981
"589",280,0.3,1,0.640646744084162
"590",280.25,0.3,1,0.639791022130795
"591",280.5,0.3,1,0.63922472568723
"592",280.75,0.3,1,0.638923617913721
"593",281,0.3,1,0.638852289460316
"594",281.25,0.3,1,0.61300947772347
"595",281.5,0.3,1,0.613704318644677
"596",281.75,0.3,1,0.614595323487104
"597",282,0.3,1,0.615609790699774
"598",282.25,0.3,1,0.589456895974327
"599",282.5,0.3,1,0.59111989693903
"600",282.75,0.3,1,0.592798468731393
"601",283,0.3,1,0.565480297110474
"602",283.25,0.3,1,0.567609027717115
"603",283.5,0.3,1,0.56961031280747
"604",283.75,0.3,1,0.540563690820528
"605",284,0.3,1,0.542811855680748
"606",284.25,0.3,1,0.544731071386256
"607",284.5,0.3,1,0.513234638851698
"608",284.75,0.3,1,0.515213820876969
"609",285,0.3,1,0.479809952348969
"610",285.25,0.3,1,0.481711975844375
"611",285.5,0.3,1,0.441035297440064
"612",285.75,0.3,1,0.443283860093395
"613",286,0.3,1,0.444862886461547
"614",286.25,0.3,1,0.399920910562254
"615",286.5,0.3,1,0.401951259544168
"616",286.75,0.3,1,0.352736218816375
"617",287,0.3,1,0.355135015103317
"618",287.25,0.3,1,0.355948241815062
"619",287.5,0.3,1,0.307403018815867
"620",287.75,0.3,1,0.307539157233117
"621",288,0.3,1,0.306434924481101
"622",288.25,0.3,1,0.2557849188215
"623",288.5,0.3,1,0.255015693100987
"624",288.75,0.3,1,0.253453897398466
"625",289,0.3,1,0.251182640593788
"626",289.25,0.3,1,0.18074330431549
"627",289.5,0.3,1,0.178949950601391
"628",289.75,0.3,1,0.176786273200373
"629",290,0.3,1,0.174194766086926
"630",290.25,0.3,1,0.170977010483808
"631",290.5,0.3,1,0.00716110435080521
"632",290.75,0.3,1,0.00661226771181839
"633",291,0.3,1,0.00609789333005223
"634",291.25,0.3,1,0.00561651520153108
"635",291.5,0.3,1,0.00516665855494061
"636",291.75,0.3,1,0.00474685067890515
"637",292,0.3,1,0.00435563024735704
"638",280,0.325,1,0.693462041895801
"639",280.25,0.325,1,0.674509601546211
"640",280.5,0.325,1,0.675627882654013
"641",280.75,0.325,1,0.676995815233096
"642",281,0.325,1,0.678549356392241
"643",281.25,0.325,1,0.661019137613504
"644",281.5,0.325,1,0.663329376852874
"645",281.75,0.325,1,0.665692577919752
"646",282,0.325,1,0.648713424827313
"647",282.25,0.325,1,0.651541540276411
"648",282.5,0.325,1,0.654202195456628
"649",282.75,0.325,1,0.637186413503419
"650",283,0.325,1,0.63993018816578
"651",283.25,0.325,1,0.621876071263726
"652",283.5,0.325,1,0.624416913770919
"653",283.75,0.325,1,0.604778891891818
"654",284,0.325,1,0.60690342567733
"655",284.25,0.325,1,0.585123274367386
"656",284.5,0.325,1,0.586706004132807
"657",284.75,0.325,1,0.562266053807113
"658",285,0.325,1,0.563315548134574
"659",285.25,0.325,1,0.535766498392473
"660",285.5,0.325,1,0.536392523761217
"661",285.75,0.325,1,0.505265958116596
"662",286,0.325,1,0.50560907443427
"663",286.25,0.325,1,0.470103553499376
"664",286.5,0.325,1,0.470230833397566
"665",286.75,0.325,1,0.429307156164212
"666",287,0.325,1,0.430297720011895
"667",287.25,0.325,1,0.384770313092149
"668",287.5,0.325,1,0.386758438289678
"669",287.75,0.325,1,0.338131869506674
"670",288,0.325,1,0.340414421416999
"671",288.25,0.325,1,0.292366763644545
"672",288.5,0.325,1,0.293166498696916
"673",288.75,0.325,1,0.292226687319624
"674",289,0.325,1,0.242874131626143
"675",289.25,0.325,1,0.24220862780102
"676",289.5,0.325,1,0.24055924118511
"677",289.75,0.325,1,0.172180446301633
"678",290,0.325,1,0.170758930103574
"679",290.25,0.325,1,0.168882125525286
"680",290.5,0.325,1,0.166514872293614
"681",290.75,0.325,1,0.163461089498802
"682",291,0.325,1,0.00608899828443799
"683",291.25,0.325,1,0.00560986190161044
"684",291.5,0.325,1,0.00516166338965959
"685",291.75,0.325,1,0.00474308531213612
"686",292,0.325,1,0.00435277994764712
"687",280,0.35,1,0.718036039175468
"688",280.25,0.35,1,0.72072057922619
"689",280.5,0.35,1,0.723652472748155
"690",280.75,0.35,1,0.726746580822775
"691",281,0.35,1,0.717574087224308
"692",281.25,0.35,1,0.721412831221108
"693",281.5,0.35,1,0.725153648995288
"694",281.75,0.35,1,0.717339643745352
"695",282,0.35,1,0.721291195042864
"696",282.25,0.35,1,0.713649356331754
"697",282.5,0.35,1,0.717318663977371
"698",282.75,0.35,1,0.709220131105806
"699",283,0.35,1,0.712110610992118
"700",283.25,0.35,1,0.702901429287174
"701",283.5,0.35,1,0.692391092550596
"702",283.75,0.35,1,0.693668755279391
"703",284,0.35,1,0.681101563217033
"704",284.25,0.35,1,0.680756079804086
"705",284.5,0.35,1,0.665768009681863
"706",284.75,0.35,1,0.648570402349594
"707",285,0.35,1,0.646217074939017
"708",285.25,0.35,1,0.626136552818662
"709",285.5,0.35,1,0.603215620347829
"710",285.75,0.35,1,0.599346453198199
"711",286,0.35,1,0.573233247991468
"712",286.25,0.35,1,0.543592279156461
"713",286.5,0.35,1,0.539385095263961
"714",286.75,0.35,1,0.506212566157827
"715",287,0.35,1,0.468157026253214
"716",287.25,0.35,1,0.465032019254335
"717",287.5,0.35,1,0.421209786649121
"718",287.75,0.35,1,0.370649848711685
"719",288,0.35,1,0.373267220330814
"720",288.25,0.35,1,0.320945872114439
"721",288.5,0.35,1,0.326261232642009
"722",288.75,0.35,1,0.278603599402207
"723",289,0.35,1,0.281078613531686
"724",289.25,0.35,1,0.281189994310545
"725",289.5,0.35,1,0.232135698992625
"726",289.75,0.35,1,0.23209741447119
"727",290,0.35,1,0.230820155880842
"728",290.25,0.35,1,0.164480405343082
"729",290.5,0.35,1,0.163280873883472
"730",290.75,0.35,1,0.161542983171777
"731",291,0.35,1,0.159231794161176
"732",291.25,0.35,1,0.156085115932241
"733",291.5,0.35,1,0.00515410019583252
"734",291.75,0.35,1,0.00473755663168768
"735",292,0.35,1,0.00434871305883577
"736",280,0.375,1,0.771091669077165
"737",280.25,0.375,1,0.776013372400203
"738",280.5,0.375,1,0.781092864607569
"739",280.75,0.375,1,0.779594750281874
"740",281,0.375,1,0.785359829231718
"741",281.25,0.375,1,0.784882043459278
"742",281.5,0.375,1,0.790676106396287
"743",281.75,0.375,1,0.790383015555226
"744",282,0.375,1,0.795359671590361
"745",282.25,0.375,1,0.794305579426036
"746",282.5,0.375,1,0.797659236688678
"747",282.75,0.375,1,0.79499124927754
"748",283,0.375,1,0.791088524427778
"749",283.25,0.375,1,0.791427278497126
"750",283.5,0.375,1,0.785294871403293
"751",283.75,0.375,1,0.777719962362508
"752",284,0.375,1,0.768643097105278
"753",284.25,0.375,1,0.758038209539045
"754",284.5,0.375,1,0.753825941527173
"755",284.75,0.375,1,0.741035225318818
"756",285,0.375,1,0.726620118359892
"757",285.25,0.375,1,0.710451373685672
"758",285.5,0.375,1,0.692353106030943
"759",285.75,0.375,1,0.672117038217452
"760",286,0.375,1,0.664277839359156
"761",286.25,0.375,1,0.641274012903583
"762",286.5,0.375,1,0.615626784857408
"763",286.75,0.375,1,0.586795973517167
"764",287,0.375,1,0.554325009507134
"765",287.25,0.375,1,0.517645206487603
"766",287.5,0.375,1,0.509251090780697
"767",287.75,0.375,1,0.468273232152232
"768",288,0.375,1,0.420428866468727
"769",288.25,0.375,1,0.415117496409266
"770",288.5,0.375,1,0.363692621375836
"771",288.75,0.375,1,0.364708243141884
"772",289,0.375,1,0.314220034037586
"773",289.25,0.375,1,0.31753744477078
"774",289.5,0.375,1,0.270791367229843
"775",289.75,0.375,1,0.271357648760585
"776",290,0.375,1,0.223004191260471
"777",290.25,0.375,1,0.223177727805198
"778",290.5,0.375,1,0.221934946871936
"779",290.75,0.375,1,0.157615462729428
"780",291,0.375,1,0.156459621467443
"781",291.25,0.375,1,0.154694430505769
"782",291.5,0.375,1,0.152239700059641
"783",291.75,0.375,1,0.148631753215273
"784",292,0.375,1,0.00434269468535565
"785",280,0.4,1,0.831950195577911
"786",280.25,0.4,1,0.836028234137673
"787",280.5,0.4,1,0.84392463117468
"788",280.75,0.4,1,0.848551809344565
"789",281,0.4,1,0.855706934487193
"790",281.25,0.4,1,0.859391308491585
"791",281.5,0.4,1,0.864480489460482
"792",281.75,0.4,1,0.865934957730675
"793",282,0.4,1,0.865924612349841
"794",282.25,0.4,1,0.866882031894075
"795",282.5,0.4,1,0.864167401107367
"796",282.75,0.4,1,0.860049086361572
"797",283,0.4,1,0.85467398421239
"798",283.25,0.4,1,0.851073238578389
"799",283.5,0.4,1,0.843849419783279
"800",283.75,0.4,1,0.835666669166924
"801",284,0.4,1,0.826604488817609
"802",284.25,0.4,1,0.816706949035401
"803",284.5,0.4,1,0.805972986795818
"804",284.75,0.4,1,0.794402298262901
"805",285,0.4,1,0.782005156533181
"806",285.25,0.4,1,0.768721371375224
"807",285.5,0.4,1,0.754520089282961
"808",285.75,0.4,1,0.739268642441421
"809",286,0.4,1,0.72289841346997
"810",286.25,0.4,1,0.705195522055472
"811",286.5,0.4,1,0.685940761338305
"812",286.75,0.4,1,0.664838085460109
"813",287,0.4,1,0.641526655068837
"814",287.25,0.4,1,0.615550361173004
"815",287.5,0.4,1,0.586489235498728
"816",287.75,0.4,1,0.553506570044952
"817",288,0.4,1,0.51589600471668
"818",288.25,0.4,1,0.47268137465609
"819",288.5,0.4,1,0.421892442820472
"820",288.75,0.4,1,0.412219889877303
"821",289,0.4,1,0.357208746769205
"822",289.25,0.4,1,0.356747661323359
"823",289.5,0.4,1,0.305039312425669
"824",289.75,0.4,1,0.258752588176113
"825",290,0.4,1,0.262344398517882
"826",290.25,0.4,1,0.262572341299974
"827",290.5,0.4,1,0.215306172427052
"828",290.75,0.4,1,0.215225758934416
"829",291,0.4,1,0.213678869355725
"830",291.25,0.4,1,0.151430307412143
"831",291.5,0.4,1,0.150137027225798
"832",291.75,0.4,1,0.148161375521562
"833",292,0.4,1,0.14526340441751
"834",280,0.425,1,0.896188368486708
"835",280.25,0.425,1,0.902959268154675
"836",280.5,0.425,1,0.909762252424231
"837",280.75,0.425,1,0.913752997248902
"838",281,0.425,1,0.917088628366096
"839",281.25,0.425,1,0.917691741994087
"840",281.5,0.425,1,0.917750205115687
"841",281.75,0.425,1,0.915511045244975
"842",282,0.425,1,0.912072158527419
"843",282.25,0.425,1,0.907637262290831
"844",282.5,0.425,1,0.902333192495343
"845",282.75,0.425,1,0.896344708526144
"846",283,0.425,1,0.889664191710177
"847",283.25,0.425,1,0.882417741058214
"848",283.5,0.425,1,0.874591920611975
"849",283.75,0.425,1,0.866206466032936
"850",284,0.425,1,0.857296400168719
"851",284.25,0.425,1,0.847853384549405
"852",284.5,0.425,1,0.837870731015338
"853",284.75,0.425,1,0.823826232293158
"854",285,0.425,1,0.812525892655651
"855",285.25,0.425,1,0.800591813637245
"856",285.5,0.425,1,0.788043215838743
"857",285.75,0.425,1,0.769060097211763
"858",286,0.425,1,0.754778308360307
"859",286.25,0.425,1,0.739743733497571
"860",286.5,0.425,1,0.723838845629686
"861",286.75,0.425,1,0.696951975794681
"862",287,0.425,1,0.678007450815192
"863",287.25,0.425,1,0.657577899329085
"864",287.5,0.425,1,0.635222666982098
"865",287.75,0.425,1,0.610487118077645
"866",288,0.425,1,0.582768674458867
"867",288.25,0.425,1,0.551356267777007
"868",288.5,0.425,1,0.514901368644183
"869",288.75,0.425,1,0.472013700583372
"870",289,0.425,1,0.420331842477918
"871",289.25,0.425,1,0.408169567960947
"872",289.5,0.425,1,0.351628298544542
"873",289.75,0.425,1,0.29032250992486
"874",290,0.425,1,0.298375915706645
"875",290.25,0.425,1,0.252545321490355
"876",290.5,0.425,1,0.255152740783564
"877",290.75,0.425,1,0.207406038989553
"878",291,0.425,1,0.208558110179578
"879",291.25,0.425,1,0.207827808004963
"880",291.5,0.425,1,0.146554676439427
"881",291.75,0.425,1,0.145687780964735
"882",292,0.425,1,0.144085102835084
"883",280,0.45,1,0.950338417162707
"884",280.25,0.45,1,0.95291055010141
"885",280.5,0.45,1,0.954306438275898
"886",280.75,0.45,1,0.953728013956501
"887",281,0.45,1,0.952494128105442
"888",281.25,0.45,1,0.949808242635336
"889",281.5,0.45,1,0.946380482998013
"890",281.75,0.45,1,0.94233755921912
"891",282,0.45,1,0.937750036010367
"892",282.25,0.45,1,0.932675370194139
"893",282.5,0.45,1,0.927207798184629
"894",282.75,0.45,1,0.921313091072309
"895",283,0.45,1,0.914998896923949
"896",283.25,0.45,1,0.908257952858679
"897",283.5,0.45,1,0.901144172304568
"898",283.75,0.45,1,0.892161907862719
"899",284,0.45,1,0.884063358304615
"900",284.25,0.45,1,0.875464575355522
"901",284.5,0.45,1,0.864387239059135
"902",284.75,0.45,1,0.85465353512765
"903",285,0.45,1,0.841748324311903
"904",285.25,0.45,1,0.830754898192758
"905",285.5,0.45,1,0.815650889520632
"906",285.75,0.45,1,0.803261223133777
"907",286,0.45,1,0.785623621111179
"908",286.25,0.45,1,0.771770314486373
"909",286.5,0.45,1,0.751189443002168
"910",286.75,0.45,1,0.735850749898743
"911",287,0.45,1,0.711345513395204
"912",287.25,0.45,1,0.694117565600496
"913",287.5,0.45,1,0.675961020937843
"914",287.75,0.45,1,0.643492689826826
"915",288,0.45,1,0.62169450317956
"916",288.25,0.45,1,0.597830186631984
"917",288.5,0.45,1,0.571263324330672
"918",288.75,0.45,1,0.54151480692183
"919",289,0.45,1,0.506846563825518
"920",289.25,0.45,1,0.465316422795633
"921",289.5,0.45,1,0.413969039831646
"922",289.75,0.45,1,0.349524743923205
"923",290,0.45,1,0.345430316215705
"924",290.25,0.45,1,0.287191114519706
"925",290.5,0.45,1,0.242437455400653
"926",290.75,0.45,1,0.247521861287733
"927",291,0.45,1,0.248218370171002
"928",291.25,0.45,1,0.202084850134521
"929",291.5,0.45,1,0.202145832721654
"930",291.75,0.45,1,0.141906411744079
"931",292,0.45,1,0.141417501303878
"932",280,0.475,1,0.981688799015734
"933",280.25,0.475,1,0.980651136149059
"934",280.5,0.475,1,0.979118052055332
"935",280.75,0.475,1,0.976688981299814
"936",281,0.475,1,0.973857505478041
"937",281.25,0.475,1,0.970582570475907
"938",281.5,0.475,1,0.966984242392114
"939",281.75,0.475,1,0.963117134022832
"940",282,0.475,1,0.958944265175584
"941",282.25,0.475,1,0.95454690842307
"942",282.5,0.475,1,0.949888433233504
"943",282.75,0.475,1,0.944999590444288
"944",283,0.475,1,0.939222650112669
"945",283.25,0.475,1,0.933854783610012
"946",283.5,0.475,1,0.927315766343802
"947",283.75,0.475,1,0.921368183842275
"948",284,0.475,1,0.913924227533062
"949",284.25,0.475,1,0.907098689833402
"950",284.5,0.475,1,0.898318188327469
"951",284.75,0.475,1,0.88849788784324
"952",285,0.475,1,0.879401810955802
"953",285.25,0.475,1,0.867419855437246
"954",285.5,0.475,1,0.853959905247041
"955",285.75,0.475,1,0.838915440248043
"956",286,0.475,1,0.825708370581268
"957",286.25,0.475,1,0.807992854354535
"958",286.5,0.475,1,0.788462604608171
"959",286.75,0.475,1,0.766965502724664
"960",287,0.475,1,0.750401519481323
"961",287.25,0.475,1,0.726032952949057
"962",287.5,0.475,1,0.708419499282974
"963",287.75,0.475,1,0.680684112363655
"964",288,0.475,1,0.661658138770322
"965",288.25,0.475,1,0.628243715040584
"966",288.5,0.475,1,0.606410686630977
"967",288.75,0.475,1,0.582889106297851
"968",289,0.475,1,0.55699086978116
"969",289.25,0.475,1,0.501686175930269
"970",289.5,0.475,1,0.463472231075443
"971",289.75,0.475,1,0.454365599541189
"972",290,0.475,1,0.403146259742421
"973",290.25,0.475,1,0.342647890352756
"974",290.5,0.475,1,0.275837813322975
"975",290.75,0.475,1,0.284895591385032
"976",291,0.475,1,0.240014801012854
"977",291.25,0.475,1,0.242238644508142
"978",291.5,0.475,1,0.195952767938612
"979",291.75,0.475,1,0.19672154096582
"980",292,0.475,1,0.137540036333197
"981",280,0.5,1,1.00054938231513
"982",280.25,0.5,1,0.998911231944619
"983",280.5,0.5,1,0.996842885951339
"984",280.75,0.5,1,0.99451614558882
"985",281,0.5,1,0.992057552987305
"986",281.25,0.5,1,0.989436809638254
"987",281.5,0.5,1,0.986746181969579
"988",281.75,0.5,1,0.984070023263079
"989",282,0.5,1,0.981427487966485
"990",282.25,0.5,1,0.978963707358542
"991",282.5,0.5,1,0.976407842113596
"992",282.75,0.5,1,0.97447801369612
"993",283,0.5,1,0.972415261294129
"994",283.25,0.5,1,0.970922911185006
"995",283.5,0.5,1,0.968864921394896
"996",283.75,0.5,1,0.966302612357188
"997",284,0.5,1,0.962876308072894
"998",284.25,0.5,1,0.958851537649235
"999",284.5,0.5,1,0.952820824666984
"1000",284.75,0.5,1,0.945157636837097
"1001",285,0.5,1,0.935839887069252
"1002",285.25,0.5,1,0.924786394679247
"1003",285.5,0.5,1,0.912140975451065
"1004",285.75,0.5,1,0.897821217086133
"1005",286,0.5,1,0.8818781706888
"1006",286.25,0.5,1,0.864231933629093
"1007",286.5,0.5,1,0.844884281351534
"1008",286.75,0.5,1,0.823761810876963
"1009",287,0.5,1,0.800810739788795
"1010",287.25,0.5,1,0.775951045978321
"1011",287.5,0.5,1,0.749291758038973
"1012",287.75,0.5,1,0.720713405593187
"1013",288,0.5,1,0.689956325298264
"1014",288.25,0.5,1,0.668849250588908
"1015",288.5,0.5,1,0.6351526337492
"1016",288.75,0.5,1,0.613483678191344
"1017",289,0.5,1,0.572856963387242
"1018",289.25,0.5,1,0.547494429247335
"1019",289.5,0.5,1,0.519589425028942
"1020",289.75,0.5,1,0.488257740702496
"1021",290,0.5,1,0.450756675103744
"1022",290.25,0.5,1,0.402780927525789
"1023",290.5,0.5,1,0.33972841882772
"1024",290.75,0.5,1,0.265101890572378
"1025",291,0.5,1,0.277097178530346
"1026",291.25,0.5,1,0.232956676019822
"1027",291.5,0.5,1,0.236503690559902
"1028",291.75,0.5,1,0.190282642277109
"1029",292,0.5,1,0.191621937452597
"1030",280,0.525,1,1.0162486052087
"1031",280.25,0.525,1,1.01494196550239
"1032",280.5,0.525,1,1.01356815808406
"1033",280.75,0.525,1,1.01229789189448
"1034",281,0.525,1,1.01123002965583
"1035",281.25,0.525,1,1.01060141959288
"1036",281.5,0.525,1,1.010566129231
"1037",281.75,0.525,1,1.0112229847477
"1038",282,0.525,1,1.01314038970754
"1039",282.25,0.525,1,1.01607347195265
"1040",282.5,0.525,1,1.01957167593823
"1041",282.75,0.525,1,1.02318407459708
"1042",283,0.525,1,1.02578919224922
"1043",283.25,0.525,1,1.02674407245883
"1044",283.5,0.525,1,1.02562058195684
"1045",283.75,0.525,1,1.0223739374202
"1046",284,0.525,1,1.01715483373946
"1047",284.25,0.525,1,1.01019495553443
"1048",284.5,0.525,1,1.0017058779033
"1049",284.75,0.525,1,0.991891321897669
"1050",285,0.525,1,0.98040167088072
"1051",285.25,0.525,1,0.968262478460531
"1052",285.5,0.525,1,0.955058443913562
"1053",285.75,0.525,1,0.939807504569137
"1054",286,0.525,1,0.924443122441186
"1055",286.25,0.525,1,0.907965264988989
"1056",286.5,0.525,1,0.888545717016123
"1057",286.75,0.525,1,0.869507063622286
"1058",287,0.525,1,0.849061835331253
"1059",287.25,0.525,1,0.826980372014913
"1060",287.5,0.525,1,0.802958080463159
"1061",287.75,0.525,1,0.776696777097802
"1062",288,0.525,1,0.747859460734572
"1063",288.25,0.525,1,0.716413400618141
"1064",288.5,0.525,1,0.682404246270248
"1065",288.75,0.525,1,0.646174754708741
"1066",289,0.525,1,0.622114241798998
"1067",289.25,0.525,1,0.582726548036866
"1068",289.5,0.525,1,0.558414966074684
"1069",289.75,0.525,1,0.509030252268779
"1070",290,0.525,1,0.478632396277937
"1071",290.25,0.525,1,0.443282429678238
"1072",290.5,0.525,1,0.398504550214438
"1073",290.75,0.525,1,0.335522292619834
"1074",291,0.525,1,0.330873812237019
"1075",291.25,0.525,1,0.26996175414808
"1076",291.5,0.525,1,0.226606151240672
"1077",291.75,0.525,1,0.231155478043411
"1078",292,0.525,1,0.185153767805345
"1079",280,0.55,1,1.03187037304508
"1080",280.25,0.55,1,1.03195780947665
"1081",280.5,0.55,1,1.03265854684034
"1082",280.75,0.55,1,1.03431542225897
"1083",281,0.55,1,1.03736979004842
"1084",281.25,0.55,1,1.04212458329834
"1085",281.5,0.55,1,1.04865232995783
"1086",281.75,0.55,1,1.05624178240021
"1087",282,0.55,1,1.06350099284684
"1088",282.25,0.55,1,1.06913689984049
"1089",282.5,0.55,1,1.07236414225181
"1090",282.75,0.55,1,1.07270941944305
"1091",283,0.55,1,1.07087243963407
"1092",283.25,0.55,1,1.06699184271795
"1093",283.5,0.55,1,1.06161730412492
"1094",283.75,0.55,1,1.05505910974788
"1095",284,0.55,1,1.0471564720178
"1096",284.25,0.55,1,1.03861527763228
"1097",284.5,0.55,1,1.02901824770476
"1098",284.75,0.55,1,1.01814019838016
"1099",285,0.55,1,1.00678533784242
"1100",285.25,0.55,1,0.993996082519075
"1101",285.5,0.55,1,0.980202537246798
"1102",285.75,0.55,1,0.96591457687432
"1103",286,0.55,1,0.949973597765694
"1104",286.25,0.55,1,0.932864870433773
"1105",286.5,0.55,1,0.916001955950434
"1106",286.75,0.55,1,0.896883219866214
"1107",287,0.55,1,0.878237624913861
"1108",287.25,0.55,1,0.856385337208755
"1109",287.5,0.55,1,0.835565264777391
"1110",287.75,0.55,1,0.809800159341887
"1111",288,0.55,1,0.785745155721329
"1112",288.25,0.55,1,0.759518705391823
"1113",288.5,0.55,1,0.730485924785161
"1114",288.75,0.55,1,0.697838505734074
"1115",289,0.55,1,0.661054097816562
"1116",289.25,0.55,1,0.620582158995341
"1117",289.5,0.55,1,0.593857645372714
"1118",289.75,0.55,1,0.549811784564203
"1119",290,0.55,1,0.523460113004728
"1120",290.25,0.55,1,0.495890842769136
"1121",290.5,0.55,1,0.434000261563883
"1122",290.75,0.55,1,0.391626082907959
"1123",291,0.55,1,0.330852652099257
"1124",291.25,0.55,1,0.32661274934211
"1125",291.5,0.55,1,0.263784602822532
"1126",291.75,0.55,1,0.221123015295393
"1127",292,0.55,1,0.226272339583899
"1128",280,0.575,1,1.05084510241223
"1129",280.25,0.575,1,1.05490128300716
"1130",280.5,0.575,1,1.06112200657589
"1131",280.75,0.575,1,1.06972920376135
"1132",281,0.575,1,1.08000230884062
"1133",281.25,0.575,1,1.0903683846291
"1134",281.5,0.575,1,1.09853785385329
"1135",281.75,0.575,1,1.1035062827092
"1136",282,0.575,1,1.1056169819354
"1137",282.25,0.575,1,1.10514044233949
"1138",282.5,0.575,1,1.10278955942613
"1139",282.75,0.575,1,1.09935140399195
"1140",283,0.575,1,1.09478303739249
"1141",283.25,0.575,1,1.08955738637055
"1142",283.5,0.575,1,1.08332184648072
"1143",283.75,0.575,1,1.0762061698291
"1144",284,0.575,1,1.06838211059651
"1145",284.25,0.575,1,1.05969375634598
"1146",284.5,0.575,1,1.05006239140783
"1147",284.75,0.575,1,1.03954771737515
"1148",285,0.575,1,1.02811734680417
"1149",285.25,0.575,1,1.01558907661147
"1150",285.5,0.575,1,1.00251820889873
"1151",285.75,0.575,1,0.988196054915381
"1152",286,0.575,1,0.972771059738724
"1153",286.25,0.575,1,0.956330608308669
"1154",286.5,0.575,1,0.938914132513605
"1155",286.75,0.575,1,0.9203105591755
"1156",287,0.575,1,0.900488653148372
"1157",287.25,0.575,1,0.879516925902204
"1158",287.5,0.575,1,0.85747643457503
"1159",287.75,0.575,1,0.833816810218292
"1160",288,0.575,1,0.812054295543486
"1161",288.25,0.575,1,0.784791888478698
"1162",288.5,0.575,1,0.760189202617727
"1163",288.75,0.575,1,0.733741149279775
"1164",289,0.575,1,0.695692369756947
"1165",289.25,0.575,1,0.660625812501143
"1166",289.5,0.575,1,0.63400080721714
"1167",289.75,0.575,1,0.590927817795212
"1168",290,0.575,1,0.542840321257895
"1169",290.25,0.575,1,0.514653899844358
"1170",290.5,0.575,1,0.486415050499038
"1171",290.75,0.575,1,0.456611167887186
"1172",291,0.575,1,0.383518579663522
"1173",291.25,0.575,1,0.377110733833082
"1174",291.5,0.575,1,0.321712553284411
"1175",291.75,0.575,1,0.258699047459635
"1176",292,0.575,1,0.216558235748808
"1177",280,0.6,1,1.08073921385358
"1178",280.25,0.6,1,1.09243484227747
"1179",280.5,0.6,1,1.10502172644729
"1180",280.75,0.6,1,1.11596844798126
"1181",281,0.6,1,1.12350680372268
"1182",281.25,0.6,1,1.12742615982065
"1183",281.5,0.6,1,1.1288829262273
"1184",281.75,0.6,1,1.12841141427675
"1185",282,0.6,1,1.12678125355252
"1186",282.25,0.6,1,1.12430079393755
"1187",282.5,0.6,1,1.12113892044558
"1188",282.75,0.6,1,1.11712226753049
"1189",283,0.6,1,1.11262832999105
"1190",283.25,0.6,1,1.10729721907872
"1191",283.5,0.6,1,1.10122832487103
"1192",283.75,0.6,1,1.0943975202444
"1193",284,0.6,1,1.08671793165393
"1194",284.25,0.6,1,1.07831487002849
"1195",284.5,0.6,1,1.0689223014238
"1196",284.75,0.6,1,1.05866547967601
"1197",285,0.6,1,1.04737790116224
"1198",285.25,0.6,1,1.03512088725735
"1199",285.5,0.6,1,1.02198680802092
"1200",285.75,0.6,1,1.00792765058844
"1201",286,0.6,1,0.992455048110534
"1202",286.25,0.6,1,0.976342543642176
"1203",286.5,0.6,1,0.95927725582129
"1204",286.75,0.6,1,0.940188181308454
"1205",287,0.6,1,0.920973025267477
"1206",287.25,0.6,1,0.900618829804849
"1207",287.5,0.6,1,0.879217071866333
"1208",287.75,0.6,1,0.856686701053638
"1209",288,0.6,1,0.832672032314415
"1210",288.25,0.6,1,0.807635350638533
"1211",288.5,0.6,1,0.780417238968362
"1212",288.75,0.6,1,0.756475672699476
"1213",289,0.6,1,0.724132927465267
"1214",289.25,0.6,1,0.696102459760652
"1215",289.5,0.6,1,0.665097132615538
"1216",289.75,0.6,1,0.629368173018024
"1217",290,0.6,1,0.587093319826499
"1218",290.25,0.6,1,0.557795904476671
"1219",290.5,0.6,1,0.506899439556872
"1220",290.75,0.6,1,0.477498266813591
"1221",291,0.6,1,0.447559107323351
"1222",291.25,0.6,1,0.375132492410728
"1223",291.5,0.6,1,0.370286620013556
"1224",291.75,0.6,1,0.316405995359659
"1225",292,0.6,1,0.25468706868964
"1226",280,0.625,1,1.12294804708119
"1227",280.25,0.625,1,1.13370295416678
"1228",280.5,0.625,1,1.14047792700977
"1229",280.75,0.625,1,1.14410217143275
"1230",281,0.625,1,1.14558777145858
"1231",281.25,0.625,1,1.14568558217071
"1232",281.5,0.625,1,1.14492205658962
"1233",281.75,0.625,1,1.14354651599832
"1234",282,0.625,1,1.14161093200245
"1235",282.25,0.625,1,1.1391412323785
"1236",282.5,0.625,1,1.13609015984788
"1237",282.75,0.625,1,1.1322876552556
"1238",283,0.625,1,1.12798634038983
"1239",283.25,0.625,1,1.12284848632976
"1240",283.5,0.625,1,1.11704428395385
"1241",283.75,0.625,1,1.11045629005846
"1242",284,0.625,1,1.10294578286113
"1243",284.25,0.625,1,1.09470519701625
"1244",284.5,0.625,1,1.08553611294074
"1245",284.75,0.625,1,1.07550092035355
"1246",285,0.625,1,1.06446057018836
"1247",285.25,0.625,1,1.05248133964746
"1248",285.5,0.625,1,1.03954751004857
"1249",285.75,0.625,1,1.02544954646157
"1250",286,0.625,1,1.01057540975525
"1251",286.25,0.625,1,0.994504133013278
"1252",286.5,0.625,1,0.9771919715878
"1253",286.75,0.625,1,0.959521603111747
"1254",287,0.625,1,0.939996643854908
"1255",287.25,0.625,1,0.919137567778562
"1256",287.5,0.625,1,0.898397875486462
"1257",287.75,0.625,1,0.874655618074639
"1258",288,0.625,1,0.851606103400506
"1259",288.25,0.625,1,0.827366097861082
"1260",288.5,0.625,1,0.8015579386407
"1261",288.75,0.625,1,0.774456435514434
"1262",289,0.625,1,0.744843192875723
"1263",289.25,0.625,1,0.719840000128543
"1264",289.5,0.625,1,0.683887737188903
"1265",289.75,0.625,1,0.653744323555526
"1266",290,0.625,1,0.619756765805167
"1267",290.25,0.625,1,0.579692276337435
"1268",290.5,0.625,1,0.552129342868066
"1269",290.75,0.625,1,0.499899837909131
"1270",291,0.625,1,0.469244581528658
"1271",291.25,0.625,1,0.438851351686468
"1272",291.5,0.625,1,0.366860662381186
"1273",291.75,0.625,1,0.312304432905437
"1274",292,0.625,1,0.310958980683647
"1275",280,0.65,1,1.15173744080948
"1276",280.25,0.65,1,1.15543845335917
"1277",280.5,0.65,1,1.15721709418519
"1278",280.75,0.65,1,1.15812388487528
"1279",281,0.65,1,1.15828949166104
"1280",281.25,0.65,1,1.15808456927629
"1281",281.5,0.65,1,1.15729423264385
"1282",281.75,0.65,1,1.1560345656431
"1283",282,0.65,1,1.15429102652007
"1284",282.25,0.65,1,1.1518693820819
"1285",282.5,0.65,1,1.14902861404231
"1286",282.75,0.65,1,1.14543555471087
"1287",283,0.65,1,1.14134515626956
"1288",283.25,0.65,1,1.13643607373735
"1289",283.5,0.65,1,1.13080688125154
"1290",283.75,0.65,1,1.12443545245302
"1291",284,0.65,1,1.11713710583604
"1292",284.25,0.65,1,1.10911539776881
"1293",284.5,0.65,1,1.10016871169066
"1294",284.75,0.65,1,1.09027134483648
"1295",285,0.65,1,1.07945692299236
"1296",285.25,0.65,1,1.06770632093644
"1297",285.5,0.65,1,1.0550371103364
"1298",285.75,0.65,1,1.04126620857149
"1299",286,0.65,1,1.02652167203962
"1300",286.25,0.65,1,1.01043681268057
"1301",286.5,0.65,1,0.993518897435555
"1302",286.75,0.65,1,0.97557891582261
"1303",287,0.65,1,0.956596714831739
"1304",287.25,0.65,1,0.936410895561141
"1305",287.5,0.65,1,0.915057090131905
"1306",287.75,0.65,1,0.894002602283306
"1307",288,0.65,1,0.870278720445738
"1308",288.25,0.65,1,0.844623765522762
"1309",288.5,0.65,1,0.820231833486516
"1310",288.75,0.65,1,0.794619157671466
"1311",289,0.65,1,0.767361235237897
"1312",289.25,0.65,1,0.738595427429449
"1313",289.5,0.65,1,0.706756775704546
"1314",289.75,0.65,1,0.680538186928154
"1315",290,0.65,1,0.640586399858032
"1316",290.25,0.65,1,0.607570626057332
"1317",290.5,0.65,1,0.5692965472143
"1318",290.75,0.65,1,0.544385600133431
"1319",291,0.65,1,0.492835034198523
"1320",291.25,0.65,1,0.461517031212596
"1321",291.5,0.65,1,0.397288137376077
"1322",291.75,0.65,1,0.35899514428411
"1323",292,0.65,1,0.305105633567528
"1324",280,0.675,1,1.16479865292887
"1325",280.25,0.675,1,1.16641361456077
"1326",280.5,0.675,1,1.16738821634358
"1327",280.75,0.675,1,1.16810037518422
"1328",281,0.675,1,1.16830862724262
"1329",281.25,0.675,1,1.1681231061091
"1330",281.5,0.675,1,1.16751105029252
"1331",281.75,0.675,1,1.1664494742131
"1332",282,0.675,1,1.16489478317708
"1333",282.25,0.675,1,1.16281020761907
"1334",282.5,0.675,1,1.16003270475716
"1335",282.75,0.675,1,1.15678500503141
"1336",283,0.675,1,1.1527613519901
"1337",283.25,0.675,1,1.14805933586692
"1338",283.5,0.675,1,1.14263979698549
"1339",283.75,0.675,1,1.13645574184436
"1340",284,0.675,1,1.12936842310274
"1341",284.25,0.675,1,1.121569476272
"1342",284.5,0.675,1,1.11278021961734
"1343",284.75,0.675,1,1.1031076744269
"1344",285,0.675,1,1.09252821404098
"1345",285.25,0.675,1,1.08102047087888
"1346",285.5,0.675,1,1.06844273919794
"1347",285.75,0.675,1,1.05488632837404
"1348",286,0.675,1,1.04038122638075
"1349",286.25,0.675,1,1.02464311883028
"1350",286.5,0.675,1,1.00808515630249
"1351",286.75,0.675,1,0.990089227683167
"1352",287,0.675,1,0.971588985004131
"1353",287.25,0.675,1,0.952113598982823
"1354",287.5,0.675,1,0.930587665103501
"1355",287.75,0.675,1,0.908905575946593
"1356",288,0.675,1,0.886008612045862
"1357",288.25,0.675,1,0.86182873912662
"1358",288.5,0.675,1,0.835942801281904
"1359",288.75,0.675,1,0.811696296441341
"1360",289,0.675,1,0.781853374769203
"1361",289.25,0.675,1,0.754399924178915
"1362",289.5,0.675,1,0.724892485144641
"1363",289.75,0.675,1,0.692692897473575
"1364",290,0.675,1,0.667015419286453
"1365",290.25,0.675,1,0.626825749788433
"1366",290.5,0.675,1,0.594574406486782
"1367",290.75,0.675,1,0.557507497784067
"1368",291,0.675,1,0.512953834840999
"1369",291.25,0.675,1,0.48510136283987
"1370",291.5,0.675,1,0.423562639461651
"1371",291.75,0.675,1,0.389642994947994
"1372",292,0.675,1,0.351565854807903
"1373",280,0.7,1,1.17269250459334
"1374",280.25,0.7,1,1.1741642168614
"1375",280.5,0.7,1,1.17521569327434
"1376",280.75,0.7,1,1.17605984895111
"1377",281,0.7,1,1.17643708606284
"1378",281.25,0.7,1,1.17642079920207
"1379",281.5,0.7,1,1.175987640745
"1380",281.75,0.7,1,1.17510896954797
"1381",282,0.7,1,1.17373865637452
"1382",282.25,0.7,1,1.17171556464079
"1383",282.5,0.7,1,1.1692564599801
"1384",282.75,0.7,1,1.16606317470801
"1385",283,0.7,1,1.16223532483397
"1386",283.25,0.7,1,1.15773210873825
"1387",283.5,0.7,1,1.15249886711106
"1388",283.75,0.7,1,1.14652934507518
"1389",284,0.7,1,1.13975448227136
"1390",284.25,0.7,1,1.13203073399505
"1391",284.5,0.7,1,1.12345551618817
"1392",284.75,0.7,1,1.11406684397055
"1393",285,0.7,1,1.10370143239699
"1394",285.25,0.7,1,1.09228157150956
"1395",285.5,0.7,1,1.07996458925591
"1396",285.75,0.7,1,1.06653368007553
"1397",286,0.7,1,1.0521964912494
"1398",286.25,0.7,1,1.03697370047724
"1399",286.5,0.7,1,1.02045872825561
"1400",286.75,0.7,1,1.00301544756389
"1401",287,0.7,1,0.984414293384767
"1402",287.25,0.7,1,0.964702856888864
"1403",287.5,0.7,1,0.943687195518626
"1404",287.75,0.7,1,0.922696371354375
"1405",288,0.7,1,0.899222824095801
"1406",288.25,0.7,1,0.876039209942417
"1407",288.5,0.7,1,0.851620848248182
"1408",288.75,0.7,1,0.825814078119102
"1409",289,0.7,1,0.798062817926007
"1410",289.25,0.7,1,0.772775322955629
"1411",289.5,0.7,1,0.740066337002155
"1412",289.75,0.7,1,0.710433139005239
"1413",290,0.7,1,0.678181928346829
"1414",290.25,0.7,1,0.65314948333497
"1415",290.5,0.7,1,0.613052437030914
"1416",290.75,0.7,1,0.58155545377991
"1417",291,0.7,1,0.545512873364015
"1418",291.25,0.7,1,0.502541995600039
"1419",291.5,0.7,1,0.476698736933037
"1420",291.75,0.7,1,0.416240012284108
"1421",292,0.7,1,0.382518321445843
"1422",280,0.725,1,1.17854667292948
"1423",280.25,0.725,1,1.18014757774877
"1424",280.5,0.725,1,1.18133898818591
"1425",280.75,0.725,1,1.1822157757987
"1426",281,0.725,1,1.1827388743912
"1427",281.25,0.725,1,1.18288166761143
"1428",281.5,0.725,1,1.18261375658515
"1429",281.75,0.725,1,1.1819017997918
"1430",282,0.725,1,1.180699913324
"1431",282.25,0.725,1,1.17885226932417
"1432",282.5,0.725,1,1.17656417376693
"1433",282.75,0.725,1,1.17355683934929
"1434",283,0.725,1,1.16990789495676
"1435",283.25,0.725,1,1.165587549472
"1436",283.5,0.725,1,1.16054032593006
"1437",283.75,0.725,1,1.15474368728591
"1438",284,0.725,1,1.14803937491421
"1439",284.25,0.725,1,1.14063003261952
"1440",284.5,0.725,1,1.13225370525276
"1441",284.75,0.725,1,1.12296357384566
"1442",285,0.725,1,1.11285581349979
"1443",285.25,0.725,1,1.10165528327738
"1444",285.5,0.725,1,1.0895577059872
"1445",285.75,0.725,1,1.07648429517305
"1446",286,0.725,1,1.06218042936545
"1447",286.25,0.725,1,1.04702217263723
"1448",286.5,0.725,1,1.03087669436052
"1449",286.75,0.725,1,1.01365269259369
"1450",287,0.725,1,0.995093209672376
"1451",287.25,0.725,1,0.975851035767534
"1452",287.5,0.725,1,0.95551440565993
"1453",287.75,0.725,1,0.934210763131752
"1454",288,0.725,1,0.911673159136283
"1455",288.25,0.725,1,0.887683701534539
"1456",288.5,0.725,1,0.864427854300627
"1457",288.75,0.725,1,0.837198257351628
"1458",289,0.725,1,0.811075002188852
"1459",289.25,0.725,1,0.782994817177604
"1460",289.5,0.725,1,0.757996596990036
"1461",289.75,0.725,1,0.725011126018246
"1462",290,0.725,1,0.695712011410348
"1463",290.25,0.725,1,0.663624204310436
"1464",290.5,0.725,1,0.627073742579686
"1465",290.75,0.725,1,0.599663106816934
"1466",291,0.725,1,0.568955810020879
"1467",291.25,0.725,1,0.53386161910201
"1468",291.5,0.725,1,0.492243534190163
"1469",291.75,0.725,1,0.439882514897438
"1470",292,0.725,1,0.409120848414076
"1471",280,0.75,1,1.18264506161382
"1472",280.25,0.75,1,1.18435472536265
"1473",280.5,0.75,1,1.18567191350408
"1474",280.75,0.75,1,1.18668175696525
"1475",281,0.75,1,1.18734827298355
"1476",281.25,0.75,1,1.18763778425271
"1477",281.5,0.75,1,1.18751122308757
"1478",281.75,0.75,1,1.18693565013982
"1479",282,0.75,1,1.18577104410791
"1480",282.25,0.75,1,1.18419927924169
"1481",282.5,0.75,1,1.18195676241887
"1482",282.75,0.75,1,1.17911226834945
"1483",283,0.75,1,1.17563198455391
"1484",283.25,0.75,1,1.17147618918959
"1485",283.5,0.75,1,1.16661530216476
"1486",283.75,0.75,1,1.16098200835343
"1487",284,0.75,1,1.15457791366728
"1488",284.25,0.75,1,1.14724476652599
"1489",284.5,0.75,1,1.13914662892777
"1490",284.75,0.75,1,1.13005275505418
"1491",285,0.75,1,1.12004952364576
"1492",285.25,0.75,1,1.10911250510993
"1493",285.5,0.75,1,1.09712312066934
"1494",285.75,0.75,1,1.08418347848357
"1495",286,0.75,1,1.07026434521233
"1496",286.25,0.75,1,1.05531495863648
"1497",286.5,0.75,1,1.0391178513742
"1498",286.75,0.75,1,1.0223118762462
"1499",287,0.75,1,1.00417814483413
"1500",287.25,0.75,1,0.984803782005797
"1501",287.5,0.75,1,0.965085300348425
"1502",287.75,0.75,1,0.943359313060029
"1503",288,0.75,1,0.921640627648461
"1504",288.25,0.75,1,0.898724319461521
"1505",288.5,0.75,1,0.874677759316089
"1506",288.75,0.75,1,0.849039734813219
"1507",289,0.75,1,0.824656201790928
"1508",289.25,0.75,1,0.795018223683556
"1509",289.5,0.75,1,0.766982165438718
"1510",289.75,0.75,1,0.736158479645276
"1511",290,0.75,1,0.709690871874494
"1512",290.25,0.75,1,0.680929836433453
"1513",290.5,0.75,1,0.649349318923989
"1514",290.75,0.75,1,0.613445868257647
"1515",291,0.75,1,0.570318033700675
"1516",291.25,0.75,1,0.538292759436637
"1517",291.5,0.75,1,0.500801510239423
"1518",291.75,0.75,1,0.482386705404901
"1519",292,0.75,1,0.431747696899894
"1520",280,0.775,1,1.18508691153606
"1521",280.25,0.775,1,1.18680190610536
"1522",280.5,0.775,1,1.18824157677244
"1523",280.75,0.775,1,1.18945812098264
"1524",281,0.775,1,1.1901348266309
"1525",281.25,0.775,1,1.19053511111602
"1526",281.5,0.775,1,1.19053659179635
"1527",281.75,0.775,1,1.19009342085689
"1528",282,0.775,1,1.18906485625948
"1529",282.25,0.775,1,1.18761491295456
"1530",282.5,0.775,1,1.18551381291462
"1531",282.75,0.775,1,1.18282490464046
"1532",283,0.775,1,1.17949598209693
"1533",283.25,0.775,1,1.175490356474
"1534",283.5,0.775,1,1.17078433854609
"1535",283.75,0.775,1,1.16533070858674
"1536",284,0.775,1,1.15908198175708
"1537",284.25,0.775,1,1.15192459816481
"1538",284.5,0.775,1,1.14391505793597
"1539",284.75,0.775,1,1.13508890656084
"1540",285,0.775,1,1.12528612394942
"1541",285.25,0.775,1,1.11455343893821
"1542",285.5,0.775,1,1.10273976949732
"1543",285.75,0.775,1,1.09002386041091
"1544",286,0.775,1,1.07622589547696
"1545",286.25,0.775,1,1.06151815859941
"1546",286.5,0.775,1,1.04572884850244
"1547",286.75,0.775,1,1.02894601336222
"1548",287,0.775,1,1.01109223239115
"1549",287.25,0.775,1,0.992313286494583
"1550",287.5,0.775,1,0.972438048038088
"1551",287.75,0.775,1,0.951412007712971
"1552",288,0.775,1,0.929235628476704
"1553",288.25,0.775,1,0.907269770240445
"1554",288.5,0.775,1,0.882387519200172
"1555",288.75,0.775,1,0.858000707242511
"1556",289,0.775,1,0.832050440419358
"1557",289.25,0.775,1,0.804026761329921
"1558",289.5,0.775,1,0.778235141815733
"1559",289.75,0.775,1,0.750555066029501
"1560",290,0.775,1,0.720118051981679
"1561",290.25,0.775,1,0.685481439014136
"1562",290.5,0.775,1,0.65629378366883
"1563",290.75,0.775,1,0.623401699199335
"1564",291,0.775,1,0.585231335114134
"1565",291.25,0.775,1,0.55833785581377
"1566",291.5,0.775,1,0.527318539867209
"1567",291.75,0.775,1,0.490879492124262
"1568",292,0.775,1,0.446819410532652
"1569",280,0.8,1,1.18574191512036
"1570",280.25,0.8,1,1.18753787457252
"1571",280.5,0.8,1,1.18905418871489
"1572",280.75,0.8,1,1.19027155643255
"1573",281,0.8,1,1.19115731190303
"1574",281.25,0.8,1,1.19166399967028
"1575",281.5,0.8,1,1.19175901508534
"1576",281.75,0.8,1,1.19132972476179
"1577",282,0.8,1,1.19051796513409
"1578",282.25,0.8,1,1.18909762334698
"1579",282.5,0.8,1,1.18720351045862
"1580",282.75,0.8,1,1.18463830890276
"1581",283,0.8,1,1.18145174029227
"1582",283.25,0.8,1,1.17759206747741
"1583",283.5,0.8,1,1.17302442127472
"1584",283.75,0.8,1,1.16762605268283
"1585",284,0.8,1,1.1615516271563
"1586",284.25,0.8,1,1.15456245386768
"1587",284.5,0.8,1,1.14679731812862
"1588",284.75,0.8,1,1.13809588492598
"1589",285,0.8,1,1.12845605536352
"1590",285.25,0.8,1,1.11792223644242
"1591",285.5,0.8,1,1.10641311641864
"1592",285.75,0.8,1,1.09384730004988
"1593",286,0.8,1,1.08031377627479
"1594",286.25,0.8,1,1.06581276453331
"1595",286.5,0.8,1,1.05018471090362
"1596",286.75,0.8,1,1.03369100589068
"1597",287,0.8,1,1.01589619364298
"1598",287.25,0.8,1,0.997575543623123
"1599",287.5,0.8,1,0.978234373014091
"1600",287.75,0.8,1,0.957176641822602
"1601",288,0.8,1,0.935797058520655
"1602",288.25,0.8,1,0.913404827268481
"1603",288.5,0.8,1,0.889695585465383
"1604",288.75,0.8,1,0.864258792933629
"1605",289,0.8,1,0.839955283413218
"1606",289.25,0.8,1,0.814169487005166
"1607",289.5,0.8,1,0.786288923292762
"1608",289.75,0.8,1,0.761063209830223
"1609",290,0.8,1,0.72715688372981
"1610",290.25,0.8,1,0.695896873928284
"1611",290.5,0.8,1,0.670535514190481
"1612",290.75,0.8,1,0.629962040396639
"1613",291,0.8,1,0.595812598901157
"1614",291.25,0.8,1,0.57339042602975
"1615",291.5,0.8,1,0.527715676214927
"1616",291.75,0.8,1,0.495153696036308
"1617",292,0.8,1,0.45597185081732
"1618",280,0.825,1,1.18455342226125
"1619",280.25,0.825,1,1.1864207436884
"1620",280.5,0.825,1,1.18801504867502
"1621",280.75,0.825,1,1.18930402933679
"1622",281,0.825,1,1.19026076051794
"1623",281.25,0.825,1,1.19085733301759
"1624",281.5,0.825,1,1.19097645813425
"1625",281.75,0.825,1,1.19073495903417
"1626",282,0.825,1,1.18994266603064
"1627",282.25,0.825,1,1.18864407530064
"1628",282.5,0.825,1,1.18687972111648
"1629",282.75,0.825,1,1.18444504955864
"1630",283,0.825,1,1.18136936283134
"1631",283.25,0.825,1,1.17764696654167
"1632",283.5,0.825,1,1.17322931700411
"1633",283.75,0.825,1,1.16796812163203
"1634",284,0.825,1,1.16203761183129
"1635",284.25,0.825,1,1.15522531137079
"1636",284.5,0.825,1,1.14762627696615
"1637",284.75,0.825,1,1.13909878708133
"1638",285,0.825,1,1.12966504246648
"1639",285.25,0.825,1,1.1193051317913
"1640",285.5,0.825,1,1.1079350927893
"1641",285.75,0.825,1,1.09568546833453
"1642",286,0.825,1,1.08227962293197
"1643",286.25,0.825,1,1.06811018799884
"1644",286.5,0.825,1,1.05276265037514
"1645",286.75,0.825,1,1.03640792480212
"1646",287,0.825,1,1.01904322662537
"1647",287.25,0.825,1,1.00060556144569
"1648",287.5,0.825,1,0.981171355994203
"1649",287.75,0.825,1,0.961494932986433
"1650",288,0.825,1,0.940015557017808
"1651",288.25,0.825,1,0.917014543892424
"1652",288.5,0.825,1,0.894370667440223
"1653",288.75,0.825,1,0.870506921578259
"1654",289,0.825,1,0.845053358754641
"1655",289.25,0.825,1,0.821067259583615
"1656",289.5,0.825,1,0.791199963089169
"1657",289.75,0.825,1,0.762742533140832
"1658",290,0.825,1,0.737965552617689
"1659",290.25,0.825,1,0.702478524101753
"1660",290.5,0.825,1,0.680634775748589
"1661",290.75,0.825,1,0.645504190942352
"1662",291,0.825,1,0.617097914861517
"1663",291.25,0.825,1,0.58419352684918
"1664",291.5,0.825,1,0.544777308402044
"1665",291.75,0.825,1,0.518386147668614
"1666",292,0.825,1,0.486833691993142
"1667",280,0.85,1,1.18136653317121
"1668",280.25,0.85,1,1.18326939922836
"1669",280.5,0.85,1,1.18490118205631
"1670",280.75,0.85,1,1.18623777241022
"1671",281,0.85,1,1.18724998032441
"1672",281.25,0.85,1,1.18790391962613
"1673",281.5,0.85,1,1.18810688188694
"1674",281.75,0.85,1,1.18796055353766
"1675",282,0.85,1,1.18727541530355
"1676",282.25,0.85,1,1.18607678448251
"1677",282.5,0.85,1,1.18443934117949
"1678",282.75,0.85,1,1.18216485350328
"1679",283,0.85,1,1.17923625865419
"1680",283.25,0.85,1,1.1756712505071
"1681",283.5,0.85,1,1.17135258018042
"1682",283.75,0.85,1,1.16633152620178
"1683",284,0.85,1,1.16054621300415
"1684",284.25,0.85,1,1.15388469178639
"1685",284.5,0.85,1,1.14647603542939
"1686",284.75,0.85,1,1.13811405044798
"1687",285,0.85,1,1.12886621592258
"1688",285.25,0.85,1,1.11868865924852
"1689",285.5,0.85,1,1.10758316495927
"1690",285.75,0.85,1,1.09548245431922
"1691",286,0.85,1,1.0823604895367
"1692",286.25,0.85,1,1.06830334257229
"1693",286.5,0.85,1,1.05321967024233
"1694",286.75,0.85,1,1.03693058545699
"1695",287,0.85,1,1.01994749103884
"1696",287.25,0.85,1,1.00203108798283
"1697",287.5,0.85,1,0.982471372691174
"1698",287.75,0.85,1,0.962598850800954
"1699",288,0.85,1,0.941737245885772
"1700",288.25,0.85,1,0.919771826350655
"1701",288.5,0.85,1,0.896406499486426
"1702",288.75,0.85,1,0.873915371285529
"1703",289,0.85,1,0.85023282223436
"1704",289.25,0.85,1,0.825071036610344
"1705",289.5,0.85,1,0.797756021208501
"1706",289.75,0.85,1,0.76682262337186
"1707",290,0.85,1,0.738117893845242
"1708",290.25,0.85,1,0.713979372666113
"1709",290.5,0.85,1,0.687066134827378
"1710",290.75,0.85,1,0.656356159423
"1711",291,0.85,1,0.619860647841512
"1712",291.25,0.85,1,0.59115557026593
"1713",291.5,0.85,1,0.556973950839577
"1714",291.75,0.85,1,0.514906650574149
"1715",292,0.85,1,0.487687589482481
"1716",280,0.875,1,1.17611608427329
"1717",280.25,0.875,1,1.17800599521872
"1718",280.5,0.875,1,1.17964365451968
"1719",280.75,0.875,1,1.18099632748903
"1720",281,0.875,1,1.18202526438712
"1721",281.25,0.875,1,1.18266067948841
"1722",281.5,0.875,1,1.18299636490959
"1723",281.75,0.875,1,1.18287159739875
"1724",282,0.875,1,1.18233189640006
"1725",282.25,0.875,1,1.18125969121989
"1726",282.5,0.875,1,1.17967784228768
"1727",282.75,0.875,1,1.17752172046292
"1728",283,0.875,1,1.17478419687093
"1729",283.25,0.875,1,1.17141651974925
"1730",283.5,0.875,1,1.16733443472895
"1731",283.75,0.875,1,1.16257877994193
"1732",284,0.875,1,1.15695782046826
"1733",284.25,0.875,1,1.15058855346814
"1734",284.5,0.875,1,1.14331918702973
"1735",284.75,0.875,1,1.13516986809926
"1736",285,0.875,1,1.12610705312535
"1737",285.25,0.875,1,1.11614716447486
"1738",285.5,0.875,1,1.10523357018763
"1739",285.75,0.875,1,1.09333414801309
"1740",286,0.875,1,1.08034978206347
"1741",286.25,0.875,1,1.06649611647451
"1742",286.5,0.875,1,1.05144529541991
"1743",286.75,0.875,1,1.03572426791058
"1744",287,0.875,1,1.01871394837757
"1745",287.25,0.875,1,1.00062087292476
"1746",287.5,0.875,1,0.982270253476756
"1747",287.75,0.875,1,0.962244243493924
"1748",288,0.875,1,0.94220653756484
"1749",288.25,0.875,1,0.919887758296438
"1750",288.5,0.875,1,0.89785843891678
"1751",288.75,0.875,1,0.874566066086294
"1752",289,0.875,1,0.849575382162868
"1753",289.25,0.875,1,0.826129183682746
"1754",289.5,0.875,1,0.800979085149462
"1755",289.75,0.875,1,0.773375576457619
"1756",290,0.875,1,0.741737826819807
"1757",290.25,0.875,1,0.713023824825633
"1758",290.5,0.875,1,0.689714687711985
"1759",290.75,0.875,1,0.65144422860485
"1760",291,0.875,1,0.618091066107197
"1761",291.25,0.875,1,0.593974518279098
"1762",291.5,0.875,1,0.564827880658473
"1763",291.75,0.875,1,0.529071560870912
"1764",292,0.875,1,0.483874942917138
"1765",280,0.9,1,1.16861432918685
"1766",280.25,0.9,1,1.17049089905577
"1767",280.5,0.9,1,1.17210494418961
"1768",280.75,0.9,1,1.17343521454972
"1769",281,0.9,1,1.1744175475648
"1770",281.25,0.9,1,1.17511552727671
"1771",281.5,0.9,1,1.17542023565887
"1772",281.75,0.9,1,1.17537855751722
"1773",282,0.9,1,1.17487370747333
"1774",282.25,0.9,1,1.17391719784373
"1775",282.5,0.9,1,1.17246265052903
"1776",282.75,0.9,1,1.17051807559442
"1777",283,0.9,1,1.16792638958119
"1778",283.25,0.9,1,1.16476092536609
"1779",283.5,0.9,1,1.16096070470291
"1780",283.75,0.9,1,1.15646507150778
"1781",284,0.9,1,1.15120238719819
"1782",284.25,0.9,1,1.145195237774
"1783",284.5,0.9,1,1.13830335705674
"1784",284.75,0.9,1,1.13052326168785
"1785",285,0.9,1,1.12178633214796
"1786",285.25,0.9,1,1.11203790386272
"1787",285.5,0.9,1,1.10134332315643
"1788",285.75,0.9,1,1.08962055266113
"1789",286,0.9,1,1.0768344689907
"1790",286.25,0.9,1,1.06313444915958
"1791",286.5,0.9,1,1.04835231697501
"1792",286.75,0.9,1,1.03255519349972
"1793",287,0.9,1,1.01535043990821
"1794",287.25,0.9,1,0.997640463687933
"1795",287.5,0.9,1,0.979028540035148
"1796",287.75,0.9,1,0.959480743392145
"1797",288,0.9,1,0.93897989408395
"1798",288.25,0.9,1,0.917302726372395
"1799",288.5,0.9,1,0.896487939788432
"1800",288.75,0.9,1,0.872191651213147
"1801",289,0.9,1,0.848903957202998
"1802",289.25,0.9,1,0.823769591407113
"1803",289.5,0.9,1,0.800923827034571
"1804",289.75,0.9,1,0.770229526879327
"1805",290,0.9,1,0.741312448951643
"1806",290.25,0.9,1,0.716605579211282
"1807",290.5,0.9,1,0.688085141218818
"1808",290.75,0.9,1,0.653843093871347
"1809",291,0.9,1,0.62606461366065
"1810",291.25,0.9,1,0.59190319180965
"1811",291.5,0.9,1,0.568190824355865
"1812",291.75,0.9,1,0.538368957137343
"1813",292,0.9,1,0.500558082266663
"1814",280,0.925,1,1.15873575701282
"1815",280.25,0.925,1,1.16053486498112
"1816",280.5,0.925,1,1.16205917234372
"1817",280.75,0.925,1,1.16334171098904
"1818",281,0.925,1,1.16434278387123
"1819",281.25,0.925,1,1.16500645312044
"1820",281.5,0.925,1,1.1653602666346
"1821",281.75,0.925,1,1.16530786634549
"1822",282,0.925,1,1.16485332126075
"1823",282.25,0.925,1,1.16397348554321
"1824",282.5,0.925,1,1.16267090385471
"1825",282.75,0.925,1,1.16087128378654
"1826",283,0.925,1,1.15855911045261
"1827",283.25,0.925,1,1.15566904178423
"1828",283.5,0.925,1,1.15219554944266
"1829",283.75,0.925,1,1.14809715722294
"1830",284,0.925,1,1.14334196583195
"1831",284.25,0.925,1,1.13786588734696
"1832",284.5,0.925,1,1.13155977622951
"1833",284.75,0.925,1,1.12437049236674
"1834",285,0.925,1,1.11620367616977
"1835",285.25,0.925,1,1.10693179135367
"1836",285.5,0.925,1,1.09648676735127
"1837",285.75,0.925,1,1.08494677384224
"1838",286,0.925,1,1.07228403034881
"1839",286.25,0.925,1,1.05856198524473
"1840",286.5,0.925,1,1.04378648711605
"1841",286.75,0.925,1,1.02799258866648
"1842",287,0.925,1,1.01102548082865
"1843",287.25,0.925,1,0.992711028354291
"1844",287.5,0.925,1,0.974532416718791
"1845",287.75,0.925,1,0.954232748273395
"1846",288,0.925,1,0.934500429602087
"1847",288.25,0.925,1,0.913897316038681
"1848",288.5,0.925,1,0.892343430789517
"1849",288.75,0.925,1,0.869574643529514
"1850",289,0.925,1,0.84490160126369
"1851",289.25,0.925,1,0.822104349520219
"1852",289.5,0.925,1,0.797303727314812
"1853",289.75,0.925,1,0.769339184908923
"1854",290,0.925,1,0.744559409772302
"1855",290.25,0.925,1,0.715891984049581
"1856",290.5,0.925,1,0.681141924498155
"1857",290.75,0.925,1,0.651128848867788
"1858",291,0.925,1,0.629120451260203
"1859",291.25,0.925,1,0.601543638888662
"1860",291.5,0.925,1,0.566251451495822
"1861",291.75,0.925,1,0.54281548754073
"1862",292,0.925,1,0.48617405528748
"1863",280,0.95,1,1.14614025344334
"1864",280.25,0.95,1,1.14784179673555
"1865",280.5,0.95,1,1.14933377146617
"1866",280.75,0.95,1,1.15055525169559
"1867",281,0.95,1,1.15150441373129
"1868",281.25,0.95,1,1.15213637452266
"1869",281.5,0.95,1,1.15247322794351
"1870",281.75,0.95,1,1.15245010749035
"1871",282,0.95,1,1.15207165862102
"1872",282.25,0.95,1,1.15130723103383
"1873",282.5,0.95,1,1.1501405400161
"1874",282.75,0.95,1,1.14858140988411
"1875",283,0.95,1,1.14657896655743
"1876",283.25,0.95,1,1.1440970018403
"1877",283.5,0.95,1,1.14118619172392
"1878",283.75,0.95,1,1.13770190487895
"1879",284,0.95,1,1.13362487424113
"1880",284.25,0.95,1,1.12888553432579
"1881",284.5,0.95,1,1.12328444679562
"1882",284.75,0.95,1,1.1167363177874
"1883",285,0.95,1,1.10913431563644
"1884",285.25,0.95,1,1.10036418470499
"1885",285.5,0.95,1,1.09040788496964
"1886",285.75,0.95,1,1.0791291442403
"1887",286,0.95,1,1.06654074100779
"1888",286.25,0.95,1,1.05287882636092
"1889",286.5,0.95,1,1.03797754241637
"1890",286.75,0.95,1,1.02224791590853
"1891",287,0.95,1,1.00528015501127
"1892",287.25,0.95,1,0.987271462192818
"1893",287.5,0.95,1,0.968304795258103
"1894",287.75,0.95,1,0.948435765138221
"1895",288,0.95,1,0.927601771088193
"1896",288.25,0.95,1,0.905540594216032
"1897",288.5,0.95,1,0.885234363913369
"1898",288.75,0.95,1,0.860212075357586
"1899",289,0.95,1,0.837018635547023
"1900",289.25,0.95,1,0.811433171348019
"1901",289.5,0.95,1,0.789204968963114
"1902",289.75,0.95,1,0.764190370204296
"1903",290,0.95,1,0.73492452269411
"1904",290.25,0.95,1,0.710203322980521
"1905",290.5,0.95,1,0.680103242113005
"1906",290.75,0.95,1,0.656610907963128
"1907",291,0.95,1,0.626694115527001
"1908",291.25,0.95,1,0.587485943656192
"1909",291.5,0.95,1,0.557515681149274
"1910",291.75,0.95,1,0.51719643263782
"1911",292,0.95,1,0.49128010227403
"1912",280,0.975,1,1.13092327181496
"1913",280.25,0.975,1,1.13239383925071
"1914",280.5,0.975,1,1.13367362482846
"1915",280.75,0.975,1,1.13477045158442
"1916",281,0.975,1,1.13564002812776
"1917",281.25,0.975,1,1.13621801085909
"1918",281.5,0.975,1,1.13652453678331
"1919",281.75,0.975,1,1.13653275701233
"1920",282,0.975,1,1.13625444382326
"1921",282.25,0.975,1,1.13567818508212
"1922",282.5,0.975,1,1.13475550207515
"1923",282.75,0.975,1,1.13352598446027
"1924",283,0.975,1,1.13203687153182
"1925",283.25,0.975,1,1.13020629945918
"1926",283.5,0.975,1,1.12795767758803
"1927",283.75,0.975,1,1.12512171419338
"1928",284,0.975,1,1.12159260956075
"1929",284.25,0.975,1,1.11717318595393
"1930",284.5,0.975,1,1.11182354651523
"1931",284.75,0.975,1,1.10528302984497
"1932",285,0.975,1,1.09783048592552
"1933",285.25,0.975,1,1.08925776067802
"1934",285.5,0.975,1,1.07958188807833
"1935",285.75,0.975,1,1.06880333238434
"1936",286,0.975,1,1.05676305875931
"1937",286.25,0.975,1,1.04331914324361
"1938",286.5,0.975,1,1.02879662877013
"1939",286.75,0.975,1,1.01329538944095
"1940",287,0.975,1,0.99674829746741
"1941",287.25,0.975,1,0.978429141553655
"1942",287.5,0.975,1,0.959989576147861
"1943",287.75,0.975,1,0.940556208085706
"1944",288,0.975,1,0.918080892053928
"1945",288.25,0.975,1,0.896880608579336
"1946",288.5,0.975,1,0.874586103307162
"1947",288.75,0.975,1,0.850663446770156
"1948",289,0.975,1,0.830160959626649
"1949",289.25,0.975,1,0.801125933081516
"1950",289.5,0.975,1,0.783061029093768
"1951",289.75,0.975,1,0.753823233756865
"1952",290,0.975,1,0.728818888994872
"1953",290.25,0.975,1,0.69792245674253
"1954",290.5,0.975,1,0.673191942296032
"1955",290.75,0.975,1,0.640889380543666
"1956",291,0.975,1,0.617166277612859
"1957",291.25,0.975,1,0.58428746526413
"1958",291.5,0.975,1,0.56352897842939
"1959",291.75,0.975,1,0.53272069656628
"1960",292,0.975,1,0.488543622721528
"1961",280,1,1,1.11248084958114
"1962",280.25,1,1,1.11386119179878
"1963",280.5,1,1,1.11503867822352
"1964",280.75,1,1,1.11597554964088
"1965",281,1,1,1.11670667650508
"1966",281.25,1,1,1.1171692882659
"1967",281.5,1,1,1.11737902120334
"1968",281.75,1,1,1.11736942182576
"1969",282,1,1,1.11717430843034
"1970",282.25,1,1,1.11681916456357
"1971",282.5,1,1,1.11632891532653
"1972",282.75,1,1,1.11566759286105
"1973",283,1,1,1.11473301353138
"1974",283.25,1,1,1.11333278387046
"1975",283.5,1,1,1.11121206987849
"1976",283.75,1,1,1.10829543397485
"1977",284,1,1,1.10443446641323
"1978",284.25,1,1,1.09973444774148
"1979",284.5,1,1,1.09398000660103
"1980",284.75,1,1,1.0874172074424
"1981",285,1,1,1.08006918513836
"1982",285.25,1,1,1.07180590561755
"1983",285.5,1,1,1.06260644056371
"1984",285.75,1,1,1.05238386137882
"1985",286,1,1,1.04112963213454
"1986",286.25,1,1,1.02866843267284
"1987",286.5,1,1,1.014586226839
"1988",286.75,1,1,0.99930440794937
"1989",287,1,1,0.983343685164596
"1990",287.25,1,1,0.966063227715863
"1991",287.5,1,1,0.94724835780459
"1992",287.75,1,1,0.929164351042246
"1993",288,1,1,0.90831703938538
"1994",288.25,1,1,0.885119095147348
"1995",288.5,1,1,0.864642697985378
"1996",288.75,1,1,0.836855792385971
"1997",289,1,1,0.81253580378332
"1998",289.25,1,1,0.793892774191422
"1999",289.5,1,1,0.762629361775678
"2000",289.75,1,1,0.736033390248547
"2001",290,1,1,0.71676963668302
"2002",290.25,1,1,0.691781584892273
"2003",290.5,1,1,0.658037023720133
"2004",290.75,1,1,0.63286376058415
"2005",291,1,1,0.596172676049116
"2006",291.25,1,1,0.571286060857293
"2007",291.5,1,1,0.532412409778173
"2008",291.75,1,1,0.510346802158105
"2009",292,1,1,0.47296269665743
