"T","kappa","Y","Lambda"
"1",280,0,1,1.42157807023277e-13
"2",280.25,0,1,8.38741181659898e-14
"3",280.5,0,1,4.85294325667063e-14
"4",280.75,0,1,2.75092023078346e-14
"5",281,0,1,1.52614108481576e-14
"6",281.25,0,1,8.27702652980147e-15
"7",281.5,0,1,4.38333295637585e-15
"8",281.75,0,1,2.26380167609342e-15
"9",282,0,1,1.13865607566628e-15
"10",282.25,0,1,5.5698512946017e-16
"11",282.5,0,1,2.64560390888293e-16
"12",282.75,0,1,1.21821158875074e-16
"13",283,0,1,5.42841369187721e-17
"14",283.25,0,1,2.33644613735312e-17
"15",283.5,0,1,9.69374409801277e-18
"16",283.75,0,1,3.868432141731e-18
"17",284,0,1,1.48139001152621e-18
"18",284.25,0,1,5.43000475760744e-19
"19",284.5,0,1,1.89997335159328e-19
"20",284.75,0,1,6.32758708238351e-20
"21",285,0,1,1.99938580328686e-20
"22",285.25,0,1,5.97358672792207e-21
"23",285.5,0,1,1.68129004642824e-21
"24",285.75,0,1,4.43988689645156e-22
"25",286,0,1,1.09528213888069e-22
"26",286.25,0,1,2.51213480805302e-23
"27",286.5,0,1,5.32937488296409e-24
"28",286.75,0,1,1.03986935036463e-24
"29",287,0,1,1.85470663755127e-25
"30",287.25,0,1,3.00360041736617e-26
"31",287.5,0,1,4.38407087511352e-27
"32",287.75,0,1,5.72089939762395e-28
"33",288,0,1,6.61515616949172e-29
"34",288.25,0,1,6.71201289030219e-30
"35",288.5,0,1,5.91161140932856e-31
"36",288.75,0,1,4.46594951228099e-32
"37",289,0,1,2.85582493223966e-33
"38",289.25,0,1,1.52330388834725e-34
"39",289.5,0,1,6.66777047850607e-36
"40",289.75,0,1,2.35185655714686e-37
"41",290,0,1,6.55002290355398e-39
"42",290.25,0,1,1.40794828442164e-40
"43",290.5,0,1,2.27675917150825e-42
"44",290.75,0,1,2.69105960174064e-44
"45",291,0,1,2.25045862773651e-46
"46",291.25,0,1,1.28340048038321e-48
"47",291.5,0,1,4.78615144796924e-51
"48",291.75,0,1,1.1112003354405e-53
"49",292,0,1,1.52473555753076e-56
"50",280,0.025,1,0
"51",280.25,0.025,1,0
"52",280.5,0.025,1,0
"53",280.75,0.025,1,0
"54",281,0.025,1,0
"55",281.25,0.025,1,0
"56",281.5,0.025,1,0
"57",281.75,0.025,1,0
"58",282,0.025,1,0
"59",282.25,0.025,1,0
"60",282.5,0.025,1,0
"61",282.75,0.025,1,0
"62",283,0.025,1,0
"63",283.25,0.025,1,0
"64",283.5,0.025,1,0
"65",283.75,0.025,1,0
"66",284,0.025,1,0
"67",284.25,0.025,1,0
"68",284.5,0.025,1,0
"69",284.75,0.025,1,0
"70",285,0.025,1,0
"71",285.25,0.025,1,0
"72",285.5,0.025,1,0
"73",285.75,0.025,1,0
"74",286,0.025,1,0
"75",286.25,0.025,1,0
"76",286.5,0.025,1,0
"77",286.75,0.025,1,0
"78",287,0.025,1,0
"79",287.25,0.025,1,0
"80",287.5,0.025,1,0
"81",287.75,0.025,1,0
"82",288,0.025,1,0
"83",288.25,0.025,1,0
"84",288.5,0.025,1,0
"85",288.75,0.025,1,0
"86",289,0.025,1,0
"87",289.25,0.025,1,0
"88",289.5,0.025,1,0
"89",289.75,0.025,1,0
"90",290,0.025,1,0
"91",290.25,0.025,1,0
"92",290.5,0.025,1,0
"93",290.75,0.025,1,0
"94",291,0.025,1,0
"95",291.25,0.025,1,0
"96",291.5,0.025,1,0
"97",291.75,0.025,1,9.97392419081845e-14
"98",292,0.025,1,4.34734510588746e-14
"99",280,0.05,1,0.087059582914825
"100",280.25,0.05,1,0.0834141083909126
"101",280.5,0.05,1,0.0798676439231957
"102",280.75,0.05,1,0.0764199335529016
"103",281,0.05,1,0.073070621935007
"104",281.25,0.05,1,0.0698192555554148
"105",281.5,0.05,1,0.066665284175281
"106",281.75,0.05,1,0.0636080624998981
"107",282,0.05,1,0.0606468520686557
"108",282.25,0.05,1,0.0577808233617065
"109",282.5,0.05,1,0.0550090581180727
"110",282.75,0.05,1,0.0523305518590401
"111",283,0.05,1,0.0497442166098035
"112",283.25,0.05,1,0.047248883811462
"113",283.5,0.05,1,0.0448433074146123
"114",283.75,0.05,1,0.042526167144958
"115",284,0.05,1,0.0402960719305638
"116",284.25,0.05,1,0.0381515634796091
"117",284.5,0.05,1,0.036091119996787
"118",284.75,0.05,1,0.0341131600258078
"119",285,0.05,1,0.0322160464048569
"120",285.25,0.05,1,0.0303980903212897
"121",285.5,0.05,1,0.0286575554513603
"122",285.75,0.05,1,0.0269926621703521
"123",286,0.05,1,0.0254015918181979
"124",286.25,0.05,1,0.0238824910052304
"125",286.5,0.05,1,0.0224334759429255
"126",286.75,0.05,1,0.0210526367839463
"127",287,0.05,1,0.0197380419562025
"128",287.25,0.05,1,0.0184877424755615
"129",287.5,0.05,1,0.0172997762221073
"130",287.75,0.05,1,0.0161721721651306
"131",288,0.05,1,0
"132",288.25,0.05,1,0
"133",288.5,0.05,1,0
"134",288.75,0.05,1,0
"135",289,0.05,1,0
"136",289.25,0.05,1,0
"137",289.5,0.05,1,0
"138",289.75,0.05,1,0
"139",290,0.05,1,0
"140",290.25,0.05,1,0
"141",290.5,0.05,1,0
"142",290.75,0.05,1,0
"143",291,0.05,1,0
"144",291.25,0.05,1,0
"145",291.5,0.05,1,0
"146",291.75,0.05,1,0
"147",292,0.05,1,0
"148",280,0.075,1,0.0870431060208026
"149",280.25,0.075,1,0.0833980263385239
"150",280.5,0.075,1,0.0798519691971876
"151",280.75,0.075,1,0.0764046781448033
"152",281,0.075,1,0.0730557972672985
"153",281.25,0.075,1,0.0698048724010817
"154",281.5,0.075,1,0.066651352573244
"155",281.75,0.075,1,0.0635945916670041
"156",282,0.075,1,0.0606338503091342
"157",282.25,0.075,1,0.0577682979752278
"158",282.5,0.075,1,0.0549970153077836
"159",282.75,0.075,1,0.0523189966411891
"160",283,0.075,1,0.0497331527267969
"161",283.25,0.075,1,0.0472383136503894
"162",283.5,0.075,1,0.0448332319334408
"163",283.75,0.075,1,0.0425165858087017
"164",284,0.075,1,0.0402869826597638
"165",284.25,0.075,1,0.0381429626134143
"166",284.5,0.075,1,0.0360830022727706
"167",284.75,0.075,1,0.0341055185784078
"168",285,0.075,1,0.0322088727839644
"169",285.25,0.075,1,0.030391374532049
"170",285.5,0.075,1,0.0286512860156878
"171",285.75,0.075,1,0.0269868262100621
"172",286,0.075,1,0.0253961751589003
"173",286.25,0.075,1,0.0238774782996191
"174",286.5,0.075,1,0.0224288508111686
"175",286.75,0.075,1,0.0210483819685162
"176",287,0.075,1,0.0197341394878253
"177",287.25,0.075,1,0.0184841738466192
"178",287.5,0.075,1,0.0172965225635783
"179",287.75,0.075,1,0.0161692144230781
"180",288,0.075,1,0.0151002736301196
"181",288.25,0.075,1,0.0140877238819241
"182",288.5,0.075,1,0.0131295923431362
"183",288.75,0.075,1,0.012223913512292
"184",289,0.075,1,0.0113687329679468
"185",289.25,0.075,1,0.0105621109836156
"186",289.5,0.075,1,0.00980212600144059
"187",289.75,0.075,1,0.00908687795529803
"188",290,0.075,1,0.00841449143476958
"189",290.25,0.075,1,0.00778311868233629
"190",290.5,0.075,1,0.00719094241679027
"191",290.75,0.075,1,0.00663617847682529
"192",291,0.075,1,0
"193",291.25,0.075,1,0
"194",291.5,0.075,1,0
"195",291.75,0.075,1,0
"196",292,0.075,1,0
"197",280,0.1,1,0.0870214955570059
"198",280.25,0.1,1,0.0833768239235179
"199",280.5,0.1,1,0.0798311979578122
"200",280.75,0.1,1,0.076384361132345
"201",281,0.1,1,0.0730359573226707
"202",281.25,0.1,1,0.0697855320034737
"203",281.5,0.1,1,0.0666325336723905
"204",281.75,0.1,1,0.0635763154996832
"205",282,0.1,1,0.0606161372011908
"206",282.25,0.1,1,0.0577511671309471
"207",282.5,0.1,1,0.0549804845892703
"208",282.75,0.1,1,0.0523030823411412
"209",283,0.1,1,0.0497178693388504
"210",283.25,0.1,1,0.0472236736419667
"211",283.5,0.1,1,0.0448192455267167
"212",283.75,0.1,1,0.0425032607758508
"213",284,0.1,1,0.0402743241390219
"214",284.25,0.1,1,0.0381309729526148
"215",284.5,0.1,1,0.0360716809068579
"216",284.75,0.1,1,0.0340948619469486
"217",285,0.1,1,0.0321988742938497
"218",285.25,0.1,1,0.0303820245694175
"219",285.5,0.1,1,0.028642572009624
"220",285.75,0.1,1,0.0269787327488931
"221",286,0.1,1,0.0253886841580176
"222",286.25,0.1,1,0.0238705692177836
"223",286.5,0.1,1,0.0224225009103431
"224",286.75,0.1,1,0.0210425666105313
"225",287,0.1,1,0.0197288324597354
"226",287.25,0.1,1,0.0184793477055447
"227",287.5,0.1,1,0.0172921489912327
"228",287.75,0.1,1,0.016165264580068
"229",288,0.1,1,0.0150967185004928
"230",288.25,0.1,1,0.0140845345992754
"231",288.5,0.1,1,0.0131267404907906
"232",288.75,0.1,1,0.0122213713915766
"233",289,0.1,1,0.0113664738302208
"234",289.25,0.1,1,0.0105601092234375
"235",289.5,0.1,1,0.00980035730991189
"236",289.75,0.1,1,0.00908531943461211
"237",290,0.1,1,0.00841312167288022
"238",290.25,0.1,1,0.00778191779799874
"239",290.5,0.1,1,0.00718989206876657
"240",290.75,0.1,1,0.00663526184878422
"241",291,0.1,1,0.00611628004205097
"242",291.25,0.1,1,0.00563123734397304
"243",291.5,0.1,1,0.00517846430364262
"244",291.75,0.1,1,0.00475633319452426
"245",292,0.1,1,0.00436325969153053
"246",280,0.125,1,0.0869920260960103
"247",280.25,0.125,1,0.0833477246141927
"248",280.5,0.125,1,0.079802509046643
"249",280.75,0.125,1,0.0763561240161263
"250",281,0.125,1,0.0730082143482267
"251",281.25,0.125,1,0.0697583262222752
"252",281.5,0.125,1,0.0666059085476436
"253",281.75,0.125,1,0.063550314564584
"254",282,0.125,1,0.060590803668328
"255",282.25,0.125,1,0.0577265434546864
"256",282.5,0.125,1,0.0549566119848737
"257",282.75,0.125,1,0.0522800002666951
"258",283,0.125,1,0.0496956149485435
"259",283.25,0.125,1,0.0472022812218009
"260",283.5,0.125,1,0.0447987459262149
"261",283.75,0.125,1,0.0424836808515584
"262",284,0.125,1,0.0402556862273939
"263",284.25,0.125,1,0.0381132943910281
"264",284.5,0.125,1,0.0360549736218018
"265",284.75,0.125,1,0.0340791321277724
"266",285,0.125,1,0.0321841221685594
"267",285.25,0.125,1,0.0303682442963447
"268",285.5,0.125,1,0.0286297516944822
"269",285.75,0.125,1,0.0269668545921237
"270",286,0.125,1,0.0253777247317496
"271",286.25,0.125,1,0.0238604998660001
"272",286.5,0.125,1,0.0224132882602395
"273",286.75,0.125,1,0.0210341731779893
"274",287,0.125,1,0.0197212173277114
"275",287.25,0.125,1,0.0184724672512926
"276",287.5,0.125,1,0.0172859576368432
"277",287.75,0.125,1,0.01615971554089
"278",288,0.125,1,0.0150917645075366
"279",288.25,0.125,1,0.01408012857449
"280",288.5,0.125,1,0.0131228361578804
"281",288.75,0.125,1,0.012217923809416
"282",289,0.125,1,0.0113634398405824
"283",289.25,0.125,1,0.0105574478093082
"284",289.5,0.125,1,0.00979802986484851
"285",289.75,0.125,1,0.00908328994665154
"286",290,0.125,1,0.00841135683279334
"287",290.25,0.125,1,0.00778038703329381
"288",290.5,0.125,1,0.00718856752336577
"289",290.75,0.125,1,0.00663411831148406
"290",291,0.125,1,0.00611529483714984
"291",291.25,0.125,1,0.00563039019340443
"292",291.5,0.125,1,0.00517773716952716
"293",291.75,0.125,1,0.00475571010992718
"294",292,0.125,1,0.00436272658598715
"295",280,0.15,1,0.33712401760491
"296",280.25,0.15,1,0.333109013309937
"297",280.5,0.15,1,0.329086463274265
"298",280.75,0.15,1,0.325056844811126
"299",281,0.15,1,0.321020327722204
"300",281.25,0.15,1,0.316976684299573
"301",281.5,0.15,1,0.312925175711672
"302",281.75,0.15,1,0.308864407165366
"303",282,0.15,1,0.304792141293572
"304",282.25,0.15,1,0.30070505506573
"305",282.5,0.15,1,0.296598419678764
"306",282.75,0.15,1,0.29246567472154
"307",283,0.15,1,0.288297856598752
"308",283.25,0.15,1,0.284082825769936
"309",283.5,0.15,1,0.279804216775679
"310",283.75,0.15,1,0.275440008541196
"311",284,0.15,1,0.040226544737694
"312",284.25,0.15,1,0.0380855979511082
"313",284.5,0.15,1,0.0360287662333468
"314",284.75,0.15,1,0.0340544464188915
"315",285,0.15,1,0.0321609785817557
"316",285.25,0.15,1,0.0303466505580774
"317",285.5,0.15,1,0.0286097026010152
"318",285.75,0.15,1,0.0269483321318174
"319",286,0.15,1,0.0253606985474661
"320",286.25,0.15,1,0.0238449280436281
"321",286.5,0.15,1,0.0223991184120972
"322",286.75,0.15,1,0.0210213437742867
"323",287,0.15,1,0.0197096592174285
"324",287.25,0.15,1,0.0184621053052607
"325",287.5,0.15,1,0.017276712442991
"326",287.75,0.15,1,0.0161515050830777
"327",288,0.15,1,0.0150845057654906
"328",288.25,0.15,1,0.0140737389920217
"329",288.5,0.15,1,0.0131172349387118
"330",288.75,0.15,1,0.0122130330133082
"331",289,0.15,1,0.0113591852658357
"332",289.25,0.15,1,0.0105537596600452
"333",289.5,0.15,1,0.00979484321200005
"334",289.75,0.15,1,0.00908054499976308
"335",290,0.15,1,0.00840899904547041
"336",290.25,0.15,1,0.00777836706838335
"337",290.5,0.15,1,0.00718684110509451
"338",290.75,0.15,1,0.00663264599113977
"339",291,0.15,1,0.00611404169694288
"340",291.25,0.15,1,0.00562932551032877
"341",291.5,0.15,1,0.00517683405775185
"342",291.75,0.15,1,0.00475494515681951
"343",292,0.15,1,0.00436207949354833
"344",280,0.175,1,0.431334174126237
"345",280.25,0.175,1,0.426580985302599
"346",280.5,0.175,1,0.42183571776362
"347",280.75,0.175,1,0.417099977676575
"348",281,0.175,1,0.412375079590285
"349",281.25,0.175,1,0.407661988262892
"350",281.5,0.175,1,0.40296125878277
"351",281.75,0.175,1,0.398272976428249
"352",282,0.175,1,0.393596697865107
"353",282.25,0.175,1,0.388931395254445
"354",282.5,0.175,1,0.292004702640827
"355",282.75,0.175,1,0.288170906338745
"356",283,0.175,1,0.284362068001108
"357",283.25,0.175,1,0.280576911262138
"358",283.5,0.175,1,0.276813293040686
"359",283.75,0.175,1,0.273068038683313
"360",284,0.175,1,0.269336717290193
"361",284.25,0.175,1,0.265613318735547
"362",284.5,0.175,1,0.261889770198826
"363",284.75,0.175,1,0.258155192783341
"364",285,0.175,1,0.254394741525039
"365",285.25,0.175,1,0.250587785381038
"366",285.5,0.175,1,0.246705056623877
"367",285.75,0.175,1,0.242704222101635
"368",286,0.175,1,0.238523105506994
"369",286.25,0.175,1,0.234069564785782
"370",286.5,0.175,1,0.0223758189599329
"371",286.75,0.175,1,0.0210004099629815
"372",287,0.175,1,0.019690962484075
"373",287.25,0.175,1,0.0184455034578515
"374",287.5,0.175,1,0.0172620537973455
"375",287.75,0.175,1,0.0161386325086149
"376",288,0.175,1,0.0150732604674471
"377",288.25,0.175,1,0.014063963893369
"378",288.5,0.175,1,0.0131087775653107
"379",288.75,0.175,1,0.0122057478288272
"380",289,0.175,1,0.0113529354424445
"381",289.25,0.175,1,0.0105484183048673
"382",289.5,0.175,1,0.0097902940955594
"383",289.75,0.175,1,0.00907668285052151
"384",290,0.175,1,0.00840572948431915
"385",290.25,0.175,1,0.00777560625966325
"386",290.5,0.175,1,0.00718451519785348
"387",290.75,0.175,1,0.00663069041751287
"388",291,0.175,1,0.00611240038532009
"389",291.25,0.175,1,0.00562795006069338
"390",291.5,0.175,1,0.00517568291627211
"391",291.75,0.175,1,0.00475398281719195
"392",292,0.175,1,0.00436127574417048
"393",280,0.2,1,0.471126311591783
"394",280.25,0.2,1,0.466317930008922
"395",280.5,0.2,1,0.461539738425929
"396",280.75,0.2,1,0.45679349580405
"397",281,0.2,1,0.452080232233476
"398",281.25,0.2,1,0.447400110998746
"399",281.5,0.2,1,0.442752290311038
"400",281.75,0.2,1,0.438134790825464
"401",282,0.2,1,0.433544376531978
"402",282.25,0.2,1,0.428976458012116
"403",282.5,0.2,1,0.372854631725501
"404",282.75,0.2,1,0.368629395562591
"405",283,0.2,1,0.364456676307162
"406",283.25,0.2,1,0.360330640874547
"407",283.5,0.2,1,0.356243925676372
"408",283.75,0.2,1,0.352187698442892
"409",284,0.2,1,0.348151784232801
"410",284.25,0.2,1,0.34412485678085
"411",284.5,0.2,1,0.340094689828789
"412",284.75,0.2,1,0.336048454186306
"413",285,0.2,1,0.331973034288454
"414",285.25,0.2,1,0.244880035952805
"415",285.5,0.2,1,0.241694174857084
"416",285.75,0.2,1,0.238504567034976
"417",286,0.2,1,0.235297270707818
"418",286.25,0.2,1,0.232055401041846
"419",286.5,0.2,1,0.228757034411858
"420",286.75,0.2,1,0.225371267664607
"421",287,0.2,1,0.221851091499818
"422",287.25,0.2,1,0.218120964314259
"423",287.5,0.2,1,0.214056047099677
"424",287.75,0.2,1,0.0161170389589676
"425",288,0.2,1,0.0150546738690579
"426",288.25,0.2,1,0.0140480563062344
"427",288.5,0.2,1,0.0130952347629602
"428",288.75,0.2,1,0.0121942744463569
"429",289,0.2,1,0.0113432585366925
"430",289.25,0.2,1,0.0105402894632791
"431",289.5,0.2,1,0.00978349029223961
"432",289.75,0.2,1,0.00907100628151435
"433",290,0.2,1,0.00840100662086231
"434",290.25,0.2,1,0.0077716863455223
"435",290.5,0.2,1,0.00718126839098663
"436",290.75,0.2,1,0.0066280057433294
"437",291,0.2,1,0.00611018363360981
"438",291.25,0.2,1,0.00562612172451705
"439",291.5,0.2,1,0.00517417624101588
"440",291.75,0.2,1,0.00475274200277372
"441",292,0.2,1,0.00436025432337622
"442",280,0.225,1,0.535146808406825
"443",280.25,0.225,1,0.530929727904851
"444",280.5,0.225,1,0.526763826026266
"445",280.75,0.225,1,0.481282832087651
"446",281,0.225,1,0.47701547681114
"447",281.25,0.225,1,0.472839796503729
"448",281.5,0.225,1,0.468753808073445
"449",281.75,0.225,1,0.464752796831848
"450",282,0.225,1,0.460828930879507
"451",282.25,0.225,1,0.456970905211491
"452",282.5,0.225,1,0.453163642654478
"453",282.75,0.225,1,0.449388084563171
"454",283,0.225,1,0.445621110352669
"455",283.25,0.225,1,0.395775995610302
"456",283.5,0.225,1,0.392308278454256
"457",283.75,0.225,1,0.388876378366703
"458",284,0.225,1,0.385453087572564
"459",284.25,0.225,1,0.382008612315684
"460",284.5,0.225,1,0.378511428980743
"461",284.75,0.225,1,0.374929363344945
"462",285,0.225,1,0.371230854727487
"463",285.25,0.225,1,0.316810800884026
"464",285.5,0.225,1,0.31383183497517
"465",285.75,0.225,1,0.31076747407473
"466",286,0.225,1,0.307592612498815
"467",286.25,0.225,1,0.304285514350155
"468",286.5,0.225,1,0.300828488102891
"469",286.75,0.225,1,0.219462841078656
"470",287,0.225,1,0.216851965120646
"471",287.25,0.225,1,0.21415679772716
"472",287.5,0.225,1,0.211356176666161
"473",287.75,0.225,1,0.208421123656409
"474",288,0.225,1,0.205304407054016
"475",288.25,0.225,1,0.201920101060562
"476",288.5,0.225,1,0.198105998673304
"477",288.75,0.225,1,0.0121749849687287
"478",289,0.225,1,0.0113273266650377
"479",289.25,0.225,1,0.0105271865104406
"480",289.5,0.225,1,0.00977275349265515
"481",289.75,0.225,1,0.00906223581559383
"482",290,0.225,1,0.00839386099661853
"483",290.25,0.225,1,0.00776587681227778
"484",290.5,0.225,1,0.00717655292889175
"485",290.75,0.225,1,0.00662418303730212
"486",291,0.225,1,0.00610708731674912
"487",291.25,0.225,1,0.00562361507129365
"488",291.5,0.225,1,0.0051721474075347
"489",291.75,0.225,1,0.00475109984966977
"490",292,0.225,1,0.00435892481397907
"491",280,0.25,1,0.581228074403117
"492",280.25,0.25,1,0.577876417080743
"493",280.5,0.25,1,0.537798419165944
"494",280.75,0.25,1,0.534527975100365
"495",281,0.25,1,0.531415715026908
"496",281.25,0.25,1,0.528454847062735
"497",281.5,0.25,1,0.52563389815433
"498",281.75,0.25,1,0.522936141953048
"499",282,0.25,1,0.520339044359463
"500",282.25,0.25,1,0.517813749400059
"501",282.5,0.25,1,0.515324637103932
"502",282.75,0.25,1,0.469526302711884
"503",283,0.25,1,0.467405523595889
"504",283.25,0.25,1,0.465326617675161
"505",283.5,0.25,1,0.463236619534822
"506",283.75,0.25,1,0.461074467004183
"507",284,0.25,1,0.410072589505679
"508",284.25,0.25,1,0.408497960440869
"509",284.5,0.25,1,0.406824788153579
"510",284.75,0.25,1,0.404971540075087
"511",285,0.25,1,0.402853926163718
"512",285.25,0.25,1,0.351706997955293
"513",285.5,0.25,1,0.350033784283786
"514",285.75,0.25,1,0.348094040615088
"515",286,0.25,1,0.345828244320988
"516",286.25,0.25,1,0.343187875986065
"517",286.5,0.25,1,0.289129955347479
"518",286.75,0.25,1,0.287266634097463
"519",287,0.25,1,0.285102491002792
"520",287.25,0.25,1,0.282619000132038
"521",287.5,0.25,1,0.279809114808254
"522",287.75,0.25,1,0.276676101261999
"523",288,0.25,1,0.200288352564243
"524",288.25,0.25,1,0.198013719218518
"525",288.5,0.25,1,0.19554024210201
"526",288.75,0.25,1,0.192834085755234
"527",289,0.25,1,0.189821559436068
"528",289.25,0.25,1,0.186338112047017
"529",289.5,0.25,1,0.182034004299474
"530",289.75,0.25,1,0.00904787329984819
"531",290,0.25,1,0.00838245388166531
"532",290.25,0.25,1,0.0077568314022087
"533",290.5,0.25,1,0.00716938759560701
"534",290.75,0.25,1,0.00661850990223219
"535",291,0.25,1,0.00610259587969711
"536",291.25,0.25,1,0.00562005798744295
"537",291.5,0.25,1,0.00516932840350242
"538",291.75,0.25,1,0.00474886363979996
"539",292,0.25,1,0.00435714880565859
"540",280,0.275,1,0.606980659908648
"541",280.25,0.275,1,0.604872457476569
"542",280.5,0.275,1,0.602973674752757
"543",280.75,0.275,1,0.601269918943584
"544",281,0.275,1,0.599737505565966
"545",281.25,0.275,1,0.598347367006831
"546",281.5,0.275,1,0.565033753085097
"547",281.75,0.275,1,0.564163526246542
"548",282,0.275,1,0.563410143459954
"549",282.25,0.275,1,0.562721591787775
"550",282.5,0.275,1,0.562029444362782
"551",282.75,0.275,1,0.525346765558584
"552",283,0.275,1,0.524941737884234
"553",283.25,0.275,1,0.524458413882415
"554",283.5,0.275,1,0.523877938774937
"555",283.75,0.275,1,0.481560762629584
"556",284,0.275,1,0.481257165969864
"557",284.25,0.275,1,0.480745445913581
"558",284.5,0.275,1,0.479933204754418
"559",284.75,0.275,1,0.430626119897882
"560",285,0.275,1,0.430541021177814
"561",285.25,0.275,1,0.430118150121001
"562",285.5,0.275,1,0.429218951470062
"563",285.75,0.275,1,0.37547385748045
"564",286,0.275,1,0.375993993038771
"565",286.25,0.275,1,0.375727849039659
"566",286.5,0.275,1,0.32437642243767
"567",286.75,0.275,1,0.324240006418182
"568",287,0.275,1,0.323362076932665
"569",287.25,0.275,1,0.321703175278797
"570",287.5,0.275,1,0.268386263623825
"571",287.75,0.275,1,0.267422600373667
"572",288,0.275,1,0.265881355800424
"573",288.25,0.275,1,0.263783074051908
"574",288.5,0.275,1,0.261165245336007
"575",288.75,0.275,1,0.187776505557343
"576",289,0.275,1,0.185895040127253
"577",289.25,0.275,1,0.183722162966315
"578",289.5,0.275,1,0.181228769390815
"579",289.75,0.275,1,0.178322735832125
"580",290,0.275,1,0.174759284957115
"581",290.25,0.275,1,0.0077419145544504
"582",290.5,0.275,1,0.00715791408494835
"583",290.75,0.275,1,0.00660968012968441
"584",291,0.275,1,0.00609579334685626
"585",291.25,0.275,1,0.00561480922853436
"586",291.5,0.275,1,0.00516527080293322
"587",291.75,0.275,1,0.00474571996203805
"588",292,0.275,1,0.00435470727308072
"589",280,0.3,1,0.648068989550811
"590",280.25,0.3,1,0.647800947590154
"591",280.5,0.3,1,0.647780094077137
"592",280.75,0.3,1,0.647969903228196
"593",281,0.3,1,0.648328012852761
"594",281.25,0.3,1,0.624984557793601
"595",281.5,0.3,1,0.626096765252034
"596",281.75,0.3,1,0.627266137277375
"597",282,0.3,1,0.628408366862741
"598",282.25,0.3,1,0.604522150828952
"599",282.5,0.3,1,0.606022191532851
"600",282.75,0.3,1,0.607304527596506
"601",283,0.3,1,0.60827250031061
"602",283.25,0.3,1,0.582392532306683
"603",283.5,0.3,1,0.583188044504577
"604",283.75,0.3,1,0.583441872993232
"605",284,0.3,1,0.553629528342497
"606",284.25,0.3,1,0.55334195236363
"607",284.5,0.3,1,0.552404910591956
"608",284.75,0.3,1,0.516720537016686
"609",285,0.3,1,0.515021124371644
"610",285.25,0.3,1,0.512560486076671
"611",285.5,0.3,1,0.468494838850003
"612",285.75,0.3,1,0.466487336374921
"613",286,0.3,1,0.412608748491569
"614",286.25,0.3,1,0.412134176910883
"615",286.5,0.3,1,0.411271641521183
"616",286.75,0.3,1,0.351887988287797
"617",287,0.3,1,0.354596881839546
"618",287.25,0.3,1,0.355768758818444
"619",287.5,0.3,1,0.30499858378839
"620",287.75,0.3,1,0.305750906186784
"621",288,0.3,1,0.305215127317728
"622",288.25,0.3,1,0.25236813220769
"623",288.5,0.3,1,0.252272250477146
"624",288.75,0.3,1,0.251302249153933
"625",289,0.3,1,0.249538790891378
"626",289.25,0.3,1,0.178139110708676
"627",289.5,0.3,1,0.176800167201573
"628",289.75,0.3,1,0.175073903839398
"629",290,0.3,1,0.172960091543666
"630",290.25,0.3,1,0.170405401155781
"631",290.5,0.3,1,0.167209254945073
"632",290.75,0.3,1,0.00659515663368301
"633",291,0.3,1,0.00608496448907452
"634",291.25,0.3,1,0.00560670963836452
"635",291.5,0.3,1,0.00515919101148566
"636",291.75,0.3,1,0.00474113863871906
"637",292,0.3,1,0.00435124101100103
"638",280,0.325,1,0.702963114609631
"639",280.25,0.325,1,0.704887525471986
"640",280.5,0.325,1,0.690992548338179
"641",280.75,0.325,1,0.694011059302501
"642",281,0.325,1,0.697173329046924
"643",281.25,0.325,1,0.700378218871205
"644",281.5,0.325,1,0.688246759063849
"645",281.75,0.325,1,0.691964827908528
"646",282,0.325,1,0.695408352320854
"647",282.25,0.325,1,0.698422656023224
"648",282.5,0.325,1,0.686281938995814
"649",282.75,0.325,1,0.688869135797914
"650",283,0.325,1,0.674724338865562
"651",283.25,0.325,1,0.676381717886452
"652",283.5,0.325,1,0.677065780775114
"653",283.75,0.325,1,0.659721449689482
"654",284,0.325,1,0.659037966323396
"655",284.25,0.325,1,0.637847918754961
"656",284.5,0.325,1,0.635697319997885
"657",284.75,0.325,1,0.609844110221198
"658",285,0.325,1,0.606276755680687
"659",285.25,0.325,1,0.601579506484073
"660",285.5,0.325,1,0.569960042460915
"661",285.75,0.325,1,0.56403568145644
"662",286,0.325,1,0.525504406450178
"663",286.25,0.325,1,0.51843664259514
"664",286.5,0.325,1,0.469921755638032
"665",286.75,0.325,1,0.463191828589029
"666",287,0.325,1,0.40430685299488
"667",287.25,0.325,1,0.401366682052739
"668",287.5,0.325,1,0.332456647395906
"669",287.75,0.325,1,0.337513427456289
"670",288,0.325,1,0.340210962172033
"671",288.25,0.325,1,0.289986003560275
"672",288.5,0.325,1,0.291512963027777
"673",288.75,0.325,1,0.291222262299254
"674",289,0.325,1,0.239704009816561
"675",289.25,0.325,1,0.239770541482657
"676",289.5,0.325,1,0.238736494992591
"677",289.75,0.325,1,0.236768933117561
"678",290,0.325,1,0.168482277497616
"679",290.25,0.325,1,0.167085053239394
"680",290.5,0.325,1,0.165218669803624
"681",290.75,0.325,1,0.162847767973251
"682",291,0.325,1,0.159762141519853
"683",291.25,0.325,1,0.00559354830763167
"684",291.5,0.325,1,0.00514965167373622
"685",291.75,0.325,1,0.00473418268961031
"686",292,0.325,1,0.00434613725168731
"687",280,0.35,1,0.756721260218458
"688",280.25,0.35,1,0.761891037401536
"689",280.5,0.35,1,0.767256392536694
"690",280.75,0.35,1,0.764383780535786
"691",281,0.35,1,0.770413370718784
"692",281.25,0.35,1,0.776090151549374
"693",281.5,0.35,1,0.773747374665325
"694",281.75,0.35,1,0.778850852640318
"695",282,0.35,1,0.782998304648789
"696",282.25,0.35,1,0.778971263629606
"697",282.5,0.35,1,0.781435289710361
"698",282.75,0.35,1,0.774968502994569
"699",283,0.35,1,0.775363329395463
"700",283.25,0.35,1,0.766142990961391
"701",283.5,0.35,1,0.764524927757008
"702",283.75,0.35,1,0.752339302696199
"703",284,0.35,1,0.748938507825395
"704",284.25,0.35,1,0.733852630777666
"705",284.5,0.35,1,0.728899733319816
"706",284.75,0.35,1,0.710983352529187
"707",285,0.35,1,0.690060123592194
"708",285.25,0.35,1,0.683769279760407
"709",285.5,0.35,1,0.659272733975966
"710",285.75,0.35,1,0.651748218034904
"711",286,0.35,1,0.622956429722786
"712",286.25,0.35,1,0.6141127277335
"713",286.5,0.35,1,0.579912726618462
"714",286.75,0.35,1,0.538716589746127
"715",287,0.35,1,0.528154546976698
"716",287.25,0.35,1,0.476135750687911
"717",287.5,0.35,1,0.46397209008077
"718",287.75,0.35,1,0.400107562151432
"719",288,0.35,1,0.394207533568691
"720",288.25,0.35,1,0.320090304552876
"721",288.5,0.35,1,0.325797420029482
"722",288.75,0.35,1,0.275834670030837
"723",289,0.35,1,0.279162195323465
"724",289.25,0.35,1,0.280046123826819
"725",289.5,0.35,1,0.228759921916109
"726",289.75,0.35,1,0.229561928298412
"727",290,0.35,1,0.22897497977164
"728",290.25,0.35,1,0.227251794490397
"729",290.5,0.35,1,0.16101863244652
"730",290.75,0.35,1,0.159794018247964
"731",291,0.35,1,0.158024213597453
"732",291.25,0.35,1,0.155665738889649
"733",291.5,0.35,1,0.152420493927931
"734",291.75,0.35,1,0.00472311337842557
"735",292,0.35,1,0.00433830391033728
"736",280,0.375,1,0.826368859839743
"737",280.25,0.375,1,0.834194022424975
"738",280.5,0.375,1,0.837736942979154
"739",280.75,0.375,1,0.844728197218888
"740",281,0.375,1,0.850529188204641
"741",281.25,0.375,1,0.85172361572594
"742",281.5,0.375,1,0.854991958847234
"743",281.75,0.375,1,0.853336347528364
"744",282,0.375,1,0.853877469786442
"745",282.25,0.375,1,0.849367260115404
"746",282.5,0.375,1,0.847599318795975
"747",282.75,0.375,1,0.840654041002931
"748",283,0.375,1,0.837042649455362
"749",283.25,0.375,1,0.828130603395973
"750",283.5,0.375,1,0.823145598237783
"751",283.75,0.375,1,0.812633835689394
"752",284,0.375,1,0.800820711562494
"753",284.25,0.375,1,0.794537312684456
"754",284.5,0.375,1,0.781266300315972
"755",284.75,0.375,1,0.766584225358827
"756",285,0.375,1,0.750286899185169
"757",285.25,0.375,1,0.7430281388378
"758",285.5,0.375,1,0.724925286802537
"759",285.75,0.375,1,0.704683168890704
"760",286,0.375,1,0.681936246417183
"761",286.25,0.375,1,0.674006981433025
"762",286.5,0.375,1,0.648735750512654
"763",286.75,0.375,1,0.619651442425166
"764",287,0.375,1,0.610802634985083
"765",287.25,0.375,1,0.576759067834412
"766",287.5,0.375,1,0.535667740391634
"767",287.75,0.375,1,0.523971261798371
"768",288,0.375,1,0.47086868734817
"769",288.25,0.375,1,0.400187733284105
"770",288.5,0.375,1,0.392090071074358
"771",288.75,0.375,1,0.305684315495279
"772",289,0.375,1,0.313653647560027
"773",289.25,0.375,1,0.317505884914049
"774",289.5,0.375,1,0.26883970166888
"775",289.75,0.375,1,0.270263834390753
"776",290,0.375,1,0.21967959082968
"777",290.25,0.375,1,0.220751883969812
"778",290.5,0.375,1,0.22022660399685
"779",290.75,0.375,1,0.154917312410108
"780",291,0.375,1,0.154344493200196
"781",291.25,0.375,1,0.153116580909078
"782",291.5,0.375,1,0.151278385315184
"783",291.75,0.375,1,0.148722678191818
"784",292,0.375,1,0.144905542277331
"785",280,0.4,1,0.896137506602842
"786",280.25,0.4,1,0.900237587654049
"787",280.5,0.4,1,0.904337412954232
"788",280.75,0.4,1,0.906647090014794
"789",281,0.4,1,0.905963733368116
"790",281.25,0.4,1,0.905438016049362
"791",281.5,0.4,1,0.902159960908172
"792",281.75,0.4,1,0.89958056711046
"793",282,0.4,1,0.894511478165097
"794",282.25,0.4,1,0.888563158305634
"795",282.5,0.4,1,0.884241476080327
"796",282.75,0.4,1,0.877208049652353
"797",283,0.4,1,0.869488453691068
"798",283.25,0.4,1,0.864099168966075
"799",283.5,0.4,1,0.855478561070614
"800",283.75,0.4,1,0.84617225922907
"801",284,0.4,1,0.836140522689131
"802",284.25,0.4,1,0.825292461952341
"803",284.5,0.4,1,0.813613439016831
"804",284.75,0.4,1,0.806695182767624
"805",285,0.4,1,0.793851140211504
"806",285.25,0.4,1,0.779960110761356
"807",285.5,0.4,1,0.764809672242999
"808",285.75,0.4,1,0.748449244598056
"809",286,0.4,1,0.730558556644948
"810",286.25,0.4,1,0.711028219117293
"811",286.5,0.4,1,0.689578073502398
"812",286.75,0.4,1,0.665921898037943
"813",287,0.4,1,0.657633493687733
"814",287.25,0.4,1,0.631663722634507
"815",287.5,0.4,1,0.602674400309299
"816",287.75,0.4,1,0.569262168071153
"817",288,0.4,1,0.560320060026009
"818",288.25,0.4,1,0.519947036740413
"819",288.5,0.4,1,0.4684245772679
"820",288.75,0.4,1,0.453407685691257
"821",289,0.4,1,0.387613869238944
"822",289.25,0.4,1,0.295491140775382
"823",289.5,0.4,1,0.304503669084507
"824",289.75,0.4,1,0.25598638227371
"825",290,0.4,1,0.2605971923635
"826",290.25,0.4,1,0.261720532854585
"827",290.5,0.4,1,0.212277748772605
"828",290.75,0.4,1,0.213092702110005
"829",291,0.4,1,0.212236154507387
"830",291.25,0.4,1,0.148993179210667
"831",291.5,0.4,1,0.148282321605637
"832",291.75,0.4,1,0.146879097550224
"833",292,0.4,1,0.144786975821078
"834",280,0.425,1,0.942196229961093
"835",280.25,0.425,1,0.942586843700752
"836",280.5,0.425,1,0.941087739049265
"837",280.75,0.425,1,0.939423012263849
"838",281,0.425,1,0.936238196013225
"839",281.25,0.425,1,0.93341736157787
"840",281.5,0.425,1,0.929240680617624
"841",281.75,0.425,1,0.924631310147056
"842",282,0.425,1,0.920951224867871
"843",282.25,0.425,1,0.915899524987755
"844",282.5,0.425,1,0.910588613312199
"845",282.75,0.425,1,0.905050083527562
"846",283,0.425,1,0.899352772566671
"847",283.25,0.425,1,0.895248775365078
"848",283.5,0.425,1,0.889182618909177
"849",283.75,0.425,1,0.88272187355087
"850",284,0.425,1,0.875763187646287
"851",284.25,0.425,1,0.868156829187194
"852",284.5,0.425,1,0.85970157889688
"853",284.75,0.425,1,0.850278074422684
"854",285,0.425,1,0.839712352821601
"855",285.25,0.425,1,0.82352242593086
"856",285.5,0.425,1,0.809976824535148
"857",285.75,0.425,1,0.794965843767681
"858",286,0.425,1,0.778571436541687
"859",286.25,0.425,1,0.760669407134188
"860",286.5,0.425,1,0.741334288384895
"861",286.75,0.425,1,0.720487453685196
"862",287,0.425,1,0.698115158364687
"863",287.25,0.425,1,0.674148518622373
"864",287.5,0.425,1,0.648455668188778
"865",287.75,0.425,1,0.620537442221304
"866",288,0.425,1,0.590035350330164
"867",288.25,0.425,1,0.55629531360074
"868",288.5,0.425,1,0.548231753556063
"869",288.75,0.425,1,0.50879560034968
"870",289,0.425,1,0.458562661855227
"871",289.25,0.425,1,0.387534058728923
"872",289.5,0.425,1,0.379674139031706
"873",289.75,0.425,1,0.289493637784227
"874",290,0.425,1,0.298001075457287
"875",290.25,0.425,1,0.250164884697076
"876",290.5,0.425,1,0.25382731484662
"877",290.75,0.425,1,0.203793597056737
"878",291,0.425,1,0.206015640990481
"879",291.25,0.425,1,0.206112101701105
"880",291.5,0.425,1,0.143837431681885
"881",291.75,0.425,1,0.14361257351301
"882",292,0.425,1,0.14259041845315
"883",280,0.45,1,0.967363253003313
"884",280.25,0.45,1,0.965689076882708
"885",280.5,0.45,1,0.963284996543861
"886",280.75,0.45,1,0.961118571447616
"887",281,0.45,1,0.958387941721429
"888",281.25,0.45,1,0.956139942554744
"889",281.5,0.45,1,0.953512798097468
"890",281.75,0.45,1,0.951068019375606
"891",282,0.45,1,0.948962167791765
"892",282.25,0.45,1,0.94729337494393
"893",282.5,0.45,1,0.946025627026441
"894",282.75,0.45,1,0.945167349854376
"895",283,0.45,1,0.944276689117758
"896",283.25,0.45,1,0.943108591784091
"897",283.5,0.45,1,0.941073087125933
"898",283.75,0.45,1,0.937887076411429
"899",284,0.45,1,0.933216267474354
"900",284.25,0.45,1,0.927012405336875
"901",284.5,0.45,1,0.917785806993653
"902",284.75,0.45,1,0.908521489491393
"903",285,0.45,1,0.897928345474443
"904",285.25,0.45,1,0.88601196795931
"905",285.5,0.45,1,0.870211412223926
"906",285.75,0.45,1,0.855734868495193
"907",286,0.45,1,0.840041842591152
"908",286.25,0.45,1,0.818269144443302
"909",286.5,0.45,1,0.799812642720968
"910",286.75,0.45,1,0.779980545892383
"911",287,0.45,1,0.758657504722222
"912",287.25,0.45,1,0.725781692931564
"913",287.5,0.45,1,0.69992411891886
"914",287.75,0.45,1,0.672214179286419
"915",288,0.45,1,0.642712934996806
"916",288.25,0.45,1,0.611488691227714
"917",288.5,0.45,1,0.578199697094682
"918",288.75,0.45,1,0.542899871529299
"919",289,0.45,1,0.503180574423067
"920",289.25,0.45,1,0.494733193065473
"921",289.5,0.45,1,0.444925893336888
"922",289.75,0.45,1,0.376907241518531
"923",290,0.45,1,0.369203470297355
"924",290.25,0.45,1,0.28653342831811
"925",290.5,0.45,1,0.239513610600788
"926",290.75,0.45,1,0.24575354645072
"927",291,0.45,1,0.247470376615853
"928",291.25,0.45,1,0.199175708612307
"929",291.5,0.45,1,0.200191988065434
"930",291.75,0.45,1,0.199287669469783
"931",292,0.45,1,0.13917076320039
"932",280,0.475,1,0.986397270519197
"933",280.25,0.475,1,0.985087310109506
"934",280.5,0.475,1,0.984197301932767
"935",280.75,0.475,1,0.983569128323848
"936",281,0.475,1,0.983592867466854
"937",281.25,0.475,1,0.984652105191264
"938",281.5,0.475,1,0.986798645912454
"939",281.75,0.475,1,0.990110062845566
"940",282,0.475,1,0.994031566907594
"941",282.25,0.475,1,0.997724819763626
"942",282.5,0.475,1,1.00035196153828
"943",282.75,0.475,1,1.00106855348111
"944",283,0.475,1,0.999774711884972
"945",283.25,0.475,1,0.996460009883311
"946",283.5,0.475,1,0.991024688328606
"947",283.75,0.475,1,0.984593573815259
"948",284,0.475,1,0.976951614400286
"949",284.25,0.475,1,0.967596295154918
"950",284.5,0.475,1,0.957942588800734
"951",284.75,0.475,1,0.946354799898909
"952",285,0.475,1,0.934902413323455
"953",285.25,0.475,1,0.921241868108747
"954",285.5,0.475,1,0.908074352171775
"955",285.75,0.475,1,0.892070249309214
"956",286,0.475,1,0.87725300617131
"957",286.25,0.475,1,0.858649781912272
"958",286.5,0.475,1,0.837904507836309
"959",286.75,0.475,1,0.820156293075136
"960",287,0.475,1,0.801423668543312
"961",287.25,0.475,1,0.775139382885199
"962",287.5,0.475,1,0.753798657946507
"963",287.75,0.475,1,0.731052668051832
"964",288,0.475,1,0.695044790010944
"965",288.25,0.475,1,0.66701770945858
"966",288.5,0.475,1,0.636283914762372
"967",288.75,0.475,1,0.602848035975027
"968",289,0.475,1,0.567109501345881
"969",289.25,0.475,1,0.529868475312986
"970",289.5,0.475,1,0.489094659700375
"971",289.75,0.475,1,0.440584945378356
"972",290,0.475,1,0.428349896647975
"973",290.25,0.475,1,0.365277086068866
"974",290.5,0.475,1,0.275038342449147
"975",290.75,0.475,1,0.28457901047193
"976",291,0.475,1,0.237875217799808
"977",291.25,0.475,1,0.241238280338136
"978",291.5,0.475,1,0.192743843909082
"979",291.75,0.475,1,0.194580339940097
"980",292,0.475,1,0.194175976717744
"981",280,0.5,1,1.00661242533754
"982",280.25,0.5,1,1.00846970061429
"983",280.5,0.5,1,1.01190493246942
"984",280.75,0.5,1,1.01700741424625
"985",281,0.5,1,1.02365243154217
"986",281.25,0.5,1,1.03089864008574
"987",281.5,0.5,1,1.03724101045349
"988",281.75,0.5,1,1.04158314159591
"989",282,0.5,1,1.04334105433395
"990",282.25,0.5,1,1.04261242214621
"991",282.5,0.5,1,1.04013251694513
"992",282.75,0.5,1,1.03621055894771
"993",283,0.5,1,1.03100838753392
"994",283.25,0.5,1,1.02504217385702
"995",283.5,0.5,1,1.01802378561063
"996",283.75,0.5,1,1.01049157109832
"997",284,0.5,1,1.0018926226784
"998",284.25,0.5,1,0.992439188841595
"999",284.5,0.5,1,0.982708563649578
"1000",284.75,0.5,1,0.971607734059641
"1001",285,0.5,1,0.959554132527048
"1002",285.25,0.5,1,0.946529638358096
"1003",285.5,0.5,1,0.932450289747294
"1004",285.75,0.5,1,0.918871784096452
"1005",286,0.5,1,0.902897705041992
"1006",286.25,0.5,1,0.885649295852022
"1007",286.5,0.5,1,0.866948352060075
"1008",286.75,0.5,1,0.850210830478941
"1009",287,0.5,1,0.829071525972935
"1010",287.25,0.5,1,0.805741709144771
"1011",287.5,0.5,1,0.786448728533472
"1012",287.75,0.5,1,0.75923677141088
"1013",288,0.5,1,0.737648278681027
"1014",288.25,0.5,1,0.704557105518692
"1015",288.5,0.5,1,0.679815150078568
"1016",288.75,0.5,1,0.652894052217518
"1017",289,0.5,1,0.623203440149316
"1018",289.25,0.5,1,0.567467696651931
"1019",289.5,0.5,1,0.527173559261034
"1020",289.75,0.5,1,0.483730295977157
"1021",290,0.5,1,0.474035360685432
"1022",290.25,0.5,1,0.424354501416021
"1023",290.5,0.5,1,0.359077203699553
"1024",290.75,0.5,1,0.264266103406816
"1025",291,0.5,1,0.27660931263699
"1026",291.25,0.5,1,0.230539808297021
"1027",291.5,0.5,1,0.235312082268794
"1028",291.75,0.5,1,0.186858483925284
"1029",292,0.5,1,0.189356097245903
"1030",280,0.525,1,1.03734911490628
"1031",280.25,0.525,1,1.04605526404577
"1032",280.5,0.525,1,1.05549679889983
"1033",280.75,0.525,1,1.06390244987781
"1034",281,0.525,1,1.06971774375022
"1035",281.25,0.525,1,1.07259016772414
"1036",281.5,0.525,1,1.07303154552466
"1037",281.75,0.525,1,1.0717337600036
"1038",282,0.525,1,1.06918209996261
"1039",282.25,0.525,1,1.06578164977874
"1040",282.5,0.525,1,1.06165761200082
"1041",282.75,0.525,1,1.05678321331174
"1042",283,0.525,1,1.05138105373701
"1043",283.25,0.525,1,1.04527218445961
"1044",283.5,0.525,1,1.03844175765541
"1045",283.75,0.525,1,1.03088983893278
"1046",284,0.525,1,1.02258982362293
"1047",284.25,0.525,1,1.01352350104552
"1048",284.5,0.525,1,1.00366379883448
"1049",284.75,0.525,1,0.992911893322821
"1050",285,0.525,1,0.981389111454501
"1051",285.25,0.525,1,0.968970842925631
"1052",285.5,0.525,1,0.955671854290825
"1053",285.75,0.525,1,0.941399574596977
"1054",286,0.525,1,0.926198473240441
"1055",286.25,0.525,1,0.909998440922944
"1056",286.5,0.525,1,0.892748515745877
"1057",286.75,0.525,1,0.874461867312566
"1058",287,0.525,1,0.854960949580736
"1059",287.25,0.525,1,0.834063368706554
"1060",287.5,0.525,1,0.811647177406686
"1061",287.75,0.525,1,0.787230470871262
"1062",288,0.525,1,0.760358197998241
"1063",288.25,0.525,1,0.739373637703241
"1064",288.5,0.525,1,0.707801123684965
"1065",288.75,0.525,1,0.68444157655601
"1066",289,0.525,1,0.645158003134701
"1067",289.25,0.525,1,0.617372383205389
"1068",289.5,0.525,1,0.586552994297571
"1069",289.75,0.525,1,0.551629536283935
"1070",290,0.525,1,0.512488978879739
"1071",290.25,0.525,1,0.469068368874658
"1072",290.5,0.525,1,0.418741365116827
"1073",290.75,0.525,1,0.351846089590515
"1074",291,0.525,1,0.347033104964876
"1075",291.25,0.525,1,0.269376523410297
"1076",291.5,0.525,1,0.224012481382944
"1077",291.75,0.525,1,0.229848248248359
"1078",292,0.525,1,0.181608936556026
"1079",280,0.55,1,1.08008894410383
"1080",280.25,0.55,1,1.08784030753355
"1081",280.5,0.55,1,1.0923971970482
"1082",280.75,0.55,1,1.09434805807937
"1083",281,0.55,1,1.09443845956155
"1084",281.25,0.55,1,1.09343726426847
"1085",281.5,0.55,1,1.09161096608881
"1086",281.75,0.55,1,1.08915014748318
"1087",282,0.55,1,1.08659693719829
"1088",282.25,0.55,1,1.08343847695275
"1089",282.5,0.55,1,1.07971897630551
"1090",282.75,0.55,1,1.07548883732639
"1091",283,0.55,1,1.07042177399265
"1092",283.25,0.55,1,1.0647705022681
"1093",283.5,0.55,1,1.05838966114283
"1094",283.75,0.55,1,1.05121268177895
"1095",284,0.55,1,1.04339104510232
"1096",284.25,0.55,1,1.03463110148254
"1097",284.5,0.55,1,1.02508659084263
"1098",284.75,0.55,1,1.01449577027936
"1099",285,0.55,1,1.00309008430267
"1100",285.25,0.55,1,0.990607120290262
"1101",285.5,0.55,1,0.977363356678054
"1102",285.75,0.55,1,0.96264369669391
"1103",286,0.55,1,0.947565600402844
"1104",286.25,0.55,1,0.931625495540428
"1105",286.5,0.55,1,0.913187792470227
"1106",286.75,0.55,1,0.895314088016887
"1107",287,0.55,1,0.876699830757979
"1108",287.25,0.55,1,0.854063097240396
"1109",287.5,0.55,1,0.832809566544569
"1110",287.75,0.55,1,0.810094587136736
"1111",288,0.55,1,0.785721893953394
"1112",288.25,0.55,1,0.759223355511949
"1113",288.5,0.55,1,0.738768512150564
"1114",288.75,0.55,1,0.708490411955676
"1115",289,0.55,1,0.673850991657359
"1116",289.25,0.55,1,0.649780718290923
"1117",289.5,0.55,1,0.606251893138591
"1118",289.75,0.55,1,0.577017081596638
"1119",290,0.55,1,0.544306689728645
"1120",290.25,0.55,1,0.506688815572667
"1121",290.5,0.55,1,0.46367131434997
"1122",290.75,0.55,1,0.412689510844489
"1123",291,0.55,1,0.344615357327802
"1124",291.25,0.55,1,0.340616334272049
"1125",291.5,0.55,1,0.263155187657679
"1126",291.75,0.55,1,0.218450107746764
"1127",292,0.55,1,0.224931180933814
"1128",280,0.575,1,1.10827784836765
"1129",280.25,0.575,1,1.10994796885899
"1130",280.5,0.575,1,1.11031548936062
"1131",280.75,0.575,1,1.11027871790216
"1132",281,0.575,1,1.10982219548148
"1133",281.25,0.575,1,1.10880692525677
"1134",281.5,0.575,1,1.10748883793665
"1135",281.75,0.575,1,1.10555277835329
"1136",282,0.575,1,1.1031443731838
"1137",282.25,0.575,1,1.10025923490454
"1138",282.5,0.575,1,1.09679342474642
"1139",282.75,0.575,1,1.09258190221866
"1140",283,0.575,1,1.08794033862605
"1141",283.25,0.575,1,1.0824410446762
"1142",283.5,0.575,1,1.07633628187143
"1143",283.75,0.575,1,1.06943211937382
"1144",284,0.575,1,1.06167775208863
"1145",284.25,0.575,1,1.05323777816016
"1146",284.5,0.575,1,1.04393314865554
"1147",284.75,0.575,1,1.03368075180005
"1148",285,0.575,1,1.02233674492829
"1149",285.25,0.575,1,1.01026191354922
"1150",285.5,0.575,1,0.997453011293772
"1151",285.75,0.575,1,0.983235784983283
"1152",286,0.575,1,0.968127616333122
"1153",286.25,0.575,1,0.951795956531868
"1154",286.5,0.575,1,0.934118620166348
"1155",286.75,0.575,1,0.916651218189776
"1156",287,0.575,1,0.896672488496634
"1157",287.25,0.575,1,0.877265408166412
"1158",287.5,0.575,1,0.854206187181641
"1159",287.75,0.575,1,0.833197093304878
"1160",288,0.575,1,0.811038467331971
"1161",288.25,0.575,1,0.782305912925843
"1162",288.5,0.575,1,0.756360688461175
"1163",288.75,0.575,1,0.728116433919703
"1164",289,0.575,1,0.707293830462392
"1165",289.25,0.575,1,0.674904274471145
"1166",289.5,0.575,1,0.637525563267569
"1167",289.75,0.575,1,0.612637327089572
"1168",290,0.575,1,0.564741237817007
"1169",290.25,0.575,1,0.533436019761164
"1170",290.5,0.575,1,0.497718186139693
"1171",290.75,0.575,1,0.456559611417796
"1172",291,0.575,1,0.406253908393141
"1173",291.25,0.575,1,0.338827221355519
"1174",291.5,0.575,1,0.333974115327935
"1175",291.75,0.575,1,0.258062387016328
"1176",292,0.575,1,0.213897386006125
"1177",280,0.6,1,1.12243686252333
"1178",280.25,0.6,1,1.12326445937865
"1179",280.5,0.6,1,1.12363862127929
"1180",280.75,0.6,1,1.12366583293515
"1181",281,0.6,1,1.12320217576973
"1182",281.25,0.6,1,1.12249276504374
"1183",281.5,0.6,1,1.12120652079008
"1184",281.75,0.6,1,1.11950865673437
"1185",282,0.6,1,1.11731664074095
"1186",282.25,0.6,1,1.11461393132131
"1187",282.5,0.6,1,1.11137072179262
"1188",282.75,0.6,1,1.10739162741816
"1189",283,0.6,1,1.10296781222021
"1190",283.25,0.6,1,1.09770698640318
"1191",283.5,0.6,1,1.09176705551086
"1192",283.75,0.6,1,1.08510523186157
"1193",284,0.6,1,1.07757694426014
"1194",284.25,0.6,1,1.0694031015614
"1195",284.5,0.6,1,1.06016936076596
"1196",284.75,0.6,1,1.05016920829103
"1197",285,0.6,1,1.03914835448596
"1198",285.25,0.6,1,1.02740938473473
"1199",285.5,0.6,1,1.0146114891347
"1200",285.75,0.6,1,1.00090563343307
"1201",286,0.6,1,0.985802101161379
"1202",286.25,0.6,1,0.969973511297939
"1203",286.5,0.6,1,0.953139232014514
"1204",286.75,0.6,1,0.935151067257359
"1205",287,0.6,1,0.91604585516662
"1206",287.25,0.6,1,0.89574507668981
"1207",287.5,0.6,1,0.873871431884373
"1208",287.75,0.6,1,0.853205693635883
"1209",288,0.6,1,0.828439502418526
"1210",288.25,0.6,1,0.805859503317062
"1211",288.5,0.6,1,0.777292760482731
"1212",288.75,0.6,1,0.752014441673905
"1213",289,0.6,1,0.72483081837642
"1214",289.25,0.6,1,0.695146143254471
"1215",289.5,0.6,1,0.662055113196111
"1216",289.75,0.6,1,0.63963077120114
"1217",290,0.6,1,0.599790183340357
"1218",290.25,0.6,1,0.573866199353177
"1219",290.5,0.6,1,0.521177964076347
"1220",290.75,0.6,1,0.486958044365128
"1221",291,0.6,1,0.447506613077903
"1222",291.25,0.6,1,0.398904304987169
"1223",291.5,0.6,1,0.332165967234961
"1224",291.75,0.6,1,0.327361449452267
"1225",292,0.6,1,0.254071714653207
"1226",280,0.625,1,1.13326610077723
"1227",280.25,0.625,1,1.13407944277957
"1228",280.5,0.625,1,1.13446233576846
"1229",280.75,0.625,1,1.13466013991508
"1230",281,0.625,1,1.13450960008978
"1231",281.25,0.625,1,1.13384850630634
"1232",281.5,0.625,1,1.13275578177382
"1233",281.75,0.625,1,1.13122694841599
"1234",282,0.625,1,1.12923170183379
"1235",282.25,0.625,1,1.12674374302933
"1236",282.5,0.625,1,1.12369993412086
"1237",282.75,0.625,1,1.11991173945564
"1238",283,0.625,1,1.11552554369235
"1239",283.25,0.625,1,1.11065262801768
"1240",283.5,0.625,1,1.10476954492383
"1241",283.75,0.625,1,1.09832704240295
"1242",284,0.625,1,1.09115495445463
"1243",284.25,0.625,1,1.08303919706453
"1244",284.5,0.625,1,1.07424216850922
"1245",284.75,0.625,1,1.06449420592366
"1246",285,0.625,1,1.05366390772049
"1247",285.25,0.625,1,1.04205626026794
"1248",285.5,0.625,1,1.02954676233342
"1249",285.75,0.625,1,1.01592919176608
"1250",286,0.625,1,1.00126826570594
"1251",286.25,0.625,1,0.986022928746949
"1252",286.5,0.625,1,0.969133141518249
"1253",286.75,0.625,1,0.951853472118188
"1254",287,0.625,1,0.932434205239114
"1255",287.25,0.625,1,0.912970759345333
"1256",287.5,0.625,1,0.892423415958592
"1257",287.75,0.625,1,0.87059391888231
"1258",288,0.625,1,0.847305031449252
"1259",288.25,0.625,1,0.822321614467272
"1260",288.5,0.625,1,0.794915165751179
"1261",288.75,0.625,1,0.770979661444352
"1262",289,0.625,1,0.746304476003307
"1263",289.25,0.625,1,0.711321491693783
"1264",289.5,0.625,1,0.681439300111586
"1265",289.75,0.625,1,0.64806414791925
"1266",290,0.625,1,0.626520605477523
"1267",290.25,0.625,1,0.586305510159065
"1268",290.5,0.625,1,0.561151013909205
"1269",290.75,0.625,1,0.508508026134246
"1270",291,0.625,1,0.475452597069415
"1271",291.25,0.625,1,0.437475432568929
"1272",291.5,0.625,1,0.390603255773204
"1273",291.75,0.625,1,0.324829204033249
"1274",292,0.625,1,0.320863581730317
"1275",280,0.65,1,1.14177465839526
"1276",280.25,0.65,1,1.1427531554466
"1277",280.5,0.65,1,1.14327208862476
"1278",280.75,0.65,1,1.14362731899929
"1279",281,0.65,1,1.1435074086089
"1280",281.25,0.65,1,1.14299566029373
"1281",281.5,0.65,1,1.14208741100844
"1282",281.75,0.65,1,1.14073939211574
"1283",282,0.65,1,1.13893339815995
"1284",282.25,0.65,1,1.13661722274528
"1285",282.5,0.65,1,1.13376509714001
"1286",282.75,0.65,1,1.13018092340595
"1287",283,0.65,1,1.12599063277924
"1288",283.25,0.65,1,1.12115638297275
"1289",283.5,0.65,1,1.11564649532758
"1290",283.75,0.65,1,1.10941993685653
"1291",284,0.65,1,1.10244074557628
"1292",284.25,0.65,1,1.09455043927737
"1293",284.5,0.65,1,1.08583628106125
"1294",284.75,0.65,1,1.07643836448498
"1295",285,0.65,1,1.06587503763106
"1296",285.25,0.65,1,1.05457797913414
"1297",285.5,0.65,1,1.04225469082342
"1298",285.75,0.65,1,1.02895055898701
"1299",286,0.65,1,1.01469884013053
"1300",286.25,0.65,1,0.999343578456309
"1301",286.5,0.65,1,0.983126563031795
"1302",286.75,0.65,1,0.965727596636063
"1303",287,0.65,1,0.947210752911662
"1304",287.25,0.65,1,0.928424183141609
"1305",287.5,0.65,1,0.90755740419734
"1306",287.75,0.65,1,0.886716253855745
"1307",288,0.65,1,0.862735683189325
"1308",288.25,0.65,1,0.839403916310353
"1309",288.5,0.65,1,0.814385608447318
"1310",288.75,0.65,1,0.787424081426206
"1311",289,0.65,1,0.757595008863091
"1312",289.25,0.65,1,0.732615725484291
"1313",289.5,0.65,1,0.706457977561354
"1314",289.75,0.65,1,0.678290660458574
"1315",290,0.65,1,0.647453603696687
"1316",290.25,0.65,1,0.612835333017926
"1317",290.5,0.65,1,0.572599770726733
"1318",290.75,0.65,1,0.548254813141991
"1319",291,0.65,1,0.495905336511534
"1320",291.25,0.65,1,0.463947027889804
"1321",291.5,0.65,1,0.427200821014828
"1322",291.75,0.65,1,0.381784693818343
"1323",292,0.65,1,0.316902171924685
"1324",280,0.675,1,1.14817468864553
"1325",280.25,0.675,1,1.14912906728354
"1326",280.5,0.675,1,1.14993743918385
"1327",280.75,0.675,1,1.15028828814322
"1328",281,0.675,1,1.15046113445328
"1329",281.25,0.675,1,1.15010729413027
"1330",281.5,0.675,1,1.14935886729844
"1331",281.75,0.675,1,1.14817955702981
"1332",282,0.675,1,1.14653351724318
"1333",282.25,0.675,1,1.14423840570872
"1334",282.5,0.675,1,1.14156456764678
"1335",282.75,0.675,1,1.13817150242421
"1336",283,0.675,1,1.13417557855036
"1337",283.25,0.675,1,1.129539165287
"1338",283.5,0.675,1,1.12423215782125
"1339",283.75,0.675,1,1.11821447083929
"1340",284,0.675,1,1.11145833126637
"1341",284.25,0.675,1,1.10376204711669
"1342",284.5,0.675,1,1.09528001976979
"1343",284.75,0.675,1,1.0861101718317
"1344",285,0.675,1,1.07590855214682
"1345",285.25,0.675,1,1.0646605638014
"1346",285.5,0.675,1,1.05271593305592
"1347",285.75,0.675,1,1.03962293629594
"1348",286,0.675,1,1.0257061013007
"1349",286.25,0.675,1,1.01068177527319
"1350",286.5,0.675,1,0.994556040457977
"1351",286.75,0.675,1,0.977675240944681
"1352",287,0.675,1,0.959826102021203
"1353",287.25,0.675,1,0.940991115322812
"1354",287.5,0.675,1,0.919889881232499
"1355",287.75,0.675,1,0.899929563121938
"1356",288,0.675,1,0.877391641352446
"1357",288.25,0.675,1,0.853046300198929
"1358",288.5,0.675,1,0.829693465979565
"1359",288.75,0.675,1,0.804954852253775
"1360",289,0.675,1,0.778608486242352
"1361",289.25,0.675,1,0.749943814097644
"1362",289.5,0.675,1,0.71771906212614
"1363",289.75,0.675,1,0.69180591479018
"1364",290,0.675,1,0.663872362905812
"1365",290.25,0.675,1,0.633266742391741
"1366",290.5,0.675,1,0.598908311517237
"1367",290.75,0.675,1,0.559025098128441
"1368",291,0.675,1,0.535470267583961
"1369",291.25,0.675,1,0.483679855926308
"1370",291.5,0.675,1,0.452718598258207
"1371",291.75,0.675,1,0.417035496653705
"1372",292,0.675,1,0.372719247946223
"1373",280,0.7,1,1.15243262315306
"1374",280.25,0.7,1,1.15363737048248
"1375",280.5,0.7,1,1.15442323384866
"1376",280.75,0.7,1,1.15490030359223
"1377",281,0.7,1,1.15518959969588
"1378",281.25,0.7,1,1.15497215731196
"1379",281.5,0.7,1,1.15436256708376
"1380",281.75,0.7,1,1.15318801301221
"1381",282,0.7,1,1.15169700566773
"1382",282.25,0.7,1,1.14971588996949
"1383",282.5,0.7,1,1.1470661079415
"1384",282.75,0.7,1,1.14385525412264
"1385",283,0.7,1,1.14019116113163
"1386",283.25,0.7,1,1.13575250271012
"1387",283.5,0.7,1,1.13064292120471
"1388",283.75,0.7,1,1.12469122474506
"1389",284,0.7,1,1.1181394213134
"1390",284.25,0.7,1,1.11067706637972
"1391",284.5,0.7,1,1.10254984378056
"1392",284.75,0.7,1,1.09345535479374
"1393",285,0.7,1,1.08350419950817
"1394",285.25,0.7,1,1.07267219598234
"1395",285.5,0.7,1,1.06081073585433
"1396",285.75,0.7,1,1.04815509688347
"1397",286,0.7,1,1.03444374411745
"1398",286.25,0.7,1,1.01960324953685
"1399",286.5,0.7,1,1.00392035438629
"1400",286.75,0.7,1,0.987104132058223
"1401",287,0.7,1,0.96974589948619
"1402",287.25,0.7,1,0.950921502433551
"1403",287.5,0.7,1,0.9307864551329
"1404",287.75,0.7,1,0.910381798716118
"1405",288,0.7,1,0.888894958750583
"1406",288.25,0.7,1,0.86608832601996
"1407",288.5,0.7,1,0.841712153335301
"1408",288.75,0.7,1,0.814999469978135
"1409",289,0.7,1,0.790169162649185
"1410",289.25,0.7,1,0.763574651230848
"1411",289.5,0.7,1,0.734680271347145
"1412",289.75,0.7,1,0.702270037346329
"1413",290,0.7,1,0.676590699480045
"1414",290.25,0.7,1,0.635935791237168
"1415",290.5,0.7,1,0.603477204003469
"1416",290.75,0.7,1,0.585052239037986
"1417",291,0.7,1,0.545721533755587
"1418",291.25,0.7,1,0.498448572612596
"1419",291.5,0.7,1,0.472018538615254
"1420",291.75,0.7,1,0.441929275025372
"1421",292,0.7,1,0.407180943105856
"1422",280,0.725,1,1.1546241086854
"1423",280.25,0.725,1,1.15577828594317
"1424",280.5,0.725,1,1.15666003383019
"1425",280.75,0.725,1,1.15736823644092
"1426",281,0.725,1,1.15762765180025
"1427",281.25,0.725,1,1.15752836202416
"1428",281.5,0.725,1,1.1570439400601
"1429",281.75,0.725,1,1.15601145383776
"1430",282,0.725,1,1.154661096237
"1431",282.25,0.725,1,1.15269455620566
"1432",282.5,0.725,1,1.15034113542291
"1433",282.75,0.725,1,1.1473013915961
"1434",283,0.725,1,1.14367499398976
"1435",283.25,0.725,1,1.13942141474993
"1436",283.5,0.725,1,1.13450834042253
"1437",283.75,0.725,1,1.12889825754601
"1438",284,0.725,1,1.12256268356874
"1439",284.25,0.725,1,1.11532800822829
"1440",284.5,0.725,1,1.10730631261073
"1441",284.75,0.725,1,1.09857825741177
"1442",285,0.725,1,1.08886530828959
"1443",285.25,0.725,1,1.07830326463313
"1444",285.5,0.725,1,1.06669917391175
"1445",285.75,0.725,1,1.05428125633801
"1446",286,0.725,1,1.04079545385464
"1447",286.25,0.725,1,1.02647557389659
"1448",286.5,0.725,1,1.01106818719029
"1449",286.75,0.725,1,0.994578149144085
"1450",287,0.725,1,0.977308169317212
"1451",287.25,0.725,1,0.959062747703459
"1452",287.5,0.725,1,0.939803250689726
"1453",287.75,0.725,1,0.919342187261494
"1454",288,0.725,1,0.89753134742771
"1455",288.25,0.725,1,0.875908966992327
"1456",288.5,0.725,1,0.850615989081376
"1457",288.75,0.725,1,0.825731147915575
"1458",289,0.725,1,0.802777247780025
"1459",289.25,0.725,1,0.773859867708893
"1460",289.5,0.725,1,0.747424195261282
"1461",289.75,0.725,1,0.718616531478238
"1462",290,0.725,1,0.686350042221598
"1463",290.25,0.725,1,0.661219639557966
"1464",290.5,0.725,1,0.620703645228764
"1465",290.75,0.725,1,0.588977690757408
"1466",291,0.725,1,0.552432774352845
"1467",291.25,0.725,1,0.532915680966717
"1468",291.5,0.725,1,0.486509877260463
"1469",291.75,0.725,1,0.460934649396788
"1470",292,0.725,1,0.395456680615865
"1471",280,0.75,1,1.15450161628369
"1472",280.25,0.75,1,1.15572161726966
"1473",280.5,0.75,1,1.15667850484918
"1474",280.75,0.75,1,1.15734180297568
"1475",281,0.75,1,1.15768927008028
"1476",281.25,0.75,1,1.15768626269712
"1477",281.5,0.75,1,1.15730434478375
"1478",281.75,0.75,1,1.15651487576293
"1479",282,0.75,1,1.15516621924353
"1480",282.25,0.75,1,1.15346378227251
"1481",282.5,0.75,1,1.15112568080622
"1482",282.75,0.75,1,1.14824296368386
"1483",283,0.75,1,1.14490756434824
"1484",283.25,0.75,1,1.14083861871927
"1485",283.5,0.75,1,1.13599163600028
"1486",283.75,0.75,1,1.13058791204158
"1487",284,0.75,1,1.12446314765602
"1488",284.25,0.75,1,1.1174642559024
"1489",284.5,0.75,1,1.10980415286966
"1490",284.75,0.75,1,1.10121012454987
"1491",285,0.75,1,1.0917589957341
"1492",285.25,0.75,1,1.0814571851502
"1493",285.5,0.75,1,1.07025991524424
"1494",285.75,0.75,1,1.05801316525586
"1495",286,0.75,1,1.04488753960612
"1496",286.25,0.75,1,1.03081135619631
"1497",286.5,0.75,1,1.01579096332329
"1498",286.75,0.75,1,0.999713751673905
"1499",287,0.75,1,0.982743426503248
"1500",287.25,0.75,1,0.964628224823161
"1501",287.5,0.75,1,0.946019831539526
"1502",287.75,0.75,1,0.925676778508811
"1503",288,0.75,1,0.904894826245161
"1504",288.25,0.75,1,0.882885442178734
"1505",288.5,0.75,1,0.859182000464956
"1506",288.75,0.75,1,0.836272083887002
"1507",289,0.75,1,0.811953232170223
"1508",289.25,0.75,1,0.785708738596877
"1509",289.5,0.75,1,0.756556694653271
"1510",289.75,0.75,1,0.730580850393927
"1511",290,0.75,1,0.702200709895174
"1512",290.25,0.75,1,0.670366598238618
"1513",290.5,0.75,1,0.633351161724022
"1514",290.75,0.75,1,0.605987705948403
"1515",291,0.75,1,0.5750850825841
"1516",291.25,0.75,1,0.539398538357886
"1517",291.5,0.75,1,0.496948704078438
"1518",291.75,0.75,1,0.475326241757705
"1519",292,0.75,1,0.418173490956253
"1520",280,0.775,1,1.15190641092008
"1521",280.25,0.775,1,1.15316754019867
"1522",280.5,0.775,1,1.15427810583075
"1523",280.75,0.775,1,1.15500545538729
"1524",281,0.775,1,1.15542104100794
"1525",281.25,0.775,1,1.15538716799025
"1526",281.5,0.775,1,1.15508598755894
"1527",281.75,0.775,1,1.15438662943067
"1528",282,0.775,1,1.15315790694257
"1529",282.25,0.775,1,1.15157778581543
"1530",282.5,0.775,1,1.14937550149446
"1531",282.75,0.775,1,1.14663793229297
"1532",283,0.775,1,1.14334780138116
"1533",283.25,0.775,1,1.13945607107484
"1534",283.5,0.775,1,1.13492377874558
"1535",283.75,0.775,1,1.12972938456131
"1536",284,0.775,1,1.12371886062278
"1537",284.25,0.775,1,1.11708041537901
"1538",284.5,0.775,1,1.10956606962036
"1539",284.75,0.775,1,1.10134865757196
"1540",285,0.775,1,1.09218888400491
"1541",285.25,0.775,1,1.08217002429466
"1542",285.5,0.775,1,1.07117097532868
"1543",285.75,0.775,1,1.05935669644835
"1544",286,0.775,1,1.04653001709938
"1545",286.25,0.775,1,1.03285088414102
"1546",286.5,0.775,1,1.0181282617378
"1547",286.75,0.775,1,1.00241034069063
"1548",287,0.775,1,0.985880166937322
"1549",287.25,0.775,1,0.968140416554453
"1550",287.5,0.775,1,0.949674651088877
"1551",287.75,0.775,1,0.930170301188708
"1552",288,0.775,1,0.909366044128954
"1553",288.25,0.775,1,0.888521526603968
"1554",288.5,0.775,1,0.864593184937577
"1555",288.75,0.775,1,0.840549042183263
"1556",289,0.775,1,0.817892995623957
"1557",289.25,0.775,1,0.79369428081784
"1558",289.5,0.775,1,0.762079365032642
"1559",289.75,0.775,1,0.738729892397266
"1560",290,0.775,1,0.705185214700335
"1561",290.25,0.775,1,0.675940508751333
"1562",290.5,0.775,1,0.642502406776565
"1563",290.75,0.775,1,0.618428218308879
"1564",291,0.775,1,0.574568384101974
"1565",291.25,0.775,1,0.542034840039826
"1566",291.5,0.775,1,0.503562403197289
"1567",291.75,0.775,1,0.485796080674326
"1568",292,0.775,1,0.434930184155728
"1569",280,0.8,1,1.14668355006082
"1570",280.25,0.8,1,1.14795345814546
"1571",280.5,0.8,1,1.14907226570111
"1572",280.75,0.8,1,1.14982868725575
"1573",281,0.8,1,1.15019689876017
"1574",281.25,0.8,1,1.15033042567392
"1575",281.5,0.8,1,1.15009330489908
"1576",281.75,0.8,1,1.14936767424545
"1577",282,0.8,1,1.1483377948173
"1578",282.25,0.8,1,1.14677334891576
"1579",282.5,0.8,1,1.14471240680032
"1580",282.75,0.8,1,1.14223533463542
"1581",283,0.8,1,1.13912225580165
"1582",283.25,0.8,1,1.13541272495626
"1583",283.5,0.8,1,1.13099667663853
"1584",283.75,0.8,1,1.12603972751582
"1585",284,0.8,1,1.12037992783674
"1586",284.25,0.8,1,1.11393250229404
"1587",284.5,0.8,1,1.10680877986863
"1588",284.75,0.8,1,1.0988089904587
"1589",285,0.8,1,1.08998969211575
"1590",285.25,0.8,1,1.0803088334017
"1591",285.5,0.8,1,1.06974534246823
"1592",285.75,0.8,1,1.05817546150751
"1593",286,0.8,1,1.0457616924405
"1594",286.25,0.8,1,1.03230509463009
"1595",286.5,0.8,1,1.01799834535834
"1596",286.75,0.8,1,1.002608938786
"1597",287,0.8,1,0.986431208545271
"1598",287.25,0.8,1,0.969304860605525
"1599",287.5,0.8,1,0.951118125173153
"1600",287.75,0.8,1,0.931778293259199
"1601",288,0.8,1,0.912079538656184
"1602",288.25,0.8,1,0.891214120560429
"1603",288.5,0.8,1,0.868942198381391
"1604",288.75,0.8,1,0.844507635729666
"1605",289,0.8,1,0.820536880517529
"1606",289.25,0.8,1,0.798415113855128
"1607",289.5,0.8,1,0.769898530945368
"1608",289.75,0.8,1,0.743251211973845
"1609",290,0.8,1,0.713085041796391
"1610",290.25,0.8,1,0.687907248767772
"1611",290.5,0.8,1,0.659649349389694
"1612",290.75,0.8,1,0.627185513901845
"1613",291,0.8,1,0.588418963947272
"1614",291.25,0.8,1,0.561403120098963
"1615",291.5,0.8,1,0.529931877201209
"1616",291.75,0.8,1,0.492520936309442
"1617",292,0.8,1,0.446960671921527
"1618",280,0.825,1,1.138472560036
"1619",280.25,0.825,1,1.13970946843428
"1620",280.5,0.825,1,1.14070939510202
"1621",280.75,0.825,1,1.14145219504888
"1622",281,0.825,1,1.14191995976689
"1623",281.25,0.825,1,1.14200011503295
"1624",281.5,0.825,1,1.14181914761538
"1625",281.75,0.825,1,1.14126296876917
"1626",282,0.825,1,1.14023186769175
"1627",282.25,0.825,1,1.13877862005064
"1628",282.5,0.825,1,1.13694746808034
"1629",282.75,0.825,1,1.13455078081502
"1630",283,0.825,1,1.13165065221245
"1631",283.25,0.825,1,1.12819060377008
"1632",283.5,0.825,1,1.12407896304374
"1633",283.75,0.825,1,1.11942499085432
"1634",284,0.825,1,1.11411591117107
"1635",284.25,0.825,1,1.10804072432772
"1636",284.5,0.825,1,1.10129775142161
"1637",284.75,0.825,1,1.09373675967285
"1638",285,0.825,1,1.08533064009657
"1639",285.25,0.825,1,1.07607422344288
"1640",285.5,0.825,1,1.0658818904298
"1641",285.75,0.825,1,1.05472390551616
"1642",286,0.825,1,1.04264992371812
"1643",286.25,0.825,1,1.02949827871965
"1644",286.5,0.825,1,1.01553894753535
"1645",286.75,0.825,1,1.00055748132938
"1646",287,0.825,1,0.984638064426945
"1647",287.25,0.825,1,0.967705730611316
"1648",287.5,0.825,1,0.949755210863108
"1649",287.75,0.825,1,0.931249261532908
"1650",288,0.825,1,0.911694225978955
"1651",288.25,0.825,1,0.890749172871008
"1652",288.5,0.825,1,0.869901556356089
"1653",288.75,0.825,1,0.847527293250795
"1654",289,0.825,1,0.823071947047318
"1655",289.25,0.825,1,0.79956460368174
"1656",289.5,0.825,1,0.773592595168138
"1657",289.75,0.825,1,0.750223451658831
"1658",290,0.825,1,0.7168254661464
"1659",290.25,0.825,1,0.695297853193064
"1660",290.5,0.825,1,0.660628548237819
"1661",290.75,0.825,1,0.631851247990297
"1662",291,0.825,1,0.597861777988599
"1663",291.25,0.825,1,0.575320875643866
"1664",291.5,0.825,1,0.528526586440926
"1665",291.75,0.825,1,0.495214669410815
"1666",292,0.825,1,0.454666340425665
"1667",280,0.85,1,1.12671744440323
"1668",280.25,0.85,1,1.127883318347
"1669",280.5,0.85,1,1.12882616772431
"1670",280.75,0.85,1,1.12952297587141
"1671",281,0.85,1,1.12994848461483
"1672",281.25,0.85,1,1.13001379508496
"1673",281.5,0.85,1,1.12983957697708
"1674",281.75,0.85,1,1.12925710070196
"1675",282,0.85,1,1.12838404795334
"1676",282.25,0.85,1,1.12705637802102
"1677",282.5,0.85,1,1.12532715851948
"1678",282.75,0.85,1,1.12316075346288
"1679",283,0.85,1,1.12052957547247
"1680",283.25,0.85,1,1.11742372102993
"1681",283.5,0.85,1,1.11382073572867
"1682",283.75,0.85,1,1.10965871472215
"1683",284,0.85,1,1.10485191022087
"1684",284.25,0.85,1,1.09945912194773
"1685",284.5,0.85,1,1.09329619452673
"1686",284.75,0.85,1,1.08632413919454
"1687",285,0.85,1,1.07856504615693
"1688",285.25,0.85,1,1.06983307159407
"1689",285.5,0.85,1,1.06015008972308
"1690",285.75,0.85,1,1.0494053171129
"1691",286,0.85,1,1.03767132799382
"1692",286.25,0.85,1,1.02483693094017
"1693",286.5,0.85,1,1.01105399134912
"1694",286.75,0.85,1,0.996242934542348
"1695",287,0.85,1,0.980417874525075
"1696",287.25,0.85,1,0.96348352591701
"1697",287.5,0.85,1,0.946076819957743
"1698",287.75,0.85,1,0.92765157450198
"1699",288,0.85,1,0.908015935938545
"1700",288.25,0.85,1,0.888333638298024
"1701",288.5,0.85,1,0.867314223101272
"1702",288.75,0.85,1,0.844228201700222
"1703",289,0.85,1,0.821665141541639
"1704",289.25,0.85,1,0.800776075706315
"1705",289.5,0.85,1,0.773252987913219
"1706",289.75,0.85,1,0.746947027995083
"1707",290,0.85,1,0.724164198187337
"1708",290.25,0.85,1,0.698418634165377
"1709",290.5,0.85,1,0.668481943462924
"1710",290.75,0.85,1,0.63201297885527
"1711",291,0.85,1,0.602615102984907
"1712",291.25,0.85,1,0.566968141787805
"1713",291.5,0.85,1,0.54468296920247
"1714",291.75,0.85,1,0.518111643900407
"1715",292,0.85,1,0.485912607805288
"1716",280,0.875,1,1.11076662080682
"1717",280.25,0.875,1,1.11179221710478
"1718",280.5,0.875,1,1.11261198439062
"1719",280.75,0.875,1,1.11321525188832
"1720",281,0.875,1,1.11358204303648
"1721",281.25,0.875,1,1.11362894100538
"1722",281.5,0.875,1,1.11345058009443
"1723",281.75,0.875,1,1.11291645975479
"1724",282,0.875,1,1.11207149492786
"1725",282.25,0.875,1,1.11095606670372
"1726",282.5,0.875,1,1.10944191247557
"1727",282.75,0.875,1,1.10759507408954
"1728",283,0.875,1,1.10541086541706
"1729",283.25,0.875,1,1.10286943430097
"1730",283.5,0.875,1,1.09989312653857
"1731",283.75,0.875,1,1.09649386026408
"1732",284,0.875,1,1.09259015302231
"1733",284.25,0.875,1,1.08796590496287
"1734",284.5,0.875,1,1.0826042107212
"1735",284.75,0.875,1,1.07632885088466
"1736",285,0.875,1,1.06909091199652
"1737",285.25,0.875,1,1.06083922141481
"1738",285.5,0.875,1,1.05156555194555
"1739",285.75,0.875,1,1.04128059378971
"1740",286,0.875,1,1.029932269966
"1741",286.25,0.875,1,1.01754467960603
"1742",286.5,0.875,1,1.00411804428129
"1743",286.75,0.875,1,0.989591824276852
"1744",287,0.875,1,0.973968977233426
"1745",287.25,0.875,1,0.95756475470561
"1746",287.5,0.875,1,0.940197463395113
"1747",287.75,0.875,1,0.921811074959836
"1748",288,0.875,1,0.902086420853319
"1749",288.25,0.875,1,0.882156282294517
"1750",288.5,0.875,1,0.862772701790902
"1751",288.75,0.875,1,0.842055018092156
"1752",289,0.875,1,0.819438858562928
"1753",289.25,0.875,1,0.793442265276641
"1754",289.5,0.875,1,0.773621950776384
"1755",289.75,0.875,1,0.745317888644179
"1756",290,0.875,1,0.71895969126819
"1757",290.25,0.875,1,0.697065953438735
"1758",290.5,0.875,1,0.66011097975131
"1759",290.75,0.875,1,0.640823613714197
"1760",291,0.875,1,0.602375027161974
"1761",291.25,0.875,1,0.572255230618314
"1762",291.5,0.875,1,0.534659599754383
"1763",291.75,0.875,1,0.512377057047073
"1764",292,0.875,1,0.484763748663896
"1765",280,0.9,1,1.08965437343301
"1766",280.25,0.9,1,1.09048018183435
"1767",280.5,0.9,1,1.09112596105535
"1768",280.75,0.9,1,1.09157178142354
"1769",281,0.9,1,1.09176116017831
"1770",281.25,0.9,1,1.09177827863426
"1771",281.5,0.9,1,1.09151980505396
"1772",281.75,0.9,1,1.09102926402716
"1773",282,0.9,1,1.09035007701813
"1774",282.25,0.9,1,1.08940709726285
"1775",282.5,0.9,1,1.08827154116641
"1776",282.75,0.9,1,1.08694657574177
"1777",283,0.9,1,1.08544455738367
"1778",283.25,0.9,1,1.08365656081585
"1779",283.5,0.9,1,1.08149550362473
"1780",283.75,0.9,1,1.07873071469303
"1781",284,0.9,1,1.07527027782499
"1782",284.25,0.9,1,1.07091911591388
"1783",284.5,0.9,1,1.06566959642897
"1784",284.75,0.9,1,1.05948340764227
"1785",285,0.9,1,1.05238446865712
"1786",285.25,0.9,1,1.04437670373782
"1787",285.5,0.9,1,1.03542577194813
"1788",285.75,0.9,1,1.02554966219267
"1789",286,0.9,1,1.01479102868847
"1790",286.25,0.9,1,1.00314951032035
"1791",286.5,0.9,1,0.990573630976914
"1792",286.75,0.9,1,0.977068549138547
"1793",287,0.9,1,0.962438826237593
"1794",287.25,0.9,1,0.946928234391374
"1795",287.5,0.9,1,0.930243304943923
"1796",287.75,0.9,1,0.912108081459037
"1797",288,0.9,1,0.893557201666487
"1798",288.25,0.9,1,0.873555551433928
"1799",288.5,0.9,1,0.853952472902908
"1800",288.75,0.9,1,0.832684539376199
"1801",289,0.9,1,0.812439812294785
"1802",289.25,0.9,1,0.789884304160581
"1803",289.5,0.9,1,0.763325087887814
"1804",289.75,0.9,1,0.738113748295095
"1805",290,0.9,1,0.716310909927581
"1806",290.25,0.9,1,0.690147094167667
"1807",290.5,0.9,1,0.657548633208954
"1808",290.75,0.9,1,0.630480054758731
"1809",291,0.9,1,0.612672588089376
"1810",291.25,0.9,1,0.571886980675691
"1811",291.5,0.9,1,0.540808828412776
"1812",291.75,0.9,1,0.525364631874541
"1813",292,0.9,1,0.47827539634121
"1814",280,0.925,1,1.06159723728925
"1815",280.25,0.925,1,1.06210230587925
"1816",280.5,0.925,1,1.06248279283333
"1817",280.75,0.925,1,1.06269900656797
"1818",281,0.925,1,1.06271122292585
"1819",281.25,0.925,1,1.06259082642509
"1820",281.5,0.925,1,1.06229433118637
"1821",281.75,0.925,1,1.06190186373508
"1822",282,0.925,1,1.06139128264879
"1823",282.25,0.925,1,1.06082511306892
"1824",282.5,0.925,1,1.06021776733212
"1825",282.75,0.925,1,1.05947048892058
"1826",283,0.925,1,1.05843436252973
"1827",283.25,0.925,1,1.05682442683104
"1828",283.5,0.925,1,1.05454825915966
"1829",283.75,0.925,1,1.05143417562138
"1830",284,0.925,1,1.0475695392475
"1831",284.25,0.925,1,1.04286546854771
"1832",284.5,0.925,1,1.03746308118118
"1833",284.75,0.925,1,1.03138778066438
"1834",285,0.925,1,1.02458046049843
"1835",285.25,0.925,1,1.01703258413963
"1836",285.5,0.925,1,1.00874510359155
"1837",285.75,0.925,1,0.999656511105989
"1838",286,0.925,1,0.989709584668405
"1839",286.25,0.925,1,0.978867817466252
"1840",286.5,0.925,1,0.967222356911391
"1841",286.75,0.925,1,0.9547771819799
"1842",287,0.925,1,0.941624393205341
"1843",287.25,0.925,1,0.927010960591511
"1844",287.5,0.925,1,0.912550820382637
"1845",287.75,0.925,1,0.895881279632407
"1846",288,0.925,1,0.878495234825306
"1847",288.25,0.925,1,0.858783583708461
"1848",288.5,0.925,1,0.839042051948615
"1849",288.75,0.925,1,0.82038311149864
"1850",289,0.925,1,0.79949032550294
"1851",289.25,0.925,1,0.774993267039248
"1852",289.5,0.925,1,0.751915350572342
"1853",289.75,0.925,1,0.731856428817288
"1854",290,0.925,1,0.707156422964641
"1855",290.25,0.925,1,0.686873765742362
"1856",290.5,0.925,1,0.661085315890582
"1857",290.75,0.925,1,0.627371972561231
"1858",291,0.925,1,0.60041097018162
"1859",291.25,0.925,1,0.564628704465265
"1860",291.5,0.925,1,0.540499027693153
"1861",291.75,0.925,1,0.508054877153749
"1862",292,0.925,1,0.493801447217352
"1863",280,0.95,1,1.0234130021833
"1864",280.25,0.95,1,1.02350849363815
"1865",280.5,0.95,1,1.02347219144777
"1866",280.75,0.95,1,1.02336342635458
"1867",281,0.95,1,1.02313165311654
"1868",281.25,0.95,1,1.022821821762
"1869",281.5,0.95,1,1.02244807239556
"1870",281.75,0.95,1,1.02210162255771
"1871",282,0.95,1,1.02178262325639
"1872",282.25,0.95,1,1.02143911398354
"1873",282.5,0.95,1,1.02088485046219
"1874",282.75,0.95,1,1.01986005885684
"1875",283,0.95,1,1.01820747283548
"1876",283.25,0.95,1,1.01588405443032
"1877",283.5,0.95,1,1.01297389798682
"1878",283.75,0.95,1,1.00950495904756
"1879",284,0.95,1,1.00544864501194
"1880",284.25,0.95,1,1.00096448596351
"1881",284.5,0.95,1,0.995928763702271
"1882",284.75,0.95,1,0.990378035659756
"1883",285,0.95,1,0.984254095410088
"1884",285.25,0.95,1,0.977618463995837
"1885",285.5,0.95,1,0.970341939559838
"1886",285.75,0.95,1,0.962391515798624
"1887",286,0.95,1,0.953693277284471
"1888",286.25,0.95,1,0.944153707919085
"1889",286.5,0.95,1,0.933562680201071
"1890",286.75,0.95,1,0.922335113164045
"1891",287,0.95,1,0.91024069208465
"1892",287.25,0.95,1,0.897501392027366
"1893",287.5,0.95,1,0.883631285918496
"1894",287.75,0.95,1,0.869643159830348
"1895",288,0.95,1,0.854065009744934
"1896",288.25,0.95,1,0.835469937874278
"1897",288.5,0.95,1,0.816700209776681
"1898",288.75,0.95,1,0.798808197050319
"1899",289,0.95,1,0.776658491594366
"1900",289.25,0.95,1,0.75628382307468
"1901",289.5,0.95,1,0.739309028398261
"1902",289.75,0.95,1,0.717450723542053
"1903",290,0.95,1,0.688280769278441
"1904",290.25,0.95,1,0.662600127657547
"1905",290.5,0.95,1,0.64313749991948
"1906",290.75,0.95,1,0.615524623549746
"1907",291,0.95,1,0.597113710793565
"1908",291.25,0.95,1,0.570074762204357
"1909",291.5,0.95,1,0.531829412577268
"1910",291.75,0.95,1,0.507840790022779
"1911",292,0.95,1,0.473364113250293
"1912",280,0.975,1,0.96759657573945
"1913",280.25,0.975,1,0.966988111705981
"1914",280.5,0.975,1,0.966290717856111
"1915",280.75,0.975,1,0.965566763227584
"1916",281,0.975,1,0.964828843260375
"1917",281.25,0.975,1,0.964111481297773
"1918",281.5,0.975,1,0.963424729846527
"1919",281.75,0.975,1,0.962764488779699
"1920",282,0.975,1,0.962000233265774
"1921",282.25,0.975,1,0.960937800966269
"1922",282.5,0.975,1,0.959432543455105
"1923",282.75,0.975,1,0.957493635971793
"1924",283,0.975,1,0.95513253503639
"1925",283.25,0.975,1,0.952447914080892
"1926",283.5,0.975,1,0.949429649067449
"1927",283.75,0.975,1,0.946130831500522
"1928",284,0.975,1,0.942469819521205
"1929",284.25,0.975,1,0.938509175428626
"1930",284.5,0.975,1,0.934251278876588
"1931",284.75,0.975,1,0.929626664493127
"1932",285,0.975,1,0.924554672237715
"1933",285.25,0.975,1,0.919114384993998
"1934",285.5,0.975,1,0.913247207472695
"1935",285.75,0.975,1,0.906925070927429
"1936",286,0.975,1,0.900074283257423
"1937",286.25,0.975,1,0.892637141713865
"1938",286.5,0.975,1,0.884489762949632
"1939",286.75,0.975,1,0.875080651505777
"1940",287,0.975,1,0.864395694134346
"1941",287.25,0.975,1,0.853302151623786
"1942",287.5,0.975,1,0.840406335609517
"1943",287.75,0.975,1,0.828291324925723
"1944",288,0.975,1,0.813231560050848
"1945",288.25,0.975,1,0.799815382934835
"1946",288.5,0.975,1,0.781556652468292
"1947",288.75,0.975,1,0.765215386639292
"1948",289,0.975,1,0.741331912589319
"1949",289.25,0.975,1,0.71940767007522
"1950",289.5,0.975,1,0.700980576529862
"1951",289.75,0.975,1,0.688421199811066
"1952",290,0.975,1,0.66692890828979
"1953",290.25,0.975,1,0.633494599274745
"1954",290.5,0.975,1,0.606142839884237
"1955",290.75,0.975,1,0.587892077695031
"1956",291,0.975,1,0.557179451254513
"1957",291.25,0.975,1,0.539443039909499
"1958",291.5,0.975,1,0.508736279940467
"1959",291.75,0.975,1,0.496803875954615
"1960",292,0.975,1,0.472783021631822
"1961",280,1,1,0.86053980369368
"1962",280.25,1,1,0.858277264196737
"1963",280.5,1,1,0.855985295054251
"1964",280.75,1,1,0.853663678203843
"1965",281,1,1,0.851312198155397
"1966",281.25,1,1,0.848930642131601
"1967",281.5,1,1,0.846518800211142
"1968",281.75,1,1,0.844076465474561
"1969",282,1,1,0.841603434152744
"1970",282.25,1,1,0.839099505778047
"1971",282.5,1,1,0.836564483338035
"1972",282.75,1,1,0.833998173431827
"1973",283,1,1,0.831400386429013
"1974",283.25,1,1,0.828770936631138
"1975",283.5,1,1,0.826109642435708
"1976",283.75,1,1,0.823416326502705
"1977",284,1,1,0.820690815923571
"1978",284.25,1,1,0.817932942392629
"1979",284.5,1,1,0.815142542380891
"1980",284.75,1,1,0.812319457312232
"1981",285,1,1,0.809463533741859
"1982",285.25,1,1,0.806574623537042
"1983",285.5,1,1,0.803652584060049
"1984",285.75,1,1,0.800697278353217
"1985",286,1,1,0.797708575326116
"1986",286.25,1,1,0.794686349944718
"1987",286.5,1,1,0.791630483422515
"1988",286.75,1,1,0.788540863413508
"1989",287,1,1,0.782696881301614
"1990",287.25,1,1,0.774576798685162
"1991",287.5,1,1,0.760063297450911
"1992",287.75,1,1,0.703993654909618
"1993",288,1,1,0.728290619300274
"1994",288.25,1,1,0.635099331152972
"1995",288.5,1,1,0.669269986679422
"1996",288.75,1,1,0.641065364806414
"1997",289,1,1,0.645123046761441
"1998",289.25,1,1,0.5881008259227
"1999",289.5,1,1,0.562046270477129
"2000",289.75,1,1,0.56907523958474
"2001",290,1,1,0.512516148349375
"2002",290.25,1,1,0.49176505299402
"2003",290.5,1,1,0.506734614269418
"2004",290.75,1,1,0.467504060999708
"2005",291,1,1,0.46736392512552
"2006",291.25,1,1,0.421768340022562
"2007",291.5,1,1,0.419864012317873
"2008",291.75,1,1,0.455487515829102
"2009",292,1,1,0.386730299436514
