"T","kappa","Y","Lambda"
"1",280,0,1,2.76665750745426e-15
"2",280.25,0,1,2.04234018732276e-15
"3",280.5,0,1,1.50131265327332e-15
"4",280.75,0,1,1.09891539335332e-15
"5",281,0,1,8.0091575020637e-16
"6",281.25,0,1,5.8118986876312e-16
"7",281.5,0,1,4.19891187790768e-16
"8",281.75,0,1,3.02010228710813e-16
"9",282,0,1,2.16247499702412e-16
"10",282.25,0,1,1.54135690354955e-16
"11",282.5,0,1,1.09359336628835e-16
"12",282.75,0,1,7.72301116047374e-17
"13",283,0,1,5.42841369187721e-17
"14",283.25,0,1,3.79744706808161e-17
"15",283.5,0,1,2.64374719842511e-17
"16",283.75,0,1,1.83161432578108e-17
"17",284,0,1,1.26272950561038e-17
"18",284.25,0,1,8.66213254192033e-18
"19",284.5,0,1,5.91225639786282e-18
"20",284.75,0,1,4.01486644194315e-18
"21",285,0,1,2.71239883264886e-18
"22",285.25,0,1,1.82295320271919e-18
"23",285.5,0,1,1.21874167498491e-18
"24",285.75,0,1,8.10468880475758e-19
"25",286,0,1,5.36072655748904e-19
"26",286.25,0,1,3.52652855485962e-19
"27",286.5,0,1,2.3071780949121e-19
"28",286.75,0,1,1.50105996792448e-19
"29",287,0,1,9.71116047892526e-20
"30",287.25,0,1,6.24702226097638e-20
"31",287.5,0,1,3.99554650874989e-20
"32",287.75,0,1,2.54069556593004e-20
"33",288,0,1,1.60610586029165e-20
"34",288.25,0,1,1.00928147355735e-20
"35",288.5,0,1,6.30431980901864e-21
"36",288.75,0,1,3.91401850289947e-21
"37",289,0,1,2.41510945403002e-21
"38",289.25,0,1,1.48098399635451e-21
"39",289.5,0,1,9.02471529505664e-22
"40",289.75,0,1,5.46456928528394e-22
"41",290,0,1,3.28766093513852e-22
"42",290.25,0,1,1.9651505489816e-22
"43",290.5,0,1,1.16694693734613e-22
"44",290.75,0,1,6.88368976286651e-23
"45",291,0,1,4.03342963860287e-23
"46",291.25,0,1,2.34735346634501e-23
"47",291.5,0,1,1.35675295241719e-23
"48",291.75,0,1,7.78768688558304e-24
"49",292,0,1,4.43882912514225e-24
"50",280,0.025,1,0
"51",280.25,0.025,1,0
"52",280.5,0.025,1,0
"53",280.75,0.025,1,0
"54",281,0.025,1,0
"55",281.25,0.025,1,0
"56",281.5,0.025,1,0
"57",281.75,0.025,1,0
"58",282,0.025,1,0
"59",282.25,0.025,1,0
"60",282.5,0.025,1,0
"61",282.75,0.025,1,0
"62",283,0.025,1,0
"63",283.25,0.025,1,0
"64",283.5,0.025,1,0
"65",283.75,0.025,1,0
"66",284,0.025,1,0
"67",284.25,0.025,1,0
"68",284.5,0.025,1,0
"69",284.75,0.025,1,0
"70",285,0.025,1,0
"71",285.25,0.025,1,0
"72",285.5,0.025,1,0
"73",285.75,0.025,1,0
"74",286,0.025,1,0
"75",286.25,0.025,1,0
"76",286.5,0.025,1,0
"77",286.75,0.025,1,0
"78",287,0.025,1,0
"79",287.25,0.025,1,0
"80",287.5,0.025,1,0
"81",287.75,0.025,1,0
"82",288,0.025,1,0
"83",288.25,0.025,1,0
"84",288.5,0.025,1,0
"85",288.75,0.025,1,0
"86",289,0.025,1,0
"87",289.25,0.025,1,1.69843477343865e-13
"88",289.5,0.025,1,8.67484135493839e-14
"89",289.75,0.025,1,4.30800121462492e-14
"90",290,0.025,1,2.0798708396764e-14
"91",290.25,0.025,1,9.7623847670725e-15
"92",290.5,0.025,1,4.45573472194809e-15
"93",290.75,0.025,1,1.97827408465016e-15
"94",291,0.025,1,8.54857719474782e-16
"95",291.25,0.025,1,3.59794616688345e-16
"96",291.5,0.025,1,1.47624275156408e-16
"97",291.75,0.025,1,5.91103694953169e-17
"98",292,0.025,1,2.31260190097378e-17
"99",280,0.05,1,0.0870639293799634
"100",280.25,0.05,1,0.083418332317935
"101",280.5,0.05,1,0.079871743339325
"102",280.75,0.05,1,0.0764239067171386
"103",281,0.05,1,0.0730744673500313
"104",281.25,0.05,1,0.0698229719787994
"105",281.5,0.05,1,0.066668870629838
"106",281.75,0.05,1,0.0636115182829612
"107",282,0.05,1,0.0606501767600989
"108",282.25,0.05,1,0.0577840168304952
"109",282.5,0.05,1,0.0550121205271478
"110",282.75,0.05,1,0.0523334836683416
"111",283,0.05,1,0.0497470185772569
"112",283.25,0.05,1,0.0472515569917933
"113",283.5,0.05,1,0.0448458531558424
"114",283.75,0.05,1,0.0425285870825231
"115",284,0.05,1,0.0402983679790054
"116",284.25,0.05,1,0.0381537378218965
"117",284.5,0.05,1,0.0360931750712991
"118",284.75,0.05,1,0.0341150985111374
"119",285,0.05,1,0.0322178712026216
"120",285.25,0.05,1,0.0303998045371957
"121",285.5,0.05,1,0.02865916237481
"122",285.75,0.05,1,0.0269941652529316
"123",286,0.05,1,0.0254029946513543
"124",286.25,0.05,1,0
"125",286.5,0.05,1,0
"126",286.75,0.05,1,0
"127",287,0.05,1,0
"128",287.25,0.05,1,0
"129",287.5,0.05,1,0
"130",287.75,0.05,1,0
"131",288,0.05,1,0
"132",288.25,0.05,1,0
"133",288.5,0.05,1,0
"134",288.75,0.05,1,0
"135",289,0.05,1,0
"136",289.25,0.05,1,0
"137",289.5,0.05,1,0
"138",289.75,0.05,1,0
"139",290,0.05,1,0
"140",290.25,0.05,1,0
"141",290.5,0.05,1,0
"142",290.75,0.05,1,0
"143",291,0.05,1,0
"144",291.25,0.05,1,0
"145",291.5,0.05,1,0
"146",291.75,0.05,1,1.08531961361196e-13
"147",292,0.05,1,4.60335870824721e-14
"148",280,0.075,1,0.0870513136791187
"149",280.25,0.075,1,0.0834059963335083
"150",280.5,0.075,1,0.0798596962224364
"151",280.75,0.075,1,0.0764121574260965
"152",281,0.075,1,0.0730630246056952
"153",281.25,0.075,1,0.0698118442149067
"154",281.5,0.075,1,0.0666580659382066
"155",281.75,0.075,1,0.0636010443536024
"156",282,0.075,1,0.0606400408164271
"157",282.25,0.075,1,0.0577742255599985
"158",282.5,0.075,1,0.0550026800080933
"159",282.75,0.075,1,0.0523243992933206
"160",283,0.075,1,0.0497382949746297
"161",283.25,0.075,1,0.0472431979463374
"162",283.5,0.075,1,0.0448378615302187
"163",283.75,0.075,1,0.042520964741373
"164",284,0.075,1,0.0402911157177625
"165",284.25,0.075,1,0.0381468553025102
"166",284.5,0.075,1,0.0360866607672674
"167",284.75,0.075,1,0.0341089496641975
"168",285,0.075,1,0.0322120837934069
"169",285.25,0.075,1,0.030394373271968
"170",285.5,0.075,1,0.0286540806900669
"171",285.75,0.075,1,0.0269894253392508
"172",286,0.075,1,0.0253985874972942
"173",286.25,0.075,1,0.0238797127538373
"174",286.5,0.075,1,0.0224309163607089
"175",286.75,0.075,1,0.021050287591637
"176",287,0.075,1,0.0197358940888064
"177",287.25,0.075,1,0.0184857861993175
"178",287.5,0.075,1,0.0172980012540325
"179",287.75,0.075,1,0.0161705678053123
"180",288,0.075,1,0.0151015097898228
"181",288.25,0.075,1,0.0140888506086744
"182",288.5,0.075,1,0.0131306171106106
"183",288.75,0.075,1,0.0122248434656535
"184",289,0.075,1,0.011369574917452
"185",289.25,0.075,1,0.0105628714033362
"186",289.5,0.075,1,0.00980281103208735
"187",289.75,0.075,1,0.00908749341006971
"188",290,0.075,1,0
"189",290.25,0.075,1,0
"190",290.5,0.075,1,0
"191",290.75,0.075,1,0
"192",291,0.075,1,0
"193",291.25,0.075,1,0
"194",291.5,0.075,1,0
"195",291.75,0.075,1,0
"196",292,0.075,1,0
"197",280,0.1,1,0.0870359185625247
"198",280.25,0.1,1,0.0833908384976989
"199",280.5,0.1,1,0.0798447901926991
"200",280.75,0.1,1,0.0763975180425896
"201",281,0.1,1,0.0730486669778898
"202",281.25,0.1,1,0.0697977836637273
"203",281.5,0.1,1,0.0666443179246165
"204",281.75,0.1,1,0.063587624392516
"205",282,0.1,1,0.0606269643750395
"206",282.25,0.1,1,0.0577615079399296
"207",282.5,0.1,1,0.0549903362111494
"208",282.75,0.1,1,0.0523124438711945
"209",283,0.1,1,0.0497267418634877
"210",283.25,0.1,1,0.0472320602879843
"211",283.5,0.1,1,0.0448271514823189
"212",283.75,0.1,1,0.0425106932801333
"213",284,0.1,1,0.0402812924373421
"214",284.25,0.1,1,0.0381374882163054
"215",284.5,0.1,1,0.0360777561169837
"216",284.75,0.1,1,0.0341005117432203
"217",285,0.1,1,0.0322041147913369
"218",285.25,0.1,1,0.0303868731472285
"219",285.5,0.1,1,0.0286470470771577
"220",285.75,0.1,1,0.0269828534964819
"221",286,0.1,1,0.0253924702996712
"222",286.25,0.1,1,0.023874040734222
"223",286.5,0.1,1,0.0224256778005034
"224",286.75,0.1,1,0.0210454686592385
"225",287,0.1,1,0.019731479028255
"226",287.25,0.1,1,0.0184817575503841
"227",287.5,0.1,1,0.0172943401148898
"228",287.75,0.1,1,0.0161672541156398
"229",288,0.1,1,0.015098522630252
"230",288.25,0.1,1,0.0140861685056652
"231",288.5,0.1,1,0.0131282183368969
"232",288.75,0.1,1,0.0122227063270882
"233",289,0.1,1,0.0113676780182344
"234",289.25,0.1,1,0.0105611938832043
"235",289.5,0.1,1,0.00980133277121889
"236",289.75,0.1,1,0.00908619519586434
"237",290,0.1,1,0.00841390646956818
"238",290.25,0.1,1,0.00778261966097506
"239",290.5,0.1,1,0.00719051838742333
"240",290.75,0.1,1,0.00663581942709524
"241",291,0.1,1,0.00611677515001493
"242",291.25,0.1,1,0.0056316757635633
"243",291.5,0.1,1,0.00517885136932527
"244",291.75,0.1,1,0
"245",292,0.1,1,0
"246",280,0.125,1,0.0870166165913313
"247",280.25,0.125,1,0.0833716813930887
"248",280.5,0.125,1,0.0798257980843021
"249",280.75,0.125,1,0.0763787123292114
"250",281,0.125,1,0.0730300703348451
"251",281.25,0.125,1,0.0697794200293585
"252",281.5,0.125,1,0.0666262124616099
"253",281.75,0.125,1,0.0635698034195989
"254",282,0.125,1,0.0606094552644493
"255",282.25,0.125,1,0.0577443389762576
"256",282.5,0.125,1,0.0549735364075675
"257",282.75,0.125,1,0.052296042739817
"258",283,0.125,1,0.0497107691377496
"259",283.25,0.125,1,0.0472165455964057
"260",283.5,0.125,1,0.0448121239750661
"261",283.75,0.125,1,0.0424961812120592
"262",284,0.125,1,0.0402673227140064
"263",284.25,0.125,1,0.0381240859123635
"264",284.5,0.125,1,0.0360649439794191
"265",284.75,0.125,1,0.0340883096947443
"266",285,0.125,1,0.0321925394517997
"267",285.25,0.125,1,0.0303759373925537
"268",285.5,0.125,1,0.0286367596562003
"269",285.75,0.125,1,0.0269732187256627
"270",286,0.125,1,0.0253834878533954
"271",286.25,0.125,1,0.023865705545762
"272",286.5,0.125,1,0.022417980083348
"273",286.75,0.125,1,0.0210383940531376
"274",287,0.125,1,0.0197250088677312
"275",287.25,0.125,1,0.0184758692468379
"276",287.5,0.125,1,0.0172890076372121
"277",287.75,0.125,1,0.0161624485489678
"278",288,0.125,1,0.015094212788686
"279",288.25,0.125,1,0.0140823215726994
"280",288.5,0.125,1,0.0131248005071465
"281",288.75,0.125,1,0.012219683424545
"282",289,0.125,1,0.0113650160694954
"283",289.25,0.125,1,0.0105588596284729
"284",289.5,0.125,1,0.00979929410042493
"285",289.75,0.125,1,0.00908442150598251
"286",290,0.125,1,0.00841236893361438
"287",290.25,0.125,1,0.00778129142107779
"288",290.5,0.125,1,0.00718937467025715
"289",290.75,0.125,1,0.00663483759302668
"290",291,0.125,1,0.00611593468532778
"291",291.25,0.125,1,0.00563095822631214
"292",291.5,0.125,1,0.00517824029925813
"293",291.75,0.125,1,0.0047561546310637
"294",292,0.125,1,0.00436311824746563
"295",280,0.15,1,0.337303666218489
"296",280.25,0.15,1,0.333277873677649
"297",280.5,0.15,1,0.329233247379094
"298",280.75,0.15,1,0.325170305969337
"299",281,0.15,1,0.321089397792429
"300",281.25,0.15,1,0.31699060153029
"301",281.5,0.15,1,0.312873593311353
"302",281.75,0.15,1,0.308737469338376
"303",282,0.15,1,0.304580508811343
"304",282.25,0.15,1,0.300399855710703
"305",282.5,0.15,1,0.296191088927514
"306",282.75,0.15,1,0.291947636902678
"307",283,0.15,1,0.287659973360415
"308",283.25,0.15,1,0.0471938837220963
"309",283.5,0.15,1,0.0447899711803927
"310",283.75,0.15,1,0.0424745985076224
"311",284,0.15,1,0.0402463712238673
"312",284.25,0.15,1,0.0381038258399474
"313",284.5,0.15,1,0.0360454334577206
"314",284.75,0.15,1,0.0340696035510903
"315",285,0.15,1,0.0321746879280217
"316",285.25,0.15,1,0.0303589848712119
"317",285.5,0.15,1,0.0286207434509359
"318",285.75,0.15,1,0.026958167998051
"319",286,0.15,1,0.0253694227184469
"320",286.25,0.15,1,0.0238526364228991
"321",286.5,0.15,1,0.0224059073390223
"322",286.75,0.15,1,0.0210273079657036
"323",287,0.15,1,0.0197148899258824
"324",287.25,0.15,1,0.018466688771582
"325",287.5,0.15,1,0.0172807286961451
"326",287.75,0.15,1,0.016155027112748
"327",288,0.15,1,0.0150875990651049
"328",288.25,0.15,1,0.0140764614450623
"329",288.5,0.15,1,0.0131196370014906
"330",288.75,0.15,1,0.0122151581343917
"331",289,0.15,1,0.0113610704764028
"332",289.25,0.15,1,0.0105554362701431
"333",289.5,0.15,1,0.00979633755368207
"334",289.75,0.15,1,0.00908187916779824
"335",290,0.15,1,0.00841019159793266
"336",290.25,0.15,1,0.00777943366137404
"337",290.5,0.15,1,0.00718779504687097
"338",290.75,0.15,1,0.00663349871019675
"339",291,0.15,1,0.00611480312572422
"340",291.25,0.15,1,0.00563000439116818
"341",291.5,0.15,1,0.00517743818060232
"342",291.75,0.15,1,0.00475548153961461
"343",292,0.15,1,0.00436255451612378
"344",280,0.175,1,0.336131780213023
"345",280.25,0.175,1,0.331948192136936
"346",280.5,0.175,1,0.32775291071007
"347",280.75,0.175,1,0.323549245229912
"348",281,0.175,1,0.31934075148831
"349",281.25,0.175,1,0.315131216725683
"350",281.5,0.175,1,0.310924635515844
"351",281.75,0.175,1,0.306725174229533
"352",282,0.175,1,0.302537121371614
"353",282.25,0.175,1,0.298364820725801
"354",282.5,0.175,1,0.294212583899965
"355",282.75,0.175,1,0.290084578452738
"356",283,0.175,1,0.28598468722144
"357",283.25,0.175,1,0.28191633351555
"358",283.5,0.175,1,0.277882264996401
"359",283.75,0.175,1,0.273884285593821
"360",284,0.175,1,0.269922918116045
"361",284.25,0.175,1,0.265996967687879
"362",284.5,0.175,1,0.262102933096181
"363",284.75,0.175,1,0.25823417123084
"364",285,0.175,1,0.254379644528962
"365",285.25,0.175,1,0.250521947357286
"366",285.5,0.175,1,0.246634071606012
"367",285.75,0.175,1,0.242673964686805
"368",286,0.175,1,0.2385752523129
"369",286.25,0.175,1,0.234231428611954
"370",286.5,0.175,1,0.0223854124980932
"371",286.75,0.175,1,0.0210084993135901
"372",287,0.175,1,0.0196977578855226
"373",287.25,0.175,1,0.0184512011852163
"374",287.5,0.175,1,0.0172668325867035
"375",287.75,0.175,1,0.0161426512336229
"376",288,0.175,1,0.0150766570525567
"377",288.25,0.175,1,0.0140668553499225
"378",288.5,0.175,1,0.0131112609637823
"379",288.75,0.175,1,0.0122079019758379
"380",289,0.175,1,0.0113548230178323
"381",289.25,0.175,1,0.0105500882272084
"382",289.5,0.175,1,0.0097917839175817
"383",289.75,0.175,1,0.00907802103057219
"384",290,0.175,1,0.00840693742850242
"385",290.25,0.175,1,0.00777670007498847
"386",290.5,0.175,1,0.00718550713535005
"387",290.75,0.175,1,0.00663159001358696
"388",291,0.175,1,0.00611321532930121
"389",291.25,0.175,1,0.00562868682751895
"390",291.5,0.175,1,0.00517634720729551
"391",291.75,0.175,1,0.00475457985112794
"392",292,0.175,1,0.00436181043606231
"393",280,0.2,1,0.428388093036811
"394",280.25,0.2,1,0.423153145868108
"395",280.5,0.2,1,0.417910664735084
"396",280.75,0.2,1,0.412666944271223
"397",281,0.2,1,0.407428915794804
"398",281.25,0.2,1,0.402204142045701
"399",281.5,0.2,1,0.397000784619199
"400",281.75,0.2,1,0.391827535975242
"401",282,0.2,1,0.386693507352544
"402",282.25,0.2,1,0.381608063904573
"403",282.5,0.2,1,0.376580599156328
"404",282.75,0.2,1,0.371620242766745
"405",283,0.2,1,0.366735498889997
"406",283.25,0.2,1,0.36193381747159
"407",283.5,0.2,1,0.357221107798272
"408",283.75,0.2,1,0.352601212555497
"409",284,0.2,1,0.348075371190808
"410",284.25,0.2,1,0.343641712664242
"411",284.5,0.2,1,0.339294828094685
"412",284.75,0.2,1,0.335025480927843
"413",285,0.2,1,0.330820512698033
"414",285.25,0.2,1,0.326662992103683
"415",285.5,0.2,1,0.239805051087482
"416",285.75,0.2,1,0.23651650988585
"417",286,0.2,1,0.233299995356674
"418",286.25,0.2,1,0.230137617821754
"419",286.5,0.2,1,0.227006493379542
"420",286.75,0.2,1,0.223876907303969
"421",287,0.2,1,0.220707909684725
"422",287.25,0.2,1,0.217437141303469
"423",287.5,0.2,1,0.21395825589518
"424",287.75,0.2,1,0.210072973350885
"425",288,0.2,1,0.0150567483085615
"426",288.25,0.2,1,0.0140495813570277
"427",288.5,0.2,1,0.0130963994180867
"428",288.75,0.2,1,0.0121952178529789
"429",289,0.2,1,0.0113440779025679
"430",289.25,0.2,1,0.0105410482974062
"431",289.5,0.2,1,0.009784226283212
"432",289.75,0.2,1,0.00907173834974216
"433",290,0.2,1,0.0084017408678269
"434",290.25,0.2,1,0.00777242081008582
"435",290.5,0.2,1,0.0071819966552701
"436",290.75,0.2,1,0.00662871951282849
"437",291,0.2,1,0.006110874463059
"438",291.25,0.2,1,0.00562678207244131
"439",291.5,0.2,1,0.00517480002560002
"440",291.75,0.2,1,0.00475332480859512
"441",292,0.2,1,0.00436079338012891
"442",280,0.225,1,0.506354465039794
"443",280.25,0.225,1,0.501068433474645
"444",280.5,0.225,1,0.49578952186531
"445",280.75,0.225,1,0.490526609298071
"446",281,0.225,1,0.485289663851225
"447",281.25,0.225,1,0.480089700745334
"448",281.5,0.225,1,0.474938655717376
"449",281.75,0.225,1,0.469849149607574
"450",282,0.225,1,0.464834112659766
"451",282.25,0.225,1,0.459906241095743
"452",282.5,0.225,1,0.455077259305209
"453",282.75,0.225,1,0.450356968855183
"454",283,0.225,1,0.445752078483045
"455",283.25,0.225,1,0.441264829415696
"456",283.5,0.225,1,0.391936951708404
"457",283.75,0.225,1,0.387422225434971
"458",284,0.225,1,0.383102989442979
"459",284.25,0.225,1,0.378974667668154
"460",284.5,0.225,1,0.375023160833775
"461",284.75,0.225,1,0.371223624384068
"462",285,0.225,1,0.367539815220285
"463",285.25,0.225,1,0.363924277958497
"464",285.5,0.225,1,0.360319631048834
"465",285.75,0.225,1,0.3043463952214
"466",286,0.225,1,0.301537487031791
"467",286.25,0.225,1,0.298777330940426
"468",286.5,0.225,1,0.296002408946798
"469",286.75,0.225,1,0.293149326886224
"470",287,0.225,1,0.290159285232557
"471",287.25,0.225,1,0.209044526187192
"472",287.5,0.225,1,0.206926549952602
"473",287.75,0.225,1,0.204748399190512
"474",288,0.225,1,0.202461120212091
"475",288.25,0.225,1,0.200005193978174
"476",288.5,0.225,1,0.197284895417193
"477",288.75,0.225,1,0.194097153446929
"478",289,0.225,1,0.18995539968976
"479",289.25,0.225,1,0.010524143839318
"480",289.5,0.225,1,0.00977042803541551
"481",289.75,0.225,1,0.00906054938335694
"482",290,0.225,1,0.00839271892551273
"483",290.25,0.225,1,0.00776518069722922
"484",290.5,0.225,1,0.00717620903331302
"485",290.75,0.225,1,0.00662410723535524
"486",291,0.225,1,0.00610720743387808
"487",291.25,0.225,1,0.00562387142835227
"488",291.5,0.225,1,0.00517249222069626
"489",291.75,0.225,1,0.00475149599074471
"490",292,0.225,1,0.00435934428636643
"491",280,0.25,1,0.560294471508443
"492",280.25,0.25,1,0.555298328940231
"493",280.5,0.25,1,0.550307183831289
"494",280.75,0.25,1,0.545337106855149
"495",281,0.25,1,0.540407137126981
"496",281.25,0.25,1,0.535539171736389
"497",281.5,0.25,1,0.530757617651751
"498",281.75,0.25,1,0.526088746191582
"499",282,0.25,1,0.521559696080782
"500",282.25,0.25,1,0.517197078470612
"501",282.5,0.25,1,0.51302515497679
"502",282.75,0.25,1,0.468742273822889
"503",283,0.25,1,0.464416326336297
"504",283.25,0.25,1,0.460410819924143
"505",283.5,0.25,1,0.45674459232003
"506",283.75,0.25,1,0.453423623746362
"507",284,0.25,1,0.450437275803529
"508",284.25,0.25,1,0.447754460901722
"509",284.5,0.25,1,0.445319996342108
"510",284.75,0.25,1,0.392856179494013
"511",285,0.25,1,0.391011245583939
"512",285.25,0.25,1,0.389452536395741
"513",285.5,0.25,1,0.388050669294136
"514",285.75,0.25,1,0.386643139358771
"515",286,0.25,1,0.331674793150267
"516",286.25,0.25,1,0.330967433433046
"517",286.5,0.25,1,0.330146417461548
"518",286.75,0.25,1,0.329025943175439
"519",287,0.25,1,0.327429776191352
"520",287.25,0.25,1,0.270516032842845
"521",287.5,0.25,1,0.270031110223325
"522",287.75,0.25,1,0.269105785656796
"523",288,0.25,1,0.267653918129964
"524",288.25,0.25,1,0.265631694306965
"525",288.5,0.25,1,0.188960251627821
"526",288.75,0.25,1,0.187776060561115
"527",289,0.25,1,0.18626523162409
"528",289.25,0.25,1,0.184368116426046
"529",289.5,0.25,1,0.181949272861474
"530",289.75,0.25,1,0.178585957200506
"531",290,0.25,1,0.00837527089362072
"532",290.25,0.25,1,0.0077516474011524
"533",290.5,0.25,1,0.00716575227071465
"534",290.75,0.25,1,0.00661604928610203
"535",291,0.25,1,0.00610100825949488
"536",291.25,0.25,1,0.00561910578843146
"537",291.5,0.25,1,0.00516882844474946
"538",291.75,0.25,1,0.00474867731125837
"539",292,0.25,1,0.00435717303855045
"540",280,0.275,1,0.596583018873698
"541",280.25,0.275,1,0.591156813980532
"542",280.5,0.275,1,0.585744247193129
"543",280.75,0.275,1,0.580384543270325
"544",281,0.275,1,0.575123014257003
"545",281.25,0.275,1,0.570010305956791
"546",281.5,0.275,1,0.565101114087159
"547",281.75,0.275,1,0.560452320343146
"548",282,0.275,1,0.556120535426065
"549",282.25,0.275,1,0.552159072510335
"550",282.5,0.275,1,0.548621948916651
"551",282.75,0.275,1,0.545541192286573
"552",283,0.275,1,0.542932161337494
"553",283.25,0.275,1,0.503556020433869
"554",283.5,0.275,1,0.501645108977759
"555",283.75,0.275,1,0.500306932270066
"556",284,0.275,1,0.499509370013522
"557",284.25,0.275,1,0.499154363391352
"558",284.5,0.275,1,0.499131346130792
"559",284.75,0.275,1,0.454587786103576
"560",285,0.275,1,0.455293609471235
"561",285.25,0.275,1,0.456281586484221
"562",285.5,0.275,1,0.457243444813486
"563",285.75,0.275,1,0.404908188105382
"564",286,0.275,1,0.406863296280607
"565",286.25,0.275,1,0.408631759929598
"566",286.5,0.275,1,0.347328352141982
"567",286.75,0.275,1,0.3514810071643
"568",287,0.275,1,0.354909568032921
"569",287.25,0.275,1,0.357143222021031
"570",287.5,0.275,1,0.30119986553587
"571",287.75,0.275,1,0.303718434837555
"572",288,0.275,1,0.304778586466032
"573",288.25,0.275,1,0.247000360716846
"574",288.5,0.275,1,0.248883947574833
"575",288.75,0.275,1,0.249552652371015
"576",289,0.275,1,0.249022564301377
"577",289.25,0.275,1,0.17486885843707
"578",289.5,0.275,1,0.174752830001793
"579",289.75,0.275,1,0.174030081802373
"580",290,0.275,1,0.172678122130705
"581",290.25,0.275,1,0.170565343530363
"582",290.5,0.275,1,0.167053364401278
"583",290.75,0.275,1,0.00660036731738043
"584",291,0.275,1,0.00608945574071479
"585",291.25,0.275,1,0.0056105886259777
"586",291.5,0.275,1,0.0051625375960995
"587",291.75,0.275,1,0.00474401836820394
"588",292,0.275,1,0.00435371111952047
"589",280,0.3,1,0.636499554244766
"590",280.25,0.3,1,0.630985037604614
"591",280.5,0.3,1,0.62558524223245
"592",280.75,0.3,1,0.620371152405419
"593",281,0.3,1,0.615420341179223
"594",281.25,0.3,1,0.610815260212193
"595",281.5,0.3,1,0.606640198781648
"596",281.75,0.3,1,0.602976066877855
"597",282,0.3,1,0.599897409792858
"598",282.25,0.3,1,0.597466077232279
"599",282.5,0.3,1,0.595725254292725
"600",282.75,0.3,1,0.594695167104068
"601",283,0.3,1,0.565480297110476
"602",283.25,0.3,1,0.566061643790373
"603",283.5,0.3,1,0.567422396066249
"604",283.75,0.3,1,0.56945679041009
"605",284,0.3,1,0.57203145497759
"606",284.25,0.3,1,0.544017126456043
"607",284.5,0.3,1,0.547869716487159
"608",284.75,0.3,1,0.551855407873355
"609",285,0.3,1,0.521704314763582
"610",285.25,0.3,1,0.52599013738163
"611",285.5,0.3,1,0.529820099532892
"612",285.75,0.3,1,0.494553396787155
"613",286,0.3,1,0.497571601619569
"614",286.25,0.3,1,0.499487548122496
"615",286.5,0.3,1,0.454634204092379
"616",286.75,0.3,1,0.454723302376158
"617",287,0.3,1,0.392807330651583
"618",287.25,0.3,1,0.394636822706906
"619",287.5,0.3,1,0.395854241789074
"620",287.75,0.3,1,0.323001765189036
"621",288,0.3,1,0.33179221791306
"622",288.25,0.3,1,0.274352215507736
"623",288.5,0.3,1,0.281842968158866
"624",288.75,0.3,1,0.286475096987199
"625",289,0.3,1,0.227845285499006
"626",289.25,0.3,1,0.232332090869856
"627",289.5,0.3,1,0.234608947814608
"628",289.75,0.3,1,0.234910863658232
"629",290,0.3,1,0.163605717409641
"630",290.25,0.3,1,0.164109696221883
"631",290.5,0.3,1,0.163692513534656
"632",290.75,0.3,1,0.162363208234606
"633",291,0.3,1,0.159764532346908
"634",291.25,0.3,1,0.00559354586533266
"635",291.5,0.3,1,0.00515059663220545
"636",291.75,0.3,1,0.00473560416147664
"637",292,0.3,1,0.00434774339318928
"638",280,0.325,1,0.658122744355388
"639",280.25,0.325,1,0.652610961275909
"640",280.5,0.325,1,0.647451422573629
"641",280.75,0.325,1,0.642769696760369
"642",281,0.325,1,0.638695101524359
"643",281.25,0.325,1,0.635354002163697
"644",281.5,0.325,1,0.632864294356321
"645",281.75,0.325,1,0.631330324197397
"646",282,0.325,1,0.630836216442379
"647",282.25,0.325,1,0.631441109903019
"648",282.5,0.325,1,0.633171302325135
"649",282.75,0.325,1,0.63601914044301
"650",283,0.325,1,0.639930188165778
"651",283.25,0.325,1,0.644791167123816
"652",283.5,0.325,1,0.631077486005544
"653",283.75,0.325,1,0.638327744742756
"654",284,0.325,1,0.645992437254536
"655",284.25,0.325,1,0.634407957628453
"656",284.5,0.325,1,0.642945413552621
"657",284.75,0.325,1,0.650864255472051
"658",285,0.325,1,0.638027302772385
"659",285.25,0.325,1,0.644763009228025
"660",285.5,0.325,1,0.627777056126871
"661",285.75,0.325,1,0.632288570782987
"662",286,0.325,1,0.609540032307684
"663",286.25,0.325,1,0.611488895816282
"664",286.5,0.325,1,0.581695322901218
"665",286.75,0.325,1,0.580960540377518
"666",287,0.325,1,0.542503724653628
"667",287.25,0.325,1,0.538987266367498
"668",287.5,0.325,1,0.488454777072629
"669",287.75,0.325,1,0.481160606162662
"670",288,0.325,1,0.408014384994831
"671",288.25,0.325,1,0.400487254841796
"672",288.5,0.325,1,0.297772767445127
"673",288.75,0.325,1,0.312492466080526
"674",289,0.325,1,0.255713438520069
"675",289.25,0.325,1,0.266848187330276
"676",289.5,0.325,1,0.273232385773768
"677",289.75,0.325,1,0.215575578163783
"678",290,0.325,1,0.220968800539681
"679",290.25,0.325,1,0.223238003404041
"680",290.5,0.325,1,0.153594470908028
"681",290.75,0.325,1,0.155207796622134
"682",291,0.325,1,0.155536924371253
"683",291.25,0.325,1,0.154701829595533
"684",291.5,0.325,1,0.15243727434222
"685",291.75,0.325,1,0.00471857412504135
"686",292,0.325,1,0.00433638106015638
"687",280,0.35,1,0.685906988834642
"688",280.25,0.35,1,0.681536048725483
"689",280.5,0.35,1,0.677908896044239
"690",280.75,0.35,1,0.675201218521523
"691",281,0.35,1,0.673579859617021
"692",281.25,0.35,1,0.673198845819315
"693",281.5,0.35,1,0.674192744646759
"694",281.75,0.35,1,0.676669527572113
"695",282,0.35,1,0.68070762215033
"696",282.25,0.35,1,0.686339294471376
"697",282.5,0.35,1,0.693533555085392
"698",282.75,0.35,1,0.70220414898247
"699",283,0.35,1,0.712110610992066
"700",283.25,0.35,1,0.711997973948823
"701",283.5,0.35,1,0.724165558472771
"702",283.75,0.35,1,0.736057783760694
"703",284,0.35,1,0.737124654183083
"704",284.25,0.35,1,0.747454213621824
"705",284.5,0.35,1,0.755734262639186
"706",284.75,0.35,1,0.752077858948982
"707",285,0.35,1,0.756600508216159
"708",285.25,0.35,1,0.748221814056911
"709",285.5,0.35,1,0.736355365639263
"710",285.75,0.35,1,0.736742479717147
"711",286,0.35,1,0.720597369908212
"712",286.25,0.35,1,0.718986664558101
"713",286.5,0.35,1,0.699059743839643
"714",286.75,0.35,1,0.675088376984061
"715",287,0.35,1,0.671848828368725
"716",287.25,0.35,1,0.643250028864763
"717",287.5,0.35,1,0.608930089738729
"718",287.75,0.35,1,0.603970281044444
"719",288,0.35,1,0.562443265878922
"720",288.25,0.35,1,0.509812732224911
"721",288.5,0.35,1,0.500871093763772
"722",288.75,0.35,1,0.422705688830281
"723",289,0.35,1,0.406936203902787
"724",289.25,0.35,1,0.286935337833035
"725",289.5,0.35,1,0.303811643260151
"726",289.75,0.35,1,0.248714893581171
"727",290,0.35,1,0.259645253607474
"728",290.25,0.35,1,0.201405718800325
"729",290.5,0.35,1,0.20943013491154
"730",290.75,0.35,1,0.21311917299859
"731",291,0.35,1,0.145327090320251
"732",291.25,0.35,1,0.147689679173256
"733",291.5,0.35,1,0.148418247715617
"734",291.75,0.35,1,0.147731965543363
"735",292,0.35,1,0.145235299832243
"736",280,0.375,1,0.718220314187984
"737",280.25,0.375,1,0.715898935322888
"738",280.5,0.375,1,0.714797886769938
"739",280.75,0.375,1,0.715140912316897
"740",281,0.375,1,0.717134548297517
"741",281.25,0.375,1,0.720957721939802
"742",281.5,0.375,1,0.726757997505617
"743",281.75,0.375,1,0.73462774472683
"744",282,0.375,1,0.744520616312175
"745",282.25,0.375,1,0.756217632017358
"746",282.5,0.375,1,0.769263566460795
"747",282.75,0.375,1,0.777074743446046
"748",283,0.375,1,0.791088524427777
"749",283.25,0.375,1,0.803658152126202
"750",283.5,0.375,1,0.813950192855041
"751",283.75,0.375,1,0.817023434235287
"752",284,0.375,1,0.82257415851887
"753",284.25,0.375,1,0.820648788366136
"754",284.5,0.375,1,0.822416499168186
"755",284.75,0.375,1,0.816820100890302
"756",285,0.375,1,0.816276801342441
"757",285.25,0.375,1,0.808187381274703
"758",285.5,0.375,1,0.798340482200933
"759",285.75,0.375,1,0.786674920837846
"760",286,0.375,1,0.784356158972227
"761",286.25,0.375,1,0.770844068359604
"762",286.5,0.375,1,0.755306827704494
"763",286.75,0.375,1,0.737638448753227
"764",287,0.375,1,0.717456392911403
"765",287.25,0.375,1,0.714375662558455
"766",287.5,0.375,1,0.691709279043992
"767",287.75,0.375,1,0.665743257889907
"768",288,0.375,1,0.635745763368006
"769",288.25,0.375,1,0.600662448108194
"770",288.5,0.375,1,0.596878460968906
"771",288.75,0.375,1,0.554931015011808
"772",289,0.375,1,0.502890595730593
"773",289.25,0.375,1,0.430182574632125
"774",289.5,0.375,1,0.410015480034362
"775",289.75,0.375,1,0.266661882153814
"776",290,0.375,1,0.289405442941956
"777",290.25,0.375,1,0.235355046053903
"778",290.5,0.375,1,0.24923453659894
"779",290.75,0.375,1,0.191432817574939
"780",291,0.375,1,0.200774575810455
"781",291.25,0.375,1,0.204796432532765
"782",291.5,0.375,1,0.1390243238502
"783",291.75,0.375,1,0.141578108131003
"784",292,0.375,1,0.14224850872979
"785",280,0.4,1,0.742996647346731
"786",280.25,0.4,1,0.743846429904851
"787",280.5,0.4,1,0.746635991767949
"788",280.75,0.4,1,0.751623006076233
"789",281,0.4,1,0.759004784635465
"790",281.25,0.4,1,0.768855595318342
"791",281.5,0.4,1,0.781047655314365
"792",281.75,0.4,1,0.795141885697163
"793",282,0.4,1,0.810237847009518
"794",282.25,0.4,1,0.825112726960835
"795",282.5,0.4,1,0.838440604945893
"796",282.75,0.4,1,0.849280963713046
"797",283,0.4,1,0.854673984212387
"798",283.25,0.4,1,0.860277052100134
"799",283.5,0.4,1,0.863819662420279
"800",283.75,0.4,1,0.863004048079835
"801",284,0.4,1,0.86407975042998
"802",284.25,0.4,1,0.861255182892535
"803",284.5,0.4,1,0.857242569006946
"804",284.75,0.4,1,0.856957735944408
"805",285,0.4,1,0.851670329656819
"806",285.25,0.4,1,0.845325151576819
"807",285.5,0.4,1,0.837909322236559
"808",285.75,0.4,1,0.829298541104969
"809",286,0.4,1,0.827394999367805
"810",286.25,0.4,1,0.817375974125174
"811",286.5,0.4,1,0.806052679905548
"812",286.75,0.4,1,0.793311271493018
"813",287,0.4,1,0.779137909633989
"814",287.25,0.4,1,0.763263663695642
"815",287.5,0.4,1,0.745634248130391
"816",287.75,0.4,1,0.726035661639725
"817",288,0.4,1,0.704194602744567
"818",288.25,0.4,1,0.679786317602279
"819",288.5,0.4,1,0.65244587334283
"820",288.75,0.4,1,0.621683336665495
"821",289,0.4,1,0.586292808943112
"822",289.25,0.4,1,0.544437826991659
"823",289.5,0.4,1,0.49216802909935
"824",289.75,0.4,1,0.486023435060721
"825",290,0.4,1,0.406382234369975
"826",290.25,0.4,1,0.255340346429994
"827",290.5,0.4,1,0.281001753708859
"828",290.75,0.4,1,0.228281570507406
"829",291,0.4,1,0.242474899778523
"830",291.25,0.4,1,0.185921585593082
"831",291.5,0.4,1,0.194739945230604
"832",291.75,0.4,1,0.197828056205898
"833",292,0.4,1,0.134414727061697
"834",280,0.425,1,0.77391661816101
"835",280.25,0.425,1,0.779022136272049
"836",280.5,0.425,1,0.786802957262547
"837",280.75,0.425,1,0.797348307045117
"838",281,0.425,1,0.810438800399764
"839",281.25,0.425,1,0.825357207134714
"840",281.5,0.425,1,0.840850096047526
"841",281.75,0.425,1,0.855347643614242
"842",282,0.425,1,0.867534311978987
"843",282.25,0.425,1,0.876853388004723
"844",282.5,0.425,1,0.883500901114501
"845",282.75,0.425,1,0.88804688451195
"846",283,0.425,1,0.889664191710176
"847",283.25,0.425,1,0.892168636635295
"848",283.5,0.425,1,0.894091066598313
"849",283.75,0.425,1,0.893853758884856
"850",284,0.425,1,0.892957266011879
"851",284.25,0.425,1,0.894001303646714
"852",284.5,0.425,1,0.892347875429469
"853",284.75,0.425,1,0.890017680022061
"854",285,0.425,1,0.887013935206211
"855",285.25,0.425,1,0.883259430188741
"856",285.5,0.425,1,0.878679665551067
"857",285.75,0.425,1,0.873218409804274
"858",286,0.425,1,0.866755144734552
"859",286.25,0.425,1,0.859160537887356
"860",286.5,0.425,1,0.850416500184514
"861",286.75,0.425,1,0.840349692981882
"862",287,0.425,1,0.819801193793171
"863",287.25,0.425,1,0.806404420906717
"864",287.5,0.425,1,0.791536707440631
"865",287.75,0.425,1,0.775093168154684
"866",288,0.425,1,0.740601033569266
"867",288.25,0.425,1,0.719486226151175
"868",288.5,0.425,1,0.696261913434095
"869",288.75,0.425,1,0.670620591964887
"870",289,0.425,1,0.642037048256583
"871",289.25,0.425,1,0.609965204975118
"872",289.5,0.425,1,0.573929314836551
"873",289.75,0.425,1,0.532126770947274
"874",290,0.425,1,0.480463305658727
"875",290.25,0.425,1,0.411002513872056
"876",290.5,0.425,1,0.392520883201172
"877",290.75,0.425,1,0.253594767999653
"878",291,0.425,1,0.202908752436952
"879",291.25,0.425,1,0.226664890116226
"880",291.5,0.425,1,0.16918332572011
"881",291.75,0.425,1,0.18360986025006
"882",292,0.425,1,0.190112150019002
"883",280,0.45,1,0.805492825236932
"884",280.25,0.45,1,0.816200722946587
"885",280.5,0.45,1,0.831753420528125
"886",280.75,0.45,1,0.846493962187993
"887",281,0.45,1,0.861605370936884
"888",281.25,0.45,1,0.875390131400266
"889",281.5,0.45,1,0.886650827127063
"890",281.75,0.45,1,0.895103118267584
"891",282,0.45,1,0.901242938657832
"892",282.25,0.45,1,0.905790655141506
"893",282.5,0.45,1,0.909566948138971
"894",282.75,0.45,1,0.911908430237229
"895",283,0.45,1,0.914998896923952
"896",283.25,0.45,1,0.917957784710305
"897",283.5,0.45,1,0.919834254484162
"898",283.75,0.45,1,0.921455005184392
"899",284,0.45,1,0.924556395346948
"900",284.25,0.45,1,0.92624098959934
"901",284.5,0.45,1,0.927820231873968
"902",284.75,0.45,1,0.929236987675819
"903",285,0.45,1,0.930467920032013
"904",285.25,0.45,1,0.9312855581266
"905",285.5,0.45,1,0.931406284053596
"906",285.75,0.45,1,0.927257209406243
"907",286,0.45,1,0.924996856001477
"908",286.25,0.45,1,0.921098699235145
"909",286.5,0.45,1,0.91031913470349
"910",286.75,0.45,1,0.902151720336886
"911",287,0.45,1,0.891580888637184
"912",287.25,0.45,1,0.871778770103355
"913",287.5,0.45,1,0.856798500634312
"914",287.75,0.45,1,0.830027193459996
"915",288,0.45,1,0.811628045578797
"916",288.25,0.45,1,0.777592557082747
"917",288.5,0.45,1,0.756535520998323
"918",288.75,0.45,1,0.73417987103728
"919",289,0.45,1,0.688309572816037
"920",289.25,0.45,1,0.661253056934796
"921",289.5,0.45,1,0.631689326993064
"922",289.75,0.45,1,0.598884281352925
"923",290,0.45,1,0.561987991128772
"924",290.25,0.45,1,0.520019479541867
"925",290.5,0.45,1,0.46844145241127
"926",290.75,0.45,1,0.397719549997799
"927",291,0.45,1,0.222539418710718
"928",291.25,0.45,1,0.258824598158438
"929",291.5,0.45,1,0.208721724988831
"930",291.75,0.45,1,0.227499993058814
"931",292,0.45,1,0.171962244207176
"932",280,0.475,1,0.84324450112276
"933",280.25,0.475,1,0.857881734378291
"934",280.5,0.475,1,0.873764448418791
"935",280.75,0.475,1,0.887193786135182
"936",281,0.475,1,0.898075570953667
"937",281.25,0.475,1,0.906327265928605
"938",281.5,0.475,1,0.912508934085669
"939",281.75,0.475,1,0.917450144897213
"940",282,0.475,1,0.921889719518205
"941",282.25,0.475,1,0.926138869530434
"942",282.5,0.475,1,0.930421788320465
"943",282.75,0.475,1,0.934948767170392
"944",283,0.475,1,0.93922265011267
"945",283.25,0.475,1,0.944764123005724
"946",283.5,0.475,1,0.950380361347512
"947",283.75,0.475,1,0.956973086877118
"948",284,0.475,1,0.965752121415615
"949",284.25,0.475,1,0.974859877329753
"950",284.5,0.475,1,0.984839403375271
"951",284.75,0.475,1,0.99518092711084
"952",285,0.475,1,1.00425316426003
"953",285.25,0.475,1,1.01313801651316
"954",285.5,0.475,1,1.01988327305389
"955",285.75,0.475,1,1.02272819316556
"956",286,0.475,1,1.02471582567407
"957",286.25,0.475,1,1.02175475866168
"958",286.5,0.475,1,1.0184379107251
"959",286.75,0.475,1,1.0094853360283
"960",287,0.475,1,0.996765474399351
"961",287.25,0.475,1,0.984639239475483
"962",287.5,0.475,1,0.964240645734733
"963",287.75,0.475,1,0.938391572976265
"964",288,0.475,1,0.906392601426337
"965",288.25,0.475,1,0.879795849391878
"966",288.5,0.475,1,0.838670495661929
"967",288.75,0.475,1,0.792404438174389
"968",289,0.475,1,0.762741759484299
"969",289.25,0.475,1,0.711624654880037
"970",289.5,0.475,1,0.682720632297094
"971",289.75,0.475,1,0.653287424138425
"972",290,0.475,1,0.622088135943504
"973",290.25,0.475,1,0.550432315651693
"974",290.5,0.475,1,0.507902648163041
"975",290.75,0.475,1,0.458369336774771
"976",291,0.475,1,0.455019772294869
"977",291.25,0.475,1,0.379019722284843
"978",291.5,0.475,1,0.238261706345748
"979",291.75,0.475,1,0.190502109051546
"980",292,0.475,1,0.216337072380374
"981",280,0.5,1,0.880146660826763
"982",280.25,0.5,1,0.893438785069493
"983",280.5,0.5,1,0.90478717093067
"984",280.75,0.5,1,0.913202035235764
"985",281,0.5,1,0.919680186693904
"986",281.25,0.5,1,0.925079963809052
"987",281.5,0.5,1,0.93013785637243
"988",281.75,0.5,1,0.935199774577638
"989",282,0.5,1,0.940615772597022
"990",282.25,0.5,1,0.946636337674528
"991",282.5,0.5,1,0.953718021857141
"992",282.75,0.5,1,0.962249790800122
"993",283,0.5,1,0.972415261294125
"994",283.25,0.5,1,0.985461536985402
"995",283.5,0.5,1,1.00048928659597
"996",283.75,0.5,1,1.01694485334861
"997",284,0.5,1,1.03351706433618
"998",284.25,0.5,1,1.04886468111076
"999",284.5,0.5,1,1.06168642016816
"1000",284.75,0.5,1,1.07188601910791
"1001",285,0.5,1,1.07948521409734
"1002",285.25,0.5,1,1.0843968837818
"1003",285.5,0.5,1,1.08789889652275
"1004",285.75,0.5,1,1.08897487585577
"1005",286,0.5,1,1.08799789444317
"1006",286.25,0.5,1,1.08538339095035
"1007",286.5,0.5,1,1.08037825517543
"1008",286.75,0.5,1,1.07576349308136
"1009",287,0.5,1,1.06709024810549
"1010",287.25,0.5,1,1.05615311365144
"1011",287.5,0.5,1,1.0425487743506
"1012",287.75,0.5,1,1.02623776551886
"1013",288,0.5,1,1.00656298282388
"1014",288.25,0.5,1,0.98284377208989
"1015",288.5,0.5,1,0.95411910237935
"1016",288.75,0.5,1,0.918427364624082
"1017",289,0.5,1,0.873152514977896
"1018",289.25,0.5,1,0.817718808216388
"1019",289.5,0.5,1,0.776266947647581
"1020",289.75,0.5,1,0.714976559540094
"1021",290,0.5,1,0.679279778336954
"1022",290.25,0.5,1,0.614742737703253
"1023",290.5,0.5,1,0.579489789628678
"1024",290.75,0.5,1,0.54144103094579
"1025",291,0.5,1,0.498628582148347
"1026",291.25,0.5,1,0.448056610593807
"1027",291.5,0.5,1,0.37776895951234
"1028",291.75,0.5,1,0.218482710860073
"1029",292,0.5,1,0.253882295136952
"1030",280,0.525,1,0.907278032987195
"1031",280.25,0.525,1,0.916357816771911
"1032",280.5,0.525,1,0.923257938896447
"1033",280.75,0.525,1,0.92905716771288
"1034",281,0.525,1,0.934840405992766
"1035",281.25,0.525,1,0.940508402220594
"1036",281.5,0.525,1,0.94681613176967
"1037",281.75,0.525,1,0.954091773865716
"1038",282,0.525,1,0.963068544794099
"1039",282.25,0.525,1,0.974465272679626
"1040",282.5,0.525,1,0.988969137428955
"1041",282.75,0.525,1,1.00639502994094
"1042",283,0.525,1,1.02578919224922
"1043",283.25,0.525,1,1.04437888127093
"1044",283.5,0.525,1,1.06123707829017
"1045",283.75,0.525,1,1.07554014670229
"1046",284,0.525,1,1.08701890068977
"1047",284.25,0.525,1,1.09639458133432
"1048",284.5,0.525,1,1.10457591004989
"1049",284.75,0.525,1,1.11147452841813
"1050",285,0.525,1,1.11699628551466
"1051",285.25,0.525,1,1.1216249128472
"1052",285.5,0.525,1,1.12472172306441
"1053",285.75,0.525,1,1.12649875789707
"1054",286,0.525,1,1.12685046292129
"1055",286.25,0.525,1,1.1254650290855
"1056",286.5,0.525,1,1.1224126615572
"1057",286.75,0.525,1,1.11735762346977
"1058",287,0.525,1,1.10851715060117
"1059",287.25,0.525,1,1.09940940776195
"1060",287.5,0.525,1,1.08817823648298
"1061",287.75,0.525,1,1.07062756997616
"1062",288,0.525,1,1.05405185496257
"1063",288.25,0.525,1,1.03493753443693
"1064",288.5,0.525,1,1.01309806133362
"1065",288.75,0.525,1,0.979006750008963
"1066",289,0.525,1,0.948858554752441
"1067",289.25,0.525,1,0.912872153722685
"1068",289.5,0.525,1,0.868617190197548
"1069",289.75,0.525,1,0.832196867346859
"1070",290,0.525,1,0.765268182277222
"1071",290.25,0.525,1,0.689578681107824
"1072",290.5,0.525,1,0.646374191644965
"1073",290.75,0.525,1,0.570614574247029
"1074",291,0.525,1,0.531013111651429
"1075",291.25,0.525,1,0.488091014721382
"1076",291.5,0.525,1,0.438516809846787
"1077",291.75,0.525,1,0.371293063521082
"1078",292,0.525,1,0.201229426364443
"1079",280,0.55,1,0.924076131829841
"1080",280.25,0.55,1,0.930247644345575
"1081",280.5,0.55,1,0.936248914795745
"1082",280.75,0.55,1,0.942302464739792
"1083",281,0.55,1,0.949232222931526
"1084",281.25,0.55,1,0.957362718817654
"1085",281.5,0.55,1,0.967580265394463
"1086",281.75,0.55,1,0.980942416398479
"1087",282,0.55,1,0.997947519185374
"1088",282.25,0.55,1,1.01770058698502
"1089",282.5,0.55,1,1.0377443399518
"1090",282.75,0.55,1,1.05544124925725
"1091",283,0.55,1,1.07087243963407
"1092",283.25,0.55,1,1.08388083592109
"1093",283.5,0.55,1,1.09545584487227
"1094",283.75,0.55,1,1.10580674317074
"1095",284,0.55,1,1.11548696339563
"1096",284.25,0.55,1,1.12444735847806
"1097",284.5,0.55,1,1.13271701900593
"1098",284.75,0.55,1,1.14010497219644
"1099",285,0.55,1,1.14690364013056
"1100",285.25,0.55,1,1.15233732771519
"1101",285.5,0.55,1,1.15667140676296
"1102",285.75,0.55,1,1.15978772513297
"1103",286,0.55,1,1.16132583384299
"1104",286.25,0.55,1,1.16073261106824
"1105",286.5,0.55,1,1.15913452828363
"1106",286.75,0.55,1,1.15467866613818
"1107",287,0.55,1,1.14923781510009
"1108",287.25,0.55,1,1.14012948861911
"1109",287.5,0.55,1,1.13034628593991
"1110",287.75,0.55,1,1.11626850188451
"1111",288,0.55,1,1.09832169515655
"1112",288.25,0.55,1,1.08172556819345
"1113",288.5,0.55,1,1.05734901607907
"1114",288.75,0.55,1,1.0353285023328
"1115",289,0.55,1,1.00241697402957
"1116",289.25,0.55,1,0.973840946429726
"1117",289.5,0.55,1,0.941843974252773
"1118",289.75,0.55,1,0.889111530171243
"1119",290,0.55,1,0.843294324295707
"1120",290.25,0.55,1,0.810073589654375
"1121",290.5,0.55,1,0.739470889621894
"1122",290.75,0.55,1,0.654226931980605
"1123",291,0.55,1,0.606169470811767
"1124",291.25,0.55,1,0.564261001651954
"1125",291.5,0.55,1,0.477504882864135
"1126",291.75,0.55,1,0.428097106449918
"1127",292,0.55,1,0.363915487529412
"1128",280,0.575,1,0.935414244425141
"1129",280.25,0.575,1,0.941699186191686
"1130",280.5,0.575,1,0.948693671951473
"1131",280.75,0.575,1,0.957020372205568
"1132",281,0.575,1,0.967800363022499
"1133",281.25,0.575,1,0.981878486654706
"1134",281.5,0.575,1,0.999699483524441
"1135",281.75,0.575,1,1.019783800673
"1136",282,0.575,1,1.03910002368562
"1137",282.25,0.575,1,1.05561324263764
"1138",282.5,0.575,1,1.0700250657703
"1139",282.75,0.575,1,1.08282968244654
"1140",283,0.575,1,1.0947830373925
"1141",283.25,0.575,1,1.10625070444874
"1142",283.5,0.575,1,1.11742514742209
"1143",283.75,0.575,1,1.12816731682861
"1144",284,0.575,1,1.13837930131703
"1145",284.25,0.575,1,1.14836404271309
"1146",284.5,0.575,1,1.157531073591
"1147",284.75,0.575,1,1.16602085955978
"1148",285,0.575,1,1.17369756998082
"1149",285.25,0.575,1,1.18031772189033
"1150",285.5,0.575,1,1.18563420873674
"1151",285.75,0.575,1,1.19000296829314
"1152",286,0.575,1,1.19281394978851
"1153",286.25,0.575,1,1.19371165987668
"1154",286.5,0.575,1,1.19276503398596
"1155",286.75,0.575,1,1.1905265555448
"1156",287,0.575,1,1.18578894023122
"1157",287.25,0.575,1,1.17857142508081
"1158",287.5,0.575,1,1.16873788382341
"1159",287.75,0.575,1,1.15656807224272
"1160",288,0.575,1,1.14144759253355
"1161",288.25,0.575,1,1.12339105766549
"1162",288.5,0.575,1,1.10188341583951
"1163",288.75,0.575,1,1.07673663544424
"1164",289,0.575,1,1.04701621272104
"1165",289.25,0.575,1,1.02211018701238
"1166",289.5,0.575,1,0.983774805456108
"1167",289.75,0.575,1,0.95199713210272
"1168",290,0.575,1,0.900183980889782
"1169",290.25,0.575,1,0.858222702789942
"1170",290.5,0.575,1,0.809174286422294
"1171",290.75,0.575,1,0.747805203907593
"1172",291,0.575,1,0.700580962787329
"1173",291.25,0.575,1,0.608991173947673
"1174",291.5,0.575,1,0.55947103226986
"1175",291.75,0.575,1,0.467598110313294
"1176",292,0.575,1,0.418117664252347
"1177",280,0.6,1,0.945872703246313
"1178",280.25,0.6,1,0.953966342449589
"1179",280.5,0.6,1,0.964371351867383
"1180",280.75,0.6,1,0.978048938036414
"1181",281,0.6,1,0.995518310302298
"1182",281.25,0.6,1,1.01503308076486
"1183",281.5,0.6,1,1.03364671920095
"1184",281.75,0.6,1,1.04946343712347
"1185",282,0.6,1,1.06306039613044
"1186",282.25,0.6,1,1.07596264296185
"1187",282.5,0.6,1,1.08838868715937
"1188",282.75,0.6,1,1.10054776781006
"1189",283,0.6,1,1.11262832999105
"1190",283.25,0.6,1,1.1244917874174
"1191",283.5,0.6,1,1.13624318966874
"1192",283.75,0.6,1,1.14781573500608
"1193",284,0.6,1,1.15893518059054
"1194",284.25,0.6,1,1.16985111799888
"1195",284.5,0.6,1,1.17984772554816
"1196",284.75,0.6,1,1.18941455962413
"1197",285,0.6,1,1.19803650899902
"1198",285.25,0.6,1,1.20577737936402
"1199",285.5,0.6,1,1.21229164910452
"1200",285.75,0.6,1,1.21784650879073
"1201",286,0.6,1,1.22157457874522
"1202",286.25,0.6,1,1.22372152094323
"1203",286.5,0.6,1,1.22415672383417
"1204",286.75,0.6,1,1.22252663638062
"1205",287,0.6,1,1.21890737521747
"1206",287.25,0.6,1,1.21315298945196
"1207",287.5,0.6,1,1.20509960122775
"1208",287.75,0.6,1,1.19300213661827
"1209",288,0.6,1,1.17971312656352
"1210",288.25,0.6,1,1.16045401860294
"1211",288.5,0.6,1,1.14116719192951
"1212",288.75,0.6,1,1.11904750234339
"1213",289,0.6,1,1.09341662484931
"1214",289.25,0.6,1,1.06393522099691
"1215",289.5,0.6,1,1.03020902539096
"1216",289.75,0.6,1,0.991135752433051
"1217",290,0.6,1,0.944405707529014
"1218",290.25,0.6,1,0.909035512718088
"1219",290.5,0.6,1,0.868851370035747
"1220",290.75,0.6,1,0.823410555757625
"1221",291,0.6,1,0.770733263858291
"1222",291.25,0.6,1,0.704014699813424
"1223",291.5,0.6,1,0.613449175615114
"1224",291.75,0.6,1,0.557030397656122
"1225",292,0.6,1,0.508775582391444
"1226",280,0.625,1,0.958520470008217
"1227",280.25,0.625,1,0.970988417787122
"1228",280.5,0.625,1,0.987163053918655
"1229",280.75,0.625,1,1.00575081210114
"1230",281,0.625,1,1.02373936649568
"1231",281.25,0.625,1,1.03921317584165
"1232",281.5,0.625,1,1.05240138630925
"1233",281.75,0.625,1,1.06502064448904
"1234",282,0.625,1,1.07751573430248
"1235",282.25,0.625,1,1.09006153106233
"1236",282.5,0.625,1,1.10260072994942
"1237",282.75,0.625,1,1.11525126184303
"1238",283,0.625,1,1.12798634038983
"1239",283.25,0.625,1,1.14057669360204
"1240",283.5,0.625,1,1.15310125726672
"1241",283.75,0.625,1,1.16531393757574
"1242",284,0.625,1,1.17728803099316
"1243",284.25,0.625,1,1.18888813559412
"1244",284.5,0.625,1,1.20002059161623
"1245",284.75,0.625,1,1.21039415213933
"1246",285,0.625,1,1.22005067115719
"1247",285.25,0.625,1,1.22884953308756
"1248",285.5,0.625,1,1.23652391037943
"1249",285.75,0.625,1,1.24278904474338
"1250",286,0.625,1,1.24789573953803
"1251",286.25,0.625,1,1.25109618814403
"1252",286.5,0.625,1,1.25284003050339
"1253",286.75,0.625,1,1.25215967489158
"1254",287,0.625,1,1.24991892454526
"1255",287.25,0.625,1,1.24457721737226
"1256",287.5,0.625,1,1.23799957870814
"1257",287.75,0.625,1,1.22744921879879
"1258",288,0.625,1,1.21399789227557
"1259",288.25,0.625,1,1.19980894704791
"1260",288.5,0.625,1,1.17991638796878
"1261",288.75,0.625,1,1.15599284967096
"1262",289,0.625,1,1.13309221050363
"1263",289.25,0.625,1,1.10018038511044
"1264",289.5,0.625,1,1.06986972028288
"1265",289.75,0.625,1,1.03549233014094
"1266",290,0.625,1,0.996300359293672
"1267",290.25,0.625,1,0.950663667796342
"1268",290.5,0.625,1,0.91590143864816
"1269",290.75,0.625,1,0.85628082875379
"1270",291,0.625,1,0.81075762557902
"1271",291.25,0.625,1,0.758520367994872
"1272",291.5,0.625,1,0.695901928927809
"1273",291.75,0.625,1,0.612883656629196
"1274",292,0.625,1,0.555823891421147
"1275",280,0.65,1,0.976381858072597
"1276",280.25,0.65,1,0.993519429253632
"1277",280.5,0.65,1,1.01094237211048
"1278",280.75,0.65,1,1.02630360968466
"1279",281,0.65,1,1.03946493438772
"1280",281.25,0.65,1,1.05138437327883
"1281",281.5,0.65,1,1.06380757242291
"1282",281.75,0.65,1,1.07626500944078
"1283",282,0.65,1,1.08898000020855
"1284",282.25,0.65,1,1.10182576717112
"1285",282.5,0.65,1,1.11488590590951
"1286",282.75,0.65,1,1.12800003958211
"1287",283,0.65,1,1.14134515626956
"1288",283.25,0.65,1,1.15460404780453
"1289",283.5,0.65,1,1.16768940960065
"1290",283.75,0.65,1,1.18067000953492
"1291",284,0.65,1,1.19345263275074
"1292",284.25,0.65,1,1.20590349669044
"1293",284.5,0.65,1,1.21793606002232
"1294",284.75,0.65,1,1.22924067321618
"1295",285,0.65,1,1.23977672257968
"1296",285.25,0.65,1,1.24957501626833
"1297",285.5,0.65,1,1.25808740006512
"1298",285.75,0.65,1,1.26543868859648
"1299",286,0.65,1,1.27166353122016
"1300",286.25,0.65,1,1.27572561697093
"1301",286.5,0.65,1,1.27864982031738
"1302",286.75,0.65,1,1.27931811889002
"1303",287,0.65,1,1.27765407957866
"1304",287.25,0.65,1,1.27372257417239
"1305",287.5,0.65,1,1.26737707143774
"1306",287.75,0.65,1,1.25826395301624
"1307",288,0.65,1,1.24663642411276
"1308",288.25,0.65,1,1.23191747972481
"1309",288.5,0.65,1,1.21411361823417
"1310",288.75,0.65,1,1.19276834168819
"1311",289,0.65,1,1.16788770661046
"1312",289.25,0.65,1,1.13845474662539
"1313",289.5,0.65,1,1.11185674936408
"1314",289.75,0.65,1,1.07316434893651
"1315",290,0.65,1,1.03870016055505
"1316",290.25,0.65,1,0.999573856656776
"1317",290.5,0.65,1,0.955196243899406
"1318",290.75,0.65,1,0.903557363679771
"1319",291,0.65,1,0.841280328447486
"1320",291.25,0.65,1,0.796203944106319
"1321",291.5,0.65,1,0.744263209932467
"1322",291.75,0.65,1,0.68288398665604
"1323",292,0.65,1,0.605654635567455
"1324",280,0.675,1,0.996284856987323
"1325",280.25,0.675,1,1.0115920834285
"1326",280.5,0.675,1,1.02477438267662
"1327",280.75,0.675,1,1.03657001834261
"1328",281,0.675,1,1.048082230798
"1329",281.25,0.675,1,1.06026116414631
"1330",281.5,0.675,1,1.07267916054789
"1331",281.75,0.675,1,1.085456933173
"1332",282,0.675,1,1.09846408038887
"1333",282.25,0.675,1,1.11176074944474
"1334",282.5,0.675,1,1.12532762971917
"1335",282.75,0.675,1,1.13897551322067
"1336",283,0.675,1,1.15276135199009
"1337",283.25,0.675,1,1.16649717091041
"1338",283.5,0.675,1,1.18039585686906
"1339",283.75,0.675,1,1.19408451468227
"1340",284,0.675,1,1.20758914137088
"1341",284.25,0.675,1,1.2206601421093
"1342",284.5,0.675,1,1.23349918877308
"1343",284.75,0.675,1,1.24565625062987
"1344",285,0.675,1,1.25709323478686
"1345",285.25,0.675,1,1.26761574984726
"1346",285.5,0.675,1,1.27728507999619
"1347",285.75,0.675,1,1.28551551501406
"1348",286,0.675,1,1.29257917864702
"1349",286.25,0.675,1,1.2979593457545
"1350",286.5,0.675,1,1.30143761751087
"1351",286.75,0.675,1,1.30325187193193
"1352",287,0.675,1,1.30287802473409
"1353",287.25,0.675,1,1.300345759403
"1354",287.5,0.675,1,1.29546324266314
"1355",287.75,0.675,1,1.28692835543311
"1356",288,0.675,1,1.27696312902884
"1357",288.25,0.675,1,1.2623212347012
"1358",288.5,0.675,1,1.24653468970844
"1359",288.75,0.675,1,1.22467558305221
"1360",289,0.675,1,1.20236133159558
"1361",289.25,0.675,1,1.17676267656634
"1362",289.5,0.675,1,1.14724901096026
"1363",289.75,0.675,1,1.11332106721146
"1364",290,0.675,1,1.07420213220634
"1365",290.25,0.675,1,1.02728430568899
"1366",290.5,0.675,1,0.98748581835236
"1367",290.75,0.675,1,0.941949689672143
"1368",291,0.675,1,0.888848326620468
"1369",291.25,0.675,1,0.824882041073401
"1370",291.5,0.675,1,0.780710271180453
"1371",291.75,0.675,1,0.729342168762476
"1372",292,0.675,1,0.668954899900124
"1373",280,0.7,1,1.00899803591939
"1374",280.25,0.7,1,1.0207088566995
"1375",280.5,0.7,1,1.03170561119394
"1376",280.75,0.7,1,1.04291648027887
"1377",281,0.7,1,1.05486575264806
"1378",281.25,0.7,1,1.06716951532204
"1379",281.5,0.7,1,1.07987632205839
"1380",281.75,0.7,1,1.0928764300179
"1381",282,0.7,1,1.10624059091913
"1382",282.25,0.7,1,1.1199436487904
"1383",282.5,0.7,1,1.13381677528619
"1384",282.75,0.7,1,1.14805535790936
"1385",283,0.7,1,1.16223532483397
"1386",283.25,0.7,1,1.17667205757046
"1387",283.5,0.7,1,1.19102957737556
"1388",283.75,0.7,1,1.20534989134497
"1389",284,0.7,1,1.21937981205612
"1390",284.25,0.7,1,1.23331051344274
"1391",284.5,0.7,1,1.24672860135231
"1392",284.75,0.7,1,1.2596180381734
"1393",285,0.7,1,1.27192563860898
"1394",285.25,0.7,1,1.2832451226665
"1395",285.5,0.7,1,1.29378345220065
"1396",285.75,0.7,1,1.30297743581395
"1397",286,0.7,1,1.31083007354977
"1398",286.25,0.7,1,1.31702884861874
"1399",286.5,0.7,1,1.32177752678582
"1400",286.75,0.7,1,1.3245549963819
"1401",287,0.7,1,1.32550173618008
"1402",287.25,0.7,1,1.32368939691219
"1403",287.5,0.7,1,1.3191250750031
"1404",287.75,0.7,1,1.31201439388131
"1405",288,0.7,1,1.3019964426536
"1406",288.25,0.7,1,1.29066613443471
"1407",288.5,0.7,1,1.2747385120622
"1408",288.75,0.7,1,1.25535614292122
"1409",289,0.7,1,1.23208145883203
"1410",289.25,0.7,1,1.2039601414761
"1411",289.5,0.7,1,1.17733925185401
"1412",289.75,0.7,1,1.13887725282397
"1413",290,0.7,1,1.10310709365558
"1414",290.25,0.7,1,1.0614247351294
"1415",290.5,0.7,1,1.02741612304957
"1416",290.75,0.7,1,0.972281776148182
"1417",291,0.7,1,0.926536627616391
"1418",291.25,0.7,1,0.872929033232453
"1419",291.5,0.7,1,0.808461844470336
"1420",291.75,0.7,1,0.765400093804287
"1421",292,0.7,1,0.714568980719415
"1422",280,0.725,1,1.01500641250264
"1423",280.25,0.725,1,1.02544586380535
"1424",280.5,0.725,1,1.03637921099746
"1425",280.75,0.725,1,1.04796438252955
"1426",281,0.725,1,1.06008764556113
"1427",281.25,0.725,1,1.07259594273609
"1428",281.5,0.725,1,1.08546702961982
"1429",281.75,0.725,1,1.09875248269927
"1430",282,0.725,1,1.11242841176622
"1431",282.25,0.725,1,1.12646680857354
"1432",282.5,0.725,1,1.14072743292826
"1433",282.75,0.725,1,1.15526450110485
"1434",283,0.725,1,1.16990789495676
"1435",283.25,0.725,1,1.18471004545935
"1436",283.5,0.725,1,1.19958243129866
"1437",283.75,0.725,1,1.21445697866526
"1438",284,0.725,1,1.22921703923647
"1439",284.25,0.725,1,1.24363473195013
"1440",284.5,0.725,1,1.25771522812548
"1441",284.75,0.725,1,1.27131278189357
"1442",285,0.725,1,1.28415415323746
"1443",285.25,0.725,1,1.296410280614
"1444",285.5,0.725,1,1.30761171018228
"1445",285.75,0.725,1,1.3176657272214
"1446",286,0.725,1,1.32645446302404
"1447",286.25,0.725,1,1.33382642606444
"1448",286.5,0.725,1,1.33942501195363
"1449",286.75,0.725,1,1.34299895700048
"1450",287,0.725,1,1.34463826098037
"1451",287.25,0.725,1,1.34386545215757
"1452",287.5,0.725,1,1.34071868589606
"1453",287.75,0.725,1,1.33485621836278
"1454",288,0.725,1,1.32645062313128
"1455",288.25,0.725,1,1.31343176583885
"1456",288.5,0.725,1,1.29897098909777
"1457",288.75,0.725,1,1.28134780116733
"1458",289,0.725,1,1.26039888094805
"1459",289.25,0.725,1,1.23141767623698
"1460",289.5,0.725,1,1.20173691365541
"1461",289.75,0.725,1,1.17470611257235
"1462",290,0.725,1,1.13576880727574
"1463",290.25,0.725,1,1.10005723982662
"1464",290.5,0.725,1,1.05926008022333
"1465",290.75,0.725,1,1.01213541556518
"1466",291,0.725,1,0.955528922138625
"1467",291.25,0.725,1,0.910122841432877
"1468",291.5,0.725,1,0.856678499091314
"1469",291.75,0.725,1,0.792569436579459
"1470",292,0.725,1,0.750373352340051
"1471",280,0.75,1,1.01813972268277
"1472",280.25,0.75,1,1.0286705607479
"1473",280.5,0.75,1,1.03993522816204
"1474",280.75,0.75,1,1.05163519623173
"1475",281,0.75,1,1.0638313175026
"1476",281.25,0.75,1,1.07650815400692
"1477",281.5,0.75,1,1.08957533369032
"1478",281.75,0.75,1,1.10308570476004
"1479",282,0.75,1,1.11692241274859
"1480",282.25,0.75,1,1.1312406156868
"1481",282.5,0.75,1,1.14582179358148
"1482",282.75,0.75,1,1.16060513800925
"1483",283,0.75,1,1.17563198455391
"1484",283.25,0.75,1,1.19096100172056
"1485",283.5,0.75,1,1.20616610742572
"1486",283.75,0.75,1,1.22150387466375
"1487",284,0.75,1,1.23665890110578
"1488",284.25,0.75,1,1.25160642081269
"1489",284.5,0.75,1,1.26628134302173
"1490",284.75,0.75,1,1.28050477886808
"1491",285,0.75,1,1.29418187961269
"1492",285.25,0.75,1,1.30702270158706
"1493",285.5,0.75,1,1.31893931112396
"1494",285.75,0.75,1,1.32993938826349
"1495",286,0.75,1,1.33954787511176
"1496",286.25,0.75,1,1.34778634905425
"1497",286.5,0.75,1,1.35439339186953
"1498",286.75,0.75,1,1.35904595074606
"1499",287,0.75,1,1.36173736563945
"1500",287.25,0.75,1,1.36225605823638
"1501",287.5,0.75,1,1.36031472591326
"1502",287.75,0.75,1,1.3551831598577
"1503",288,0.75,1,1.34668913386884
"1504",288.25,0.75,1,1.336638207726
"1505",288.5,0.75,1,1.32202093525741
"1506",288.75,0.75,1,1.30365729341993
"1507",289,0.75,1,1.28105032153417
"1508",289.25,0.75,1,1.25873739410177
"1509",289.5,0.75,1,1.2270929621772
"1510",289.75,0.75,1,1.19668930980507
"1511",290,0.75,1,1.16144399867915
"1512",290.25,0.75,1,1.12003691431645
"1513",290.5,0.75,1,1.08429400469034
"1514",290.75,0.75,1,1.04292263897206
"1515",291,0.75,1,0.995172466807449
"1516",291.25,0.75,1,0.93835510500396
"1517",291.5,0.75,1,0.893376225888623
"1518",291.75,0.75,1,0.810437505007663
"1519",292,0.75,1,0.777388744551631
"1520",280,0.775,1,1.02010017353177
"1521",280.25,0.775,1,1.03083559527685
"1522",280.5,0.775,1,1.04214408580534
"1523",280.75,0.775,1,1.05391839909179
"1524",281,0.775,1,1.066201554966
"1525",281.25,0.775,1,1.07892016622912
"1526",281.5,0.775,1,1.09212186648652
"1527",281.75,0.775,1,1.10578923359512
"1528",282,0.775,1,1.11982489774234
"1529",282.25,0.775,1,1.13426763067128
"1530",282.5,0.775,1,1.14908650215194
"1531",282.75,0.775,1,1.16415818505901
"1532",283,0.775,1,1.17949598209692
"1533",283.25,0.775,1,1.19503693722325
"1534",283.5,0.775,1,1.21072619241625
"1535",283.75,0.775,1,1.22634794698621
"1536",284,0.775,1,1.24205178843651
"1537",284.25,0.775,1,1.25749394761115
"1538",284.5,0.775,1,1.27257312595786
"1539",284.75,0.775,1,1.28739541685434
"1540",285,0.775,1,1.30159773989484
"1541",285.25,0.775,1,1.31529255665763
"1542",285.5,0.775,1,1.32808113292056
"1543",285.75,0.775,1,1.34000595761812
"1544",286,0.775,1,1.35078931927827
"1545",286.25,0.775,1,1.36037076000346
"1546",286.5,0.775,1,1.36841264465783
"1547",286.75,0.775,1,1.37496372177579
"1548",287,0.775,1,1.37942223503672
"1549",287.25,0.775,1,1.38129339025279
"1550",287.5,0.775,1,1.38034532799192
"1551",287.75,0.775,1,1.37630868555279
"1552",288,0.775,1,1.36912168458228
"1553",288.25,0.775,1,1.35851366979826
"1554",288.5,0.775,1,1.34455585888491
"1555",288.75,0.775,1,1.32705855602837
"1556",289,0.775,1,1.30615003742654
"1557",289.25,0.775,1,1.28163946072409
"1558",289.5,0.775,1,1.25342451436209
"1559",289.75,0.775,1,1.22031398757323
"1560",290,0.775,1,1.18913559049043
"1561",290.25,0.775,1,1.14417519872291
"1562",290.5,0.775,1,1.10172476605137
"1563",290.75,0.775,1,1.06630615021222
"1564",291,0.775,1,1.00822234402632
"1565",291.25,0.775,1,0.957874101694902
"1566",291.5,0.775,1,0.896480988870707
"1567",291.75,0.775,1,0.850929198652034
"1568",292,0.775,1,0.795616138335486
"1569",280,0.8,1,1.02106123387337
"1570",280.25,0.8,1,1.03184109887639
"1571",280.5,0.8,1,1.04309689424897
"1572",280.75,0.8,1,1.0548852220984
"1573",281,0.8,1,1.06714215557491
"1574",281.25,0.8,1,1.0799116214004
"1575",281.5,0.8,1,1.09318097297752
"1576",281.75,0.8,1,1.10686906255179
"1577",282,0.8,1,1.12102498745543
"1578",282.25,0.8,1,1.1356224588034
"1579",282.5,0.8,1,1.15062302995964
"1580",282.75,0.8,1,1.16588005791728
"1581",283,0.8,1,1.18145174029228
"1582",283.25,0.8,1,1.19724429209965
"1583",283.5,0.8,1,1.21311805996213
"1584",283.75,0.8,1,1.22908283060058
"1585",284,0.8,1,1.2450305839805
"1586",284.25,0.8,1,1.26091226082989
"1587",284.5,0.8,1,1.27659618710733
"1588",284.75,0.8,1,1.29201211501581
"1589",285,0.8,1,1.3069978697831
"1590",285.25,0.8,1,1.32157390761404
"1591",285.5,0.8,1,1.33568447000056
"1592",285.75,0.8,1,1.34928705479284
"1593",286,0.8,1,1.36239931688217
"1594",286.25,0.8,1,1.37461233223805
"1595",286.5,0.8,1,1.38579684818831
"1596",286.75,0.8,1,1.39510585990316
"1597",287,0.8,1,1.4019530980369
"1598",287.25,0.8,1,1.40610283711998
"1599",287.5,0.8,1,1.40708415064049
"1600",287.75,0.8,1,1.40479719088721
"1601",288,0.8,1,1.39772627629339
"1602",288.25,0.8,1,1.38826856606451
"1603",288.5,0.8,1,1.37292468549163
"1604",288.75,0.8,1,1.35542039871339
"1605",289,0.8,1,1.33108364938459
"1606",289.25,0.8,1,1.30590686106682
"1607",289.5,0.8,1,1.27227310521723
"1608",289.75,0.8,1,1.24010559875012
"1609",290,0.8,1,1.20371943286252
"1610",290.25,0.8,1,1.17164964810011
"1611",290.5,0.8,1,1.12469289501114
"1612",290.75,0.8,1,1.08189872065547
"1613",291,0.8,1,1.03079794859982
"1614",291.25,0.8,1,0.989361812092888
"1615",291.5,0.8,1,0.939891757016412
"1616",291.75,0.8,1,0.879975341133863
"1617",292,0.8,1,0.80353453284437
"1618",280,0.825,1,1.02090213838263
"1619",280.25,0.825,1,1.03156160910435
"1620",280.5,0.825,1,1.0427543010721
"1621",280.75,0.825,1,1.05444505084125
"1622",281,0.825,1,1.06671841884957
"1623",281.25,0.825,1,1.07942101612067
"1624",281.5,0.825,1,1.09269163033756
"1625",281.75,0.825,1,1.10641249384411
"1626",282,0.825,1,1.12062902547149
"1627",282.25,0.825,1,1.1352742910559
"1628",282.5,0.825,1,1.150288674849
"1629",282.75,0.825,1,1.16567806290273
"1630",283,0.825,1,1.18136936283134
"1631",283.25,0.825,1,1.19734826105305
"1632",283.5,0.825,1,1.21344343616924
"1633",283.75,0.825,1,1.22966469582368
"1634",284,0.825,1,1.2459534310906
"1635",284.25,0.825,1,1.26226097121595
"1636",284.5,0.825,1,1.2784461646667
"1637",284.75,0.825,1,1.2947315485791
"1638",285,0.825,1,1.31098713693378
"1639",285.25,0.825,1,1.32744654719009
"1640",285.5,0.825,1,1.34427971718804
"1641",285.75,0.825,1,1.36129114402872
"1642",286,0.825,1,1.37778180323839
"1643",286.25,0.825,1,1.39264075938154
"1644",286.5,0.825,1,1.40492117338077
"1645",286.75,0.825,1,1.41408308830911
"1646",287,0.825,1,1.42045507744231
"1647",287.25,0.825,1,1.42407897401826
"1648",287.5,0.825,1,1.42473971211124
"1649",287.75,0.825,1,1.42231420825639
"1650",288,0.825,1,1.41659474435928
"1651",288.25,0.825,1,1.40764731604101
"1652",288.5,0.825,1,1.39541391364954
"1653",288.75,0.825,1,1.37928231820583
"1654",289,0.825,1,1.35880916611733
"1655",289.25,0.825,1,1.33309231960164
"1656",289.5,0.825,1,1.30093775003444
"1657",289.75,0.825,1,1.26883975901006
"1658",290,0.825,1,1.225207210619
"1659",290.25,0.825,1,1.18521016519478
"1660",290.5,0.825,1,1.14070148041299
"1661",290.75,0.825,1,1.10362470814534
"1662",291,0.825,1,1.04419757507533
"1663",291.25,0.825,1,0.990308675050623
"1664",291.5,0.825,1,0.949344183120842
"1665",291.75,0.825,1,0.898573308272854
"1666",292,0.825,1,0.835132900634392
"1667",280,0.85,1,1.01957278987538
"1668",280.25,0.85,1,1.03008449169364
"1669",280.5,0.85,1,1.04114648159001
"1670",280.75,0.85,1,1.0527202556627
"1671",281,0.85,1,1.06484002685438
"1672",281.25,0.85,1,1.07746185418902
"1673",281.5,0.85,1,1.09066434396554
"1674",281.75,0.85,1,1.10430580591501
"1675",282,0.85,1,1.11841560633129
"1676",282.25,0.85,1,1.13306101866126
"1677",282.5,0.85,1,1.14806191864313
"1678",282.75,0.85,1,1.1634779265398
"1679",283,0.85,1,1.17923625865419
"1680",283.25,0.85,1,1.19524840820918
"1681",283.5,0.85,1,1.21149894253959
"1682",283.75,0.85,1,1.22805966142791
"1683",284,0.85,1,1.24465639760432
"1684",284.25,0.85,1,1.26159500928674
"1685",284.5,0.85,1,1.27892350881842
"1686",284.75,0.85,1,1.29683907526497
"1687",285,0.85,1,1.31576568440349
"1688",285.25,0.85,1,1.33556945249098
"1689",285.5,0.85,1,1.35516831853771
"1690",285.75,0.85,1,1.37290781557555
"1691",286,0.85,1,1.38796078858262
"1692",286.25,0.85,1,1.40009494115047
"1693",286.5,0.85,1,1.40992597235778
"1694",286.75,0.85,1,1.41756493124933
"1695",287,0.85,1,1.42302570596285
"1696",287.25,0.85,1,1.4259377499307
"1697",287.5,0.85,1,1.42641244748939
"1698",287.75,0.85,1,1.42422668219343
"1699",288,0.85,1,1.41947816636221
"1700",288.25,0.85,1,1.41170841607492
"1701",288.5,0.85,1,1.39956465974482
"1702",288.75,0.85,1,1.38581322114163
"1703",289,0.85,1,1.36595369465511
"1704",289.25,0.85,1,1.34540796233371
"1705",289.5,0.85,1,1.3206478698192
"1706",289.75,0.85,1,1.28454649878836
"1707",290,0.85,1,1.25468351131896
"1708",290.25,0.85,1,1.20942682830096
"1709",290.5,0.85,1,1.16606196838297
"1710",290.75,0.85,1,1.11923282904548
"1711",291,0.85,1,1.06718503436897
"1712",291.25,0.85,1,1.00281883585135
"1713",291.5,0.85,1,0.971374591848151
"1714",291.75,0.85,1,0.906818480076887
"1715",292,0.85,1,0.854874497521053
"1716",280,0.875,1,1.01704696065569
"1717",280.25,0.875,1,1.02731217334631
"1718",280.5,0.875,1,1.03816079321389
"1719",280.75,0.875,1,1.04953125489235
"1720",281,0.875,1,1.06144692329943
"1721",281.25,0.875,1,1.07386880116173
"1722",281.5,0.875,1,1.08686618227912
"1723",281.75,0.875,1,1.10038086421801
"1724",282,0.875,1,1.11439811197546
"1725",282.25,0.875,1,1.12885815981697
"1726",282.5,0.875,1,1.14377193735575
"1727",282.75,0.875,1,1.15910325064748
"1728",283,0.875,1,1.17478419687093
"1729",283.25,0.875,1,1.19088096035709
"1730",283.5,0.875,1,1.20727150137543
"1731",283.75,0.875,1,1.22408104889465
"1732",284,0.875,1,1.24134008845227
"1733",284.25,0.875,1,1.25953154661416
"1734",284.5,0.875,1,1.27900704573475
"1735",284.75,0.875,1,1.29997327167865
"1736",285,0.875,1,1.32126686051516
"1737",285.25,0.875,1,1.3408215588361
"1738",285.5,0.875,1,1.35768944640388
"1739",285.75,0.875,1,1.37219084401354
"1740",286,0.875,1,1.3847898889312
"1741",286.25,0.875,1,1.39588589511137
"1742",286.5,0.875,1,1.40528307761181
"1743",286.75,0.875,1,1.41287811253177
"1744",287,0.875,1,1.41831011318299
"1745",287.25,0.875,1,1.42161261140097
"1746",287.5,0.875,1,1.42261605990339
"1747",287.75,0.875,1,1.42098797553101
"1748",288,0.875,1,1.41606625552379
"1749",288.25,0.875,1,1.40784661580536
"1750",288.5,0.875,1,1.39618222517238
"1751",288.75,0.875,1,1.38410311004565
"1752",289,0.875,1,1.36636971898755
"1753",289.25,0.875,1,1.34471436007914
"1754",289.5,0.875,1,1.31842673228409
"1755",289.75,0.875,1,1.29317271036111
"1756",290,0.875,1,1.25652209295096
"1757",290.25,0.875,1,1.22093147888054
"1758",290.5,0.875,1,1.17619000112144
"1759",290.75,0.875,1,1.13365610665261
"1760",291,0.875,1,1.06586342554016
"1761",291.25,0.875,1,1.02760210716943
"1762",291.5,0.875,1,0.959684061993739
"1763",291.75,0.875,1,0.902995890377013
"1764",292,0.875,1,0.862845832072166
"1765",280,0.9,1,1.01323136475072
"1766",280.25,0.9,1,1.02322625728516
"1767",280.5,0.9,1,1.03375077983904
"1768",280.75,0.9,1,1.0448365023685
"1769",281,0.9,1,1.05645930063272
"1770",281.25,0.9,1,1.06859617098369
"1771",281.5,0.9,1,1.08131004897042
"1772",281.75,0.9,1,1.09453745038127
"1773",282,0.9,1,1.1082611688825
"1774",282.25,0.9,1,1.1224891843999
"1775",282.5,0.9,1,1.13718312630156
"1776",282.75,0.9,1,1.15234859209224
"1777",283,0.9,1,1.16792638958119
"1778",283.25,0.9,1,1.18398765470931
"1779",283.5,0.9,1,1.20061600597768
"1780",283.75,0.9,1,1.21801775334944
"1781",284,0.9,1,1.23670386870638
"1782",284.25,0.9,1,1.25719713941528
"1783",284.5,0.9,1,1.27881650899648
"1784",284.75,0.9,1,1.29960590283177
"1785",285,0.9,1,1.31799087125118
"1786",285.25,0.9,1,1.33434524423367
"1787",285.5,0.9,1,1.34933007916272
"1788",285.75,0.9,1,1.36308944079772
"1789",286,0.9,1,1.37559998214265
"1790",286.25,0.9,1,1.38671762094482
"1791",286.5,0.9,1,1.39613028953279
"1792",286.75,0.9,1,1.40359433062906
"1793",287,0.9,1,1.40975166711104
"1794",287.25,0.9,1,1.41284577086953
"1795",287.5,0.9,1,1.41455307663193
"1796",287.75,0.9,1,1.41270846873089
"1797",288,0.9,1,1.40804773035755
"1798",288.25,0.9,1,1.40067756187395
"1799",288.5,0.9,1,1.39042285861556
"1800",288.75,0.9,1,1.37696780066192
"1801",289,0.9,1,1.35649495331879
"1802",289.25,0.9,1,1.3366157110747
"1803",289.5,0.9,1,1.31297836683422
"1804",289.75,0.9,1,1.28514880902694
"1805",290,0.9,1,1.25218958618009
"1806",290.25,0.9,1,1.21212141106727
"1807",290.5,0.9,1,1.17681481187476
"1808",290.75,0.9,1,1.13326127982471
"1809",291,0.9,1,1.07669526912624
"1810",291.25,0.9,1,1.02464617957201
"1811",291.5,0.9,1,0.961494611387733
"1812",291.75,0.9,1,0.915835338327176
"1813",292,0.9,1,0.857931482048659
"1814",280,0.925,1,1.00809382847787
"1815",280.25,0.925,1,1.01767869417159
"1816",280.5,0.925,1,1.02780833087497
"1817",280.75,0.925,1,1.03847680776049
"1818",281,0.925,1,1.04971390735942
"1819",281.25,0.925,1,1.06146824362887
"1820",281.5,0.925,1,1.07380591440315
"1821",281.75,0.925,1,1.08666757840848
"1822",282,0.925,1,1.10001725686337
"1823",282.25,0.925,1,1.1138490232838
"1824",282.5,0.925,1,1.1282598051804
"1825",282.75,0.925,1,1.14309986772243
"1826",283,0.925,1,1.15855911045261
"1827",283.25,0.925,1,1.17464940902754
"1828",283.5,0.925,1,1.19182902637977
"1829",283.75,0.925,1,1.21049500466539
"1830",284,0.925,1,1.23116252441986
"1831",284.25,0.925,1,1.25222430555874
"1832",284.5,0.925,1,1.27150891191597
"1833",284.75,0.925,1,1.28888044199321
"1834",285,0.925,1,1.30516698486586
"1835",285.25,0.925,1,1.32058736783644
"1836",285.5,0.925,1,1.33525170941636
"1837",285.75,0.925,1,1.34902547659602
"1838",286,0.925,1,1.36175048927997
"1839",286.25,0.925,1,1.37330311599656
"1840",286.5,0.925,1,1.38339040492853
"1841",286.75,0.925,1,1.3917345407397
"1842",287,0.925,1,1.39788204759084
"1843",287.25,0.925,1,1.40276875804026
"1844",287.5,0.925,1,1.40470498249132
"1845",287.75,0.925,1,1.40417826728678
"1846",288,0.925,1,1.40071366052478
"1847",288.25,0.925,1,1.39178312964462
"1848",288.5,0.925,1,1.38263409760936
"1849",288.75,0.925,1,1.36679311177802
"1850",289,0.925,1,1.34635037197852
"1851",289.25,0.925,1,1.32788582512595
"1852",289.5,0.925,1,1.30062467331267
"1853",289.75,0.925,1,1.2669931986716
"1854",290,0.925,1,1.23802307023185
"1855",290.25,0.925,1,1.20367939249541
"1856",290.5,0.925,1,1.16200712699675
"1857",290.75,0.925,1,1.12748378909827
"1858",291,0.925,1,1.0846421821039
"1859",291.25,0.925,1,1.03002424112421
"1860",291.5,0.925,1,0.980883044426603
"1861",291.75,0.925,1,0.917240583501889
"1862",292,0.925,1,0.837638581476711
"1863",280,0.95,1,1.00155678006129
"1864",280.25,0.95,1,1.01065536328317
"1865",280.5,0.95,1,1.020305606602
"1866",280.75,0.95,1,1.03044994447737
"1867",281,0.95,1,1.04116549111212
"1868",281.25,0.95,1,1.05241168809623
"1869",281.5,0.95,1,1.06421734538632
"1870",281.75,0.95,1,1.07655202331338
"1871",282,0.95,1,1.08941382938061
"1872",282.25,0.95,1,1.10274069096069
"1873",282.5,0.95,1,1.11673613228427
"1874",282.75,0.95,1,1.13121475476599
"1875",283,0.95,1,1.14657896655743
"1876",283.25,0.95,1,1.16297992540502
"1877",283.5,0.95,1,1.18129288051966
"1878",283.75,0.95,1,1.20108544297519
"1879",284,0.95,1,1.22072073828021
"1880",284.25,0.95,1,1.23872788922013
"1881",284.5,0.95,1,1.255199927554
"1882",284.75,0.95,1,1.27105529563313
"1883",285,0.95,1,1.2865815262056
"1884",285.25,0.95,1,1.30170189907809
"1885",285.5,0.95,1,1.31633649198965
"1886",285.75,0.95,1,1.33024053270989
"1887",286,0.95,1,1.34344291579846
"1888",286.25,0.95,1,1.3559067916402
"1889",286.5,0.95,1,1.36766183550619
"1890",286.75,0.95,1,1.37847217929482
"1891",287,0.95,1,1.38732791129915
"1892",287.25,0.95,1,1.3931977484918
"1893",287.5,0.95,1,1.39575769531342
"1894",287.75,0.95,1,1.39455527354185
"1895",288,0.95,1,1.3909688649907
"1896",288.25,0.95,1,1.38342045936341
"1897",288.5,0.95,1,1.37239446079904
"1898",288.75,0.95,1,1.3578529807866
"1899",289,0.95,1,1.33956705977735
"1900",289.25,0.95,1,1.31133005591768
"1901",289.5,0.95,1,1.28401860702952
"1902",289.75,0.95,1,1.25157225963737
"1903",290,0.95,1,1.21360939619756
"1904",290.25,0.95,1,1.18474963151557
"1905",290.5,0.95,1,1.14976697891873
"1906",290.75,0.95,1,1.10806256465405
"1907",291,0.95,1,1.05533998511712
"1908",291.25,0.95,1,1.01168606872833
"1909",291.5,0.95,1,0.952848593217703
"1910",291.75,0.95,1,0.905190648848471
"1911",292,0.95,1,0.837218875067397
"1912",280,0.975,1,0.993542566505479
"1913",280.25,0.975,1,1.002037891441
"1914",280.5,0.975,1,1.01106144765259
"1915",280.75,0.975,1,1.02064094496454
"1916",281,0.975,1,1.030687067555
"1917",281.25,0.975,1,1.04126749427297
"1918",281.5,0.975,1,1.05238517897024
"1919",281.75,0.975,1,1.06409021701995
"1920",282,0.975,1,1.07627318285068
"1921",282.25,0.975,1,1.08901000706693
"1922",282.5,0.975,1,1.10245575142769
"1923",282.75,0.975,1,1.1165876590998
"1924",283,0.975,1,1.13203687153182
"1925",283.25,0.975,1,1.14917697244899
"1926",283.5,0.975,1,1.16757248125093
"1927",283.75,0.975,1,1.18564568112287
"1928",284,0.975,1,1.20186554436095
"1929",284.25,0.975,1,1.21747789646159
"1930",284.5,0.975,1,1.23300762114831
"1931",284.75,0.975,1,1.24847954031598
"1932",285,0.975,1,1.26337893344301
"1933",285.25,0.975,1,1.27799152801551
"1934",285.5,0.975,1,1.29248863783086
"1935",285.75,0.975,1,1.30698069289708
"1936",286,0.975,1,1.32170130635704
"1937",286.25,0.975,1,1.33633489579688
"1938",286.5,0.975,1,1.34948300875689
"1939",286.75,0.975,1,1.35989092899769
"1940",287,0.975,1,1.3673317304167
"1941",287.25,0.975,1,1.37167121002247
"1942",287.5,0.975,1,1.37293026881401
"1943",287.75,0.975,1,1.36914957501719
"1944",288,0.975,1,1.36274845604642
"1945",288.25,0.975,1,1.35501489706187
"1946",288.5,0.975,1,1.34517369225961
"1947",288.75,0.975,1,1.32570072163183
"1948",289,0.975,1,1.31162720549626
"1949",289.25,0.975,1,1.28507347695696
"1950",289.5,0.975,1,1.26431478891639
"1951",289.75,0.975,1,1.22698027549574
"1952",290,0.975,1,1.19571938118941
"1953",290.25,0.975,1,1.15653770847128
"1954",290.5,0.975,1,1.10899246109346
"1955",290.75,0.975,1,1.07435417620488
"1956",291,0.975,1,1.03047581797615
"1957",291.25,0.975,1,0.973047287767632
"1958",291.5,0.975,1,0.928494108708994
"1959",291.75,0.975,1,0.86455497036389
"1960",292,0.975,1,0.817066380293437
"1961",280,1,1,0.983985810081206
"1962",280.25,1,1,0.991776116507235
"1963",280.5,1,1,1.00000091983038
"1964",280.75,1,1,1.00884579820574
"1965",281,1,1,1.01810777450739
"1966",281.25,1,1,1.0278684327016
"1967",281.5,1,1,1.03819922453037
"1968",281.75,1,1,1.04911095286763
"1969",282,1,1,1.06041051192334
"1970",282.25,1,1,1.07254636125984
"1971",282.5,1,1,1.08520398844101
"1972",282.75,1,1,1.09934467613176
"1973",283,1,1,1.11473301353138
"1974",283.25,1,1,1.13148232097662
"1975",283.5,1,1,1.14736686808272
"1976",283.75,1,1,1.16214400236286
"1977",284,1,1,1.17675184371231
"1978",284.25,1,1,1.19158996779285
"1979",284.5,1,1,1.2057470271213
"1980",284.75,1,1,1.22007929633738
"1981",285,1,1,1.234677843532
"1982",285.25,1,1,1.24950822738861
"1983",285.5,1,1,1.26511323251623
"1984",285.75,1,1,1.28106278590424
"1985",286,1,1,1.29575752085682
"1986",286.25,1,1,1.30810296681574
"1987",286.5,1,1,1.31838211355872
"1988",286.75,1,1,1.32696910681107
"1989",287,1,1,1.33356632890042
"1990",287.25,1,1,1.33763500416324
"1991",287.5,1,1,1.3393905796702
"1992",287.75,1,1,1.3378727846599
"1993",288,1,1,1.33204773425455
"1994",288.25,1,1,1.32231741621887
"1995",288.5,1,1,1.30653476076289
"1996",288.75,1,1,1.28775604563583
"1997",289,1,1,1.26611123363463
"1998",289.25,1,1,1.24201557559288
"1999",289.5,1,1,1.21291945015136
"2000",289.75,1,1,1.19519665153423
"2001",290,1,1,1.15783333659376
"2002",290.25,1,1,1.1084720349646
"2003",290.5,1,1,1.07163131363194
"2004",290.75,1,1,1.02138543316733
"2005",291,1,1,0.954369625565133
"2006",291.25,1,1,0.906241799356076
"2007",291.5,1,1,0.880133077810958
"2008",291.75,1,1,0.785333969604534
"2009",292,1,1,0.76179791782249
