"T","kappa","Y","Lambda"
"1",278,0,1,2.71033638652672e-14
"2",278.25,0,1,2.06600659597548e-14
"3",278.5,0,1,1.56878684807005e-14
"4",278.75,0,1,1.18659295657105e-14
"5",279,0,1,8.93977466233046e-15
"6",279.25,0,1,6.70840946253592e-15
"7",279.5,0,1,5.01373860984853e-15
"8",279.75,0,1,3.73193132121481e-15
"9",280,0,1,2.76640566374051e-15
"10",280.25,0,1,2.04215423069768e-15
"11",280.5,0,1,1.50117592388672e-15
"12",280.75,0,1,1.09881528704939e-15
"13",281,0,1,8.00842772574628e-16
"14",281.25,0,1,5.81136899241582e-16
"15",281.5,0,1,4.19852909794919e-16
"16",281.75,0,1,3.01982690365542e-16
"17",282,0,1,2.16227776819679e-16
"18",282.25,0,1,1.54121629070964e-16
"19",282.5,0,1,1.09349357802269e-16
"20",282.75,0,1,7.72230628647923e-17
"21",283,0,1,5.42791812945362e-17
"22",283.25,0,1,3.79710031752985e-17
"23",283.5,0,1,2.64350573866723e-17
"24",283.75,0,1,1.83144700199452e-17
"25",284,0,1,1.2626141251635e-17
"26",284.25,0,1,8.6613408715783e-18
"27",284.5,0,1,5.91171592995939e-18
"28",284.75,0,1,4.01449934202364e-18
"29",285,0,1,2.71215076923113e-18
"30",285.25,0,1,1.82278644723055e-18
"31",285.5,0,1,1.21863016566036e-18
"32",285.75,0,1,8.10394710140579e-19
"33",286,0,1,5.36023586274866e-19
"34",286.25,0,1,3.52620568427171e-19
"35",286.5,0,1,2.306966816551e-19
"36",286.75,0,1,1.50092248009485e-19
"37",287,0,1,9.71027080849117e-20
"38",287.25,0,1,6.24644983095824e-20
"39",287.5,0,1,3.99518031041322e-20
"40",287.75,0,1,2.54046265860149e-20
"41",288,0,1,1.60595859698068e-20
"42",288.25,0,1,1.00918891382455e-20
"43",288.5,0,1,6.30374153063748e-21
"44",288.75,0,1,3.91365940731743e-21
"45",289,0,1,2.41488783246598e-21
"46",289.25,0,1,1.48084806704202e-21
"47",289.5,0,1,9.02388681248982e-22
"48",289.75,0,1,5.46406752940765e-22
"49",290,0,1,3.28735900269642e-22
"50",290.25,0,1,1.96497003768778e-22
"51",290.5,0,1,1.16683972494454e-22
"52",290.75,0,1,6.88305720517135e-23
"53",291,0,1,4.03305892556823e-23
"54",291.25,0,1,2.34713767900477e-23
"55",291.5,0,1,1.35662820489361e-23
"56",291.75,0,1,7.78697070438229e-24
"57",292,0,1,4.43842083797113e-24
"58",292.25,0,1,2.51192770699626e-24
"59",292.5,0,1,1.41146680042188e-24
"60",292.75,0,1,7.87380921676759e-25
"61",293,0,1,4.36028899303635e-25
"62",278,0.025,1,0
"63",278.25,0.025,1,0
"64",278.5,0.025,1,0
"65",278.75,0.025,1,0
"66",279,0.025,1,0
"67",279.25,0.025,1,0
"68",279.5,0.025,1,0
"69",279.75,0.025,1,0
"70",280,0.025,1,0
"71",280.25,0.025,1,0
"72",280.5,0.025,1,0
"73",280.75,0.025,1,0
"74",281,0.025,1,0
"75",281.25,0.025,1,0
"76",281.5,0.025,1,0
"77",281.75,0.025,1,0
"78",282,0.025,1,0
"79",282.25,0.025,1,0
"80",282.5,0.025,1,0
"81",282.75,0.025,1,0
"82",283,0.025,1,0
"83",283.25,0.025,1,0
"84",283.5,0.025,1,0
"85",283.75,0.025,1,0
"86",284,0.025,1,0
"87",284.25,0.025,1,0
"88",284.5,0.025,1,0
"89",284.75,0.025,1,0
"90",285,0.025,1,0
"91",285.25,0.025,1,0
"92",285.5,0.025,1,0
"93",285.75,0.025,1,0
"94",286,0.025,1,0
"95",286.25,0.025,1,0
"96",286.5,0.025,1,0
"97",286.75,0.025,1,0
"98",287,0.025,1,0
"99",287.25,0.025,1,0
"100",287.5,0.025,1,0
"101",287.75,0.025,1,0
"102",288,0.025,1,0
"103",288.25,0.025,1,0
"104",288.5,0.025,1,0
"105",288.75,0.025,1,0
"106",289,0.025,1,1.60719070673391e-13
"107",289.25,0.025,1,8.33615003563948e-14
"108",289.5,0.025,1,4.20808733357899e-14
"109",289.75,0.025,1,2.06708702259036e-14
"110",290,0.025,1,9.88059773173702e-15
"111",290.25,0.025,1,4.59652186095677e-15
"112",290.5,0.025,1,2.08174610662274e-15
"113",290.75,0.025,1,9.18310540850951e-16
"114",291,0.025,1,3.94818181576939e-16
"115",291.25,0.025,1,1.65578857278901e-16
"116",291.5,0.025,1,6.78011535642131e-17
"117",291.75,0.025,1,2.71383488774964e-17
"118",292,0.025,1,1.0631476182536e-17
"119",292.25,0.025,1,4.08197372900871e-18
"120",292.5,0.025,1,1.53837008649231e-18
"121",292.75,0.025,1,5.69965552618014e-19
"122",293,0.025,1,2.07942148096516e-19
"123",278,0.05,1,0.119763263720088
"124",278.25,0.05,1,0.115329564719866
"125",278.5,0.05,1,0.110993249706788
"126",278.75,0.05,1,0.106754874194534
"127",279,0.05,1,0.102614892810841
"128",279.25,0.05,1,0.0985736587060454
"129",279.5,0.05,1,0.0946314231793378
"130",279.75,0.05,1,0.0907883355265967
"131",280,0.05,1,0.0870444431129414
"132",280.25,0.05,1,0.0833996916724167
"133",280.5,0.05,1,0.0798539258364288
"134",280.75,0.05,1,0.0764068898917521
"135",281,0.05,1,0.0730582287681006
"136",281.25,0.05,1,0.0698074892544066
"137",281.5,0.05,1,0.066654121442087
"138",281.75,0.05,1,0.0635974803927056
"139",282,0.05,1,0.0606368280265479
"140",282.25,0.05,1,0.0577713352277442
"141",282.5,0.05,1,0.0550000841606836
"142",282.75,0.05,1,0.0523220707915792
"143",283,0.05,1,0.0497362076081674
"144",283.25,0.05,1,0.0472413265296642
"145",283.5,0.05,1,0.044836181998254
"146",283.75,0.05,1,0.0425194542425671
"147",284,0.05,1,0.0402897527028072
"148",284.25,0.05,1,0.0381456196064296
"149",284.5,0.05,1,0.0360855336825511
"150",284.75,0.05,1,0.0341079140025972
"151",285,0.05,1,0.0322111239340674
"152",285.25,0.05,1,0
"153",285.5,0.05,1,0
"154",285.75,0.05,1,0
"155",286,0.05,1,0
"156",286.25,0.05,1,0
"157",286.5,0.05,1,0
"158",286.75,0.05,1,0
"159",287,0.05,1,0
"160",287.25,0.05,1,0
"161",287.5,0.05,1,0
"162",287.75,0.05,1,0
"163",288,0.05,1,0
"164",288.25,0.05,1,0
"165",288.5,0.05,1,0
"166",288.75,0.05,1,0
"167",289,0.05,1,0
"168",289.25,0.05,1,0
"169",289.5,0.05,1,0
"170",289.75,0.05,1,0
"171",290,0.05,1,0
"172",290.25,0.05,1,0
"173",290.5,0.05,1,0
"174",290.75,0.05,1,0
"175",291,0.05,1,0
"176",291.25,0.05,1,0
"177",291.5,0.05,1,1.07387928819152e-13
"178",291.75,0.05,1,4.63894089766382e-14
"179",292,0.05,1,1.93316446540169e-14
"180",292.25,0.05,1,7.77434906085201e-15
"181",292.5,0.05,1,3.0190601523797e-15
"182",292.75,0.05,1,1.13310246332418e-15
"183",293,0.05,1,4.11474076302509e-16
"184",278,0.075,1,0.119746116190901
"185",278.25,0.075,1,0.115312675460703
"186",278.5,0.075,1,0.110976629863626
"187",278.75,0.075,1,0.106738534862798
"188",279,0.075,1,0.102598845015
"189",279.25,0.075,1,0.0985579133764838
"190",279.5,0.075,1,0.0946159911261871
"191",279.75,0.075,1,0.0907732274101731
"192",280,0.075,1,0.0870296694104711
"193",280.25,0.075,1,0.0833852626407259
"194",280.5,0.075,1,0.0798398514703097
"195",280.75,0.075,1,0.0763931798777621
"196",281,0.075,1,0.0730448924336109
"197",281.25,0.075,1,0.0697945355118065
"198",281.5,0.075,1,0.0666415587281568
"199",281.75,0.075,1,0.0635853166033054
"200",282,0.075,1,0.0606250704469328
"201",282.25,0.075,1,0.0577599904590021
"202",282.5,0.075,1,0.0549891580430056
"203",282.75,0.075,1,0.0523115683253029
"204",283,0.075,1,0.0497261328737839
"205",283.25,0.075,1,0.0472316826082295
"206",283.5,0.075,1,0.0448269708938969
"207",283.75,0.075,1,0.0425106768090137
"208",284,0.075,1,0.0402814085760379
"209",284.25,0.075,1,0.0381377071457288
"210",284.5,0.075,1,0.0360780499222833
"211",284.75,0.075,1,0.0341008546170285
"212",285,0.075,1,0.0322044832174399
"213",285.25,0.075,1,0.0303872460575701
"214",285.5,0.075,1,0.0286474059753629
"215",285.75,0.075,1,0.0269831825417786
"216",286,0.075,1,0.0253927563462051
"217",286.25,0.075,1,0.0238742733222784
"218",286.5,0.075,1,0.0224258490980056
"219",286.75,0.075,1,0.0210455733539772
"220",287,0.075,1,0.0197315141734927
"221",287.25,0.075,1,0.0184817223685909
"222",287.5,0.075,1,0.0172942357662895
"223",287.75,0.075,1,0.0161670834397714
"224",288,0.075,1,0.0150982898698078
"225",288.25,0.075,1,0.0140858790223572
"226",288.5,0.075,1,0.0131278783290018
"227",288.75,0.075,1,0.0122223225576707
"228",289,0.075,1,0.011367257561912
"229",289.25,0.075,1,0
"230",289.5,0.075,1,0
"231",289.75,0.075,1,0
"232",290,0.075,1,0
"233",290.25,0.075,1,0
"234",290.5,0.075,1,0
"235",290.75,0.075,1,0
"236",291,0.075,1,0
"237",291.25,0.075,1,0
"238",291.5,0.075,1,0
"239",291.75,0.075,1,0
"240",292,0.075,1,0
"241",292.25,0.075,1,0
"242",292.5,0.075,1,0
"243",292.75,0.075,1,1.39270776878736e-13
"244",293,0.075,1,5.51623187783744e-14
"245",278,0.1,1,0.119726553393296
"246",278.25,0.1,1,0.115293301726733
"247",278.5,0.1,1,0.110957458580239
"248",278.75,0.1,1,0.106719579756187
"249",279,0.1,1,0.10258012015052
"250",279.25,0.1,1,0.0985394331546865
"251",279.5,0.1,1,0.094597770274109
"252",279.75,0.1,1,0.0907552809669603
"253",280,0.1,1,0.0870120127063197
"254",280.25,0.1,1,0.0833679112680606
"255",280.5,0.1,1,0.0798228212460708
"256",280.75,0.1,1,0.0763764867956467
"257",281,0.1,1,0.0730285526051266
"258",281.25,0.1,1,0.0697785650950487
"259",281.5,0.1,1,0.0666259738433348
"260",281.75,0.1,1,0.0635701332342156
"261",282,0.1,1,0.060610304327835
"262",282.25,0.1,1,0.0577456569466896
"263",282.5,0.1,1,0.0549752719742941
"264",282.75,0.1,1,0.0522981438606862
"265",283,0.1,1,0.0497131833286212
"266",283.25,0.1,1,0.0472192202735249
"267",283.5,0.1,1,0.0448150068494879
"268",283.75,0.1,1,0.0424992207327733
"269",284,0.1,1,0.0402704685534754
"270",284.25,0.1,1,0.0381272894850939
"271",284.5,0.1,1,0.0360681589808866
"272",284.75,0.1,1,0.0340914926449199
"273",285,0.1,1,0.0321956502247721
"274",285.25,0.1,1,0.030378939711872
"275",285.5,0.1,1,0.0286396215344936
"276",285.75,0.1,1,0.0269759128275257
"277",286,0.1,1,0.0253859917623143
"278",286.25,0.1,1,0.0238680019192027
"279",286.5,0.1,1,0.022420056684897
"280",286.75,0.1,1,0.021040243656517
"281",287,0.1,1,0.0197266290341804
"282",287.25,0.1,1,0.01847726198423
"283",287.5,0.1,1,0.0172901789557473
"284",287.75,0.1,1,0.016163407933783
"285",288,0.1,1,0.0150949726137341
"286",288.25,0.1,1,0.0140828964824534
"287",288.5,0.1,1,0.0131252067929283
"288",288.75,0.1,1,0.0122199384206453
"289",289,0.1,1,0.0113651375910044
"290",289.25,0.1,1,0.0105588654683105
"291",289.5,0.1,1,0.00979920159792331
"292",289.75,0.1,1,0.00908424719406418
"293",290,0.1,1,0.00841212826657428
"294",290.25,0.1,1,0.00778099858060204
"295",290.5,0.1,1,0.00718904244380963
"296",290.75,0.1,1,0.00663447731621331
"297",291,0.1,1,0.00611555623838097
"298",291.25,0.1,1,0
"299",291.5,0.1,1,0
"300",291.75,0.1,1,0
"301",292,0.1,1,0
"302",292.25,0.1,1,0
"303",292.5,0.1,1,0
"304",292.75,0.1,1,0
"305",293,0.1,1,0
"306",278,0.125,1,0.119703832268054
"307",278.25,0.125,1,0.115270662642912
"308",278.5,0.125,1,0.110934915902376
"309",278.75,0.125,1,0.106697148687476
"310",279,0.125,1,0.102557816782101
"311",279.25,0.125,1,0.0985172745128028
"312",279.5,0.125,1,0.0945757743636802
"313",279.75,0.125,1,0.0907334668098318
"314",280,0.125,1,0.0869904003721607
"315",280.25,0.125,1,0.0833465218955625
"316",280.5,0.125,1,0.0798016770517836
"317",280.75,0.125,1,0.0763556110674833
"318",281,0.125,1,0.0730079696772902
"319",281.25,0.125,1,0.0697583003009139
"320",281.5,0.125,1,0.0666060534426671
"321",281.75,0.125,1,0.0635505843111395
"322",282,0.125,1,0.0605911546559818
"323",282.25,0.125,1,0.057726934818453
"324",282.5,0.125,1,0.0549570059915784
"325",282.75,0.125,1,0.0522803626854486
"326",283,0.125,1,0.049695915392669
"327",283.25,0.125,1,0.047202493448532
"328",283.5,0.125,1,0.0447988480800112
"329",283.75,0.125,1,0.0424836556371615
"330",284,0.125,1,0.0402555209998677
"331",284.25,0.125,1,0.0381129811521197
"332",284.5,0.125,1,0.0360545089150739
"333",284.75,0.125,1,0.0340785168289262
"334",285,0.125,1,0.032183361172242
"335",285.25,0.125,1,0.0303673461057624
"336",285.5,0.125,1,0.0286287279258168
"337",285.75,0.125,1,0.0269657194105744
"338",286,0.125,1,0.0253764942404057
"339",286.25,0.125,1,0.0238591914717965
"340",286.5,0.125,1,0.0224119200427704
"341",286.75,0.125,1,0.021032763286715
"342",287,0.125,1,0.019719783431058
"343",287.25,0.125,1,0.0184710260574708
"344",287.5,0.125,1,0.0172845245012308
"345",287.75,0.125,1,0.0161583041690197
"346",288,0.125,1,0.0150903867566232
"347",288.25,0.125,1,0.0140787943505949
"348",288.5,0.125,1,0.0131215534007443
"349",288.75,0.125,1,0.0122166985530268
"350",289,0.125,1,0.0113622763349421
"351",289.25,0.125,1,0.0105563486876263
"352",289.5,0.125,1,0.00979699634046735
"353",289.75,0.125,1,0.00908232202513503
"354",290,0.125,1,0.008410453526547
"355",290.25,0.125,1,0.0077795465684866
"356",290.5,0.125,1,0.0071877875315161
"357",290.75,0.125,1,0.00663339600060087
"358",291,0.125,1,0.00611462713959999
"359",291.25,0.125,1,0.00562977388959346
"360",291.5,0.125,1,0.00517716898797659
"361",291.75,0.125,1,0.00475518680540599
"362",292,0.125,1,0.00436224499804264
"363",292.25,0.125,1,0.00399680597309902
"364",292.5,0.125,1,0
"365",292.75,0.125,1,0
"366",293,0.125,1,0
"367",278,0.15,1,0.119677037335183
"368",278.25,0.15,1,0.115243783095513
"369",278.5,0.15,1,0.110907964005784
"370",278.75,0.15,1,0.106670138084646
"371",279,0.15,1,0.102530762635204
"372",279.25,0.15,1,0.0984901936517518
"373",279.5,0.15,1,0.0945486854400198
"374",279.75,0.15,1,0.0907063904538518
"375",280,0.15,1,0.0869633593503769
"376",280.25,0.15,1,0.0833195412648937
"377",280.5,0.15,1,0.0797747843058045
"378",280.75,0.15,1,0.0763288362692262
"379",281,0.15,1,0.0729813455716674
"380",281.25,0.15,1,0.0697318623990917
"381",281.5,0.15,1,0.0665798400693023
"382",281.75,0.15,1,0.0635246366044363
"383",282,0.15,1,0.0605655165097878
"384",282.25,0.15,1,0.057701652754938
"385",282.5,0.15,1,0.0549321289531415
"386",282.75,0.15,1,0.0522559417349988
"387",283,0.15,1,0.0496720033128579
"388",283.25,0.15,1,0.0471791442328875
"389",283.5,0.15,1,0.0447761163123477
"390",283.75,0.15,1,0.0424615957603443
"391",284,0.15,1,0.0402341864805717
"392",284.25,0.15,1,0.0380924235551886
"393",284.5,0.15,1,0.0360347769083179
"394",284.75,0.15,1,0.0340596551468961
"395",285,0.15,1,0.0321654095747172
"396",285.25,0.15,1,0.0303503383727207
"397",285.5,0.15,1,0.0286126909347808
"398",285.75,0.15,1,0.0269506723435771
"399",286,0.15,1,0.0253624479658337
"400",286.25,0.15,1,0.0238461481407148
"401",286.5,0.15,1,0.0223998729300021
"402",286.75,0.15,1,0.0210216968944343
"403",287,0.15,1,0.0197096738578546
"404",287.25,0.15,1,0.0184618416200342
"405",287.5,0.15,1,0.0172762265804648
"406",287.75,0.15,1,0.0161508482390419
"407",288,0.15,1,0.0150837235450625
"408",288.25,0.15,1,0.0140728710728052
"409",288.5,0.15,1,0.0131163150094
"410",288.75,0.15,1,0.0122120889479624
"411",289,0.15,1,0.0113582394853337
"412",289.25,0.15,1,0.0105528296287087
"413",289.5,0.15,1,0.0097939420186213
"414",289.75,0.15,1,0.00907968197717131
"415",290,0.15,1,0.00840818039018565
"416",290.25,0.15,1,0.0077775964305783
"417",290.5,0.15,1,0.00718612012792511
"418",290.75,0.15,1,0.00663197478671125
"419",291,0.15,1,0.00611341925317155
"420",291.25,0.15,1,0.00562875002846407
"421",291.5,0.15,1,0.00517630322432692
"422",291.75,0.15,1,0.00475445635637867
"423",292,0.15,1,0.00436162996989469
"424",292.25,0.15,1,0.00399628909313035
"425",292.5,0.15,1,0.00365694451397003
"426",292.75,0.15,1,0.00334215387673725
"427",293,0.15,1,0.00305052259728784
"428",278,0.175,1,0.338689662471167
"429",278.25,0.175,1,0.335409456195808
"430",278.5,0.175,1,0.332081705816228
"431",278.75,0.175,1,0.328705863792487
"432",279,0.175,1,0.325281724019548
"433",279.25,0.175,1,0.321809441483743
"434",279.5,0.175,1,0.318289543596689
"435",279.75,0.175,1,0.314722931716949
"436",280,0.175,1,0.311110871343233
"437",280.25,0.175,1,0.307454969388554
"438",280.5,0.175,1,0.303757136781993
"439",280.75,0.175,1,0.300019534341373
"440",281,0.175,1,0.296244499349935
"441",281.25,0.175,1,0.292434449467097
"442",281.5,0.175,1,0.288591759393591
"443",281.75,0.175,1,0.284718603937973
"444",282,0.175,1,0.28081675857135
"445",282.25,0.175,1,0.276887344883993
"446",282.5,0.175,1,0.272930503087089
"447",282.75,0.175,1,0.268944966112932
"448",283,0.175,1,0.264927498885295
"449",283.25,0.175,1,0.260872150391574
"450",283.5,0.175,1,0.256769243060803
"451",283.75,0.175,1,0.252603990618211
"452",284,0.175,1,0.248354588313872
"453",284.25,0.175,1,0.243989554475782
"454",284.5,0.175,1,0.239464018320851
"455",284.75,0.175,1,0.234714553048225
"456",285,0.175,1,0.229652075765713
"457",285.25,0.175,1,0.224152361748577
"458",285.5,0.175,1,0.218044050631218
"459",285.75,0.175,1,0.211095073565009
"460",286,0.175,1,0.0253403697929018
"461",286.25,0.175,1,0.0238256122417644
"462",286.5,0.175,1,0.0223808957620253
"463",286.75,0.175,1,0.0210042763123103
"464",287,0.175,1,0.0196937893536764
"465",287.25,0.175,1,0.0184474552422762
"466",287.5,0.175,1,0.0172632844806325
"467",287.75,0.175,1,0.0161392827487652
"468",288,0.175,1,0.0150734556512958
"469",288.25,0.175,1,0.0140638131367669
"470",288.5,0.175,1,0.0131083735680785
"471",288.75,0.175,1,0.0122051674452253
"472",289,0.175,1,0.0113522408006644
"473",289.25,0.175,1,0.0105476583016577
"474",289.5,0.175,1,0.00978950610176091
"475",289.75,0.175,1,0.00907589448530959
"476",290,0.175,1,0.00840496034515213
"477",290.25,0.175,1,0.00777486952649661
"478",290.5,0.175,1,0.00718381906025045
"479",290.75,0.175,1,0.00663003929925684
"480",291,0.175,1,0.00611179596165018
"481",291.25,0.175,1,0.00562739207802326
"482",291.5,0.175,1,0.00517516983365517
"483",291.75,0.175,1,0.00475351229370626
"484",292,0.175,1,0.00436084499794336
"485",292.25,0.175,1,0.00399563741167218
"486",292.5,0.175,1,0.00365640422092848
"487",292.75,0.175,1,0.00334170646203002
"488",293,0.175,1,0.00305015247807754
"489",278,0.2,1,0.447645659926844
"490",278.25,0.2,1,0.443147092632416
"491",278.5,0.2,1,0.438587999388327
"492",278.75,0.2,1,0.433971052490783
"493",279,0.2,1,0.429299440553656
"494",279.25,0.2,1,0.424576859603407
"495",279.5,0.2,1,0.419807498368374
"496",279.75,0.2,1,0.414996018262936
"497",280,0.2,1,0.410147528442378
"498",280.25,0.2,1,0.405267556025782
"499",280.5,0.2,1,0.400362011147359
"500",280.75,0.2,1,0.395437145912408
"501",281,0.2,1,0.390499505632793
"502",281.25,0.2,1,0.385555869949151
"503",281.5,0.2,1,0.380613180684383
"504",281.75,0.2,1,0.375678452606055
"505",282,0.2,1,0.370758662809566
"506",282.25,0.2,1,0.365860614281603
"507",282.5,0.2,1,0.36099076946956
"508",282.75,0.2,1,0.356155050441119
"509",283,0.2,1,0.35135860347516
"510",283.25,0.2,1,0.346605527559154
"511",283.5,0.2,1,0.341898567940108
"512",283.75,0.2,1,0.337238776891501
"513",284,0.2,1,0.33262514295702
"514",284.25,0.2,1,0.328054184962233
"515",284.5,0.2,1,0.32351949448991
"516",284.75,0.2,1,0.236124304726098
"517",285,0.2,1,0.232498463614104
"518",285.25,0.2,1,0.228908151453089
"519",285.5,0.2,1,0.225333245709614
"520",285.75,0.2,1,0.221742367411957
"521",286,0.2,1,0.218086933940582
"522",286.25,0.2,1,0.21429123855398
"523",286.5,0.2,1,0.210235964753317
"524",286.75,0.2,1,0.205731432063558
"525",287,0.2,1,0.200476464842012
"526",287.25,0.2,1,0.194001967148129
"527",287.5,0.2,1,0.185612396867377
"528",287.75,0.2,1,0.0161199746872159
"529",288,0.2,1,0.0150564522243163
"530",288.25,0.2,1,0.0140489553352185
"531",288.5,0.2,1,0.0130954872681053
"532",288.75,0.2,1,0.0121940701429671
"533",289,0.2,1,0.0113427478099032
"534",289.25,0.2,1,0.0105395881290318
"535",289.5,0.2,1,0.00978268481108804
"536",289.75,0.2,1,0.00907015898029826
"537",290,0.2,1,0.00840016059514426
"538",290.25,0.2,1,0.00777086983291152
"539",290.5,0.2,1,0.0071804985082416
"540",290.75,0.2,1,0.00662729156118673
"541",291,0.2,1,0.00610952862065128
"542",291.25,0.2,1,0.00562552562682153
"543",291.5,0.2,1,0.0051736364817419
"544",291.75,0.2,1,0.0047522546898812
"545",292,0.2,1,0.00435981494893732
"546",292.25,0.2,1,0.0039947946536087
"547",292.5,0.2,1,0.0036557152800655
"548",292.75,0.2,1,0.00334114362507023
"549",293,0.2,1,0.00304969288025193
"550",278,0.225,1,0.495104441037646
"551",278.25,0.225,1,0.490012396171292
"552",278.5,0.225,1,0.484865315562913
"553",278.75,0.225,1,0.479667366532381
"554",279,0.225,1,0.474423112086257
"555",279.25,0.225,1,0.469137520573076
"556",279.5,0.225,1,0.46381598317854
"557",279.75,0.225,1,0.458464339293185
"558",280,0.225,1,0.453088908666587
"559",280.25,0.225,1,0.447696527906614
"560",280.5,0.225,1,0.442294587288157
"561",280.75,0.225,1,0.436891062076184
"562",281,0.225,1,0.431494530684304
"563",281.25,0.225,1,0.426114170078843
"564",281.5,0.225,1,0.420759717026902
"565",281.75,0.225,1,0.415441382261261
"566",282,0.225,1,0.410169703620889
"567",282.25,0.225,1,0.404955324104042
"568",282.5,0.225,1,0.3998086818702
"569",282.75,0.225,1,0.394739602119637
"570",283,0.225,1,0.389756785988784
"571",283.25,0.225,1,0.384867199595808
"572",283.5,0.225,1,0.380075377714933
"573",283.75,0.225,1,0.375382671253136
"574",284,0.225,1,0.37078648567536
"575",284.25,0.225,1,0.366279577310548
"576",284.5,0.225,1,0.361849494529029
"577",284.75,0.225,1,0.309034072470742
"578",285,0.225,1,0.305072600681278
"579",285.25,0.225,1,0.301227727679446
"580",285.5,0.225,1,0.297479157905433
"581",285.75,0.225,1,0.293801357153567
"582",286,0.225,1,0.290164225117714
"583",286.25,0.225,1,0.286533963936143
"584",286.5,0.225,1,0.282873816711614
"585",286.75,0.225,1,0.202649143425739
"586",287,0.225,1,0.199954645145933
"587",287.25,0.225,1,0.197204340915859
"588",287.5,0.225,1,0.194305170678517
"589",287.75,0.225,1,0.191096568188901
"590",288,0.225,1,0.187284557072122
"591",288.25,0.225,1,0.182323642614913
"592",288.5,0.225,1,0.175241916958773
"593",288.75,0.225,1,0.012174759692651
"594",289,0.225,1,0.0113265005654369
"595",289.25,0.225,1,0.010526018986875
"596",289.5,0.225,1,0.00977142806450325
"597",289.75,0.225,1,0.00906087631831596
"598",290,0.225,1,0.00839254604563513
"599",290.25,0.225,1,0.00776465204333523
"600",290.5,0.225,1,0.00717544089686106
"601",290.75,0.225,1,0.00662319089167255
"602",291,0.225,1,0.00610621252481389
"603",291.25,0.225,1,0.00562284951891348
"604",291.5,0.225,1,0.00517148021721541
"605",291.75,0.225,1,0.00475051922656166
"606",292,0.225,1,0.00435841918388584
"607",292.25,0.225,1,0.00399367253933577
"608",292.5,0.225,1,0.00365481327062852
"609",292.75,0.225,1,0.00334041846485061
"610",293,0.225,1,0.00304910972339213
"611",278,0.25,1,0.553896019947985
"612",278.25,0.25,1,0.548851153643102
"613",278.5,0.25,1,0.543769551314528
"614",278.75,0.25,1,0.538654371663297
"615",279,0.25,1,0.533509125700896
"616",279.25,0.25,1,0.52833778576821
"617",279.5,0.25,1,0.523144915738702
"618",279.75,0.25,1,0.517935819387804
"619",280,0.25,1,0.51271670153112
"620",280.25,0.25,1,0.507494833582311
"621",280.5,0.25,1,0.502278711603839
"622",280.75,0.25,1,0.497078190712216
"623",281,0.25,1,0.491904574932544
"624",281.25,0.25,1,0.48677063644798
"625",281.5,0.25,1,0.481690533045678
"626",281.75,0.25,1,0.476679587927089
"627",282,0.25,1,0.47175389271529
"628",282.25,0.25,1,0.466929693464608
"629",282.5,0.25,1,0.462222521987779
"630",282.75,0.25,1,0.457646042318951
"631",283,0.25,1,0.453210596298846
"632",283.25,0.25,1,0.448921454877851
"633",283.5,0.25,1,0.40523412123562
"634",283.75,0.25,1,0.400941861906033
"635",284,0.25,1,0.396870692128032
"636",284.25,0.25,1,0.393010704658145
"637",284.5,0.25,1,0.389338860906934
"638",284.75,0.25,1,0.385817092270262
"639",285,0.25,1,0.382391118972185
"640",285.25,0.25,1,0.3341261277654
"641",285.5,0.25,1,0.331165011793774
"642",285.75,0.25,1,0.328313404212468
"643",286,0.25,1,0.325493236603707
"644",286.25,0.25,1,0.322618050487344
"645",286.5,0.25,1,0.319598736370951
"646",286.75,0.25,1,0.267481606799696
"647",287,0.25,1,0.265316123778102
"648",287.25,0.25,1,0.263017876712849
"649",287.5,0.25,1,0.260522483840693
"650",287.75,0.25,1,0.257777353462837
"651",288,0.25,1,0.182234352437542
"652",288.25,0.25,1,0.180404457216357
"653",288.5,0.25,1,0.178327440808292
"654",288.75,0.25,1,0.175808025519873
"655",289,0.25,1,0.172417826594344
"656",289.25,0.25,1,0.167212757826569
"657",289.5,0.25,1,0.158322575200779
"658",289.75,0.25,1,0.00904454464997021
"659",290,0.25,1,0.00837948784580839
"660",290.25,0.25,1,0.00775426205369783
"661",290.5,0.25,1,0.00716720633571496
"662",290.75,0.25,1,0.00661668440205402
"663",291,0.25,1,0.00610108285717818
"664",291.25,0.25,1,0.00561881132247473
"665",291.5,0.25,1,0.0051683039040319
"666",291.75,0.25,1,0.00474802152272811
"667",292,0.25,1,0.00435645470576791
"668",292.25,0.25,1,0.00399212652511626
"669",292.5,0.25,1,0.0036535954647041
"670",292.75,0.25,1,0.00333945807194843
"671",293,0.25,1,0.00304835130872455
"672",278,0.275,1,0.598506444092351
"673",278.25,0.275,1,0.593715664070589
"674",278.5,0.275,1,0.58886831672056
"675",278.75,0.275,1,0.583964357389582
"676",279,0.275,1,0.579004773188817
"677",279.25,0.275,1,0.573991943751072
"678",279.5,0.275,1,0.568930042847118
"679",279.75,0.275,1,0.5638254651379
"680",280,0.275,1,0.558687265282784
"681",280.25,0.275,1,0.553527581460963
"682",280.5,0.275,1,0.548362006140312
"683",280.75,0.275,1,0.543234232269935
"684",281,0.275,1,0.538148409905424
"685",281.25,0.275,1,0.53312852916241
"686",281.5,0.275,1,0.528200406472781
"687",281.75,0.275,1,0.523404296535277
"688",282,0.275,1,0.518770216646031
"689",282.25,0.275,1,0.514331695242107
"690",282.5,0.275,1,0.510120032687338
"691",282.75,0.275,1,0.50616186706852
"692",283,0.275,1,0.502469334761893
"693",283.25,0.275,1,0.461835994277867
"694",283.5,0.275,1,0.45827092098492
"695",283.75,0.275,1,0.455063073035591
"696",284,0.275,1,0.452201067245144
"697",284.25,0.275,1,0.449626997155801
"698",284.5,0.275,1,0.44744790048729
"699",284.75,0.275,1,0.400659591522582
"700",285,0.275,1,0.399306587813341
"701",285.25,0.275,1,0.398279848057479
"702",285.5,0.275,1,0.397430947857074
"703",285.75,0.275,1,0.396572113291131
"704",286,0.275,1,0.349091941183985
"705",286.25,0.275,1,0.348825201648609
"706",286.5,0.275,1,0.348291753199562
"707",286.75,0.275,1,0.347245978419894
"708",287,0.275,1,0.297603775395674
"709",287.25,0.275,1,0.297167078416221
"710",287.5,0.275,1,0.296120821899427
"711",287.75,0.275,1,0.243510008315975
"712",288,0.275,1,0.243217919284549
"713",288.25,0.275,1,0.242376600598501
"714",288.5,0.275,1,0.240935803306155
"715",288.75,0.275,1,0.238885739358363
"716",289,0.275,1,0.167306951765477
"717",289.25,0.275,1,0.166085746796858
"718",289.5,0.275,1,0.164307797651905
"719",289.75,0.275,1,0.161519642038237
"720",290,0.275,1,0.15649967033212
"721",290.25,0.275,1,0.146504625125432
"722",290.5,0.275,1,0.00715262778924681
"723",290.75,0.275,1,0.00660554006924752
"724",291,0.275,1,0.00609257667993482
"725",291.25,0.275,1,0.00561232228382527
"726",291.5,0.275,1,0.00516335216914063
"727",291.75,0.275,1,0.00474423907958614
"728",292,0.275,1,0.00435356085566402
"729",292.25,0.275,1,0.00398990798807048
"730",292.5,0.275,1,0.00365189057848262
"731",292.75,0.275,1,0.00333814444835002
"732",293,0.275,1,0.00304733631073871
"733",278,0.3,1,0.63207709633106
"734",278.25,0.3,1,0.627072481121811
"735",278.5,0.3,1,0.621949862694137
"736",278.75,0.3,1,0.616708775824823
"737",279,0.3,1,0.611351535132849
"738",279.25,0.3,1,0.605887633311073
"739",279.5,0.3,1,0.600329430254996
"740",279.75,0.3,1,0.594693342771076
"741",280,0.3,1,0.589003143284381
"742",280.25,0.3,1,0.606501850667858
"743",280.5,0.3,1,0.601443058799858
"744",280.75,0.3,1,0.596456387012385
"745",281,0.3,1,0.591588792637908
"746",281.25,0.3,1,0.586885136371677
"747",281.5,0.3,1,0.582400759202379
"748",281.75,0.3,1,0.551144039650826
"749",282,0.3,1,0.546687022918543
"750",282.25,0.3,1,0.542649789816728
"751",282.5,0.3,1,0.539088367095805
"752",282.75,0.3,1,0.536044250600275
"753",283,0.3,1,0.533538727979433
"754",283.25,0.3,1,0.531587779576656
"755",283.5,0.3,1,0.53015840034574
"756",283.75,0.3,1,0.52921459591059
"757",284,0.3,1,0.494773983606848
"758",284.25,0.3,1,0.494747236624412
"759",284.5,0.3,1,0.495111273675197
"760",284.75,0.3,1,0.495701839720098
"761",285,0.3,1,0.457367436751373
"762",285.25,0.3,1,0.45844945429339
"763",285.5,0.3,1,0.459444957514671
"764",285.75,0.3,1,0.414153077341785
"765",286,0.3,1,0.415089680818585
"766",286.25,0.3,1,0.415337780874262
"767",286.5,0.3,1,0.35972893095926
"768",286.75,0.3,1,0.364277500906082
"769",287,0.3,1,0.367936826146328
"770",287.25,0.3,1,0.319863332521592
"771",287.5,0.3,1,0.32342433605653
"772",287.75,0.3,1,0.325424136655444
"773",288,0.3,1,0.274979218945644
"774",288.25,0.3,1,0.276832218648152
"775",288.5,0.3,1,0.277095072802695
"776",288.75,0.3,1,0.225653266430922
"777",289,0.3,1,0.226455412445606
"778",289.25,0.3,1,0.22610889796129
"779",289.5,0.3,1,0.224715901884918
"780",289.75,0.3,1,0.156161591354843
"781",290,0.3,1,0.155451275271333
"782",290.25,0.3,1,0.153877844749412
"783",290.5,0.3,1,0.150638070037456
"784",290.75,0.3,1,0.143327768371304
"785",291,0.3,1,0.00607718278481707
"786",291.25,0.3,1,0.00560104306122523
"787",291.5,0.3,1,0.00515507098890604
"788",291.75,0.3,1,0.00473814125543227
"789",292,0.3,1,0.00434905446886537
"790",292.25,0.3,1,0.00398656390887906
"791",292.5,0.3,1,0.00364939785330733
"792",292.75,0.3,1,0.00333627756027761
"793",293,0.3,1,0.00304593138088516
"794",278,0.325,1,0.653415118828898
"795",278.25,0.325,1,0.664324434518499
"796",278.5,0.325,1,0.658903716874672
"797",278.75,0.325,1,0.653330753599817
"798",279,0.325,1,0.647620089694293
"799",279.25,0.325,1,0.641793406051383
"800",279.5,0.325,1,0.635881642949549
"801",279.75,0.325,1,0.629924710671747
"802",280,0.325,1,0.623974013473616
"803",280.25,0.325,1,0.618089649093672
"804",280.5,0.325,1,0.632924671295762
"805",280.75,0.325,1,0.628040932342397
"806",281,0.325,1,0.623424584356912
"807",281.25,0.325,1,0.619152590777689
"808",281.5,0.325,1,0.615301851926941
"809",281.75,0.325,1,0.588689977803517
"810",282,0.325,1,0.585590131524274
"811",282.25,0.325,1,0.583206769892759
"812",282.5,0.325,1,0.581589325436227
"813",282.75,0.325,1,0.580759951337042
"814",283,0.325,1,0.580712579417178
"815",283.25,0.325,1,0.581412713001646
"816",283.5,0.325,1,0.582786935813226
"817",283.75,0.325,1,0.559022682869296
"818",284,0.325,1,0.561918487114283
"819",284.25,0.325,1,0.565221829127987
"820",284.5,0.325,1,0.541117209881647
"821",284.75,0.325,1,0.545215946699937
"822",285,0.325,1,0.5492168442897
"823",285.25,0.325,1,0.522803373922277
"824",285.5,0.325,1,0.526559930934396
"825",285.75,0.325,1,0.49549061333074
"826",286,0.325,1,0.498326512795015
"827",286.25,0.325,1,0.500160826394797
"828",286.5,0.325,1,0.461357460925052
"829",286.75,0.325,1,0.461533233563686
"830",287,0.325,1,0.411392044092808
"831",287.25,0.325,1,0.409312519751692
"832",287.5,0.325,1,0.334477270269218
"833",287.75,0.325,1,0.34113997909613
"834",288,0.325,1,0.293030463614457
"835",288.25,0.325,1,0.30186063090852
"836",288.5,0.325,1,0.307728284905765
"837",288.75,0.325,1,0.257053637085783
"838",289,0.325,1,0.261296551520575
"839",289.25,0.325,1,0.262758047632108
"840",289.5,0.325,1,0.21223956624021
"841",289.75,0.325,1,0.213838103831946
"842",290,0.325,1,0.213741035437141
"843",290.25,0.325,1,0.146979928813216
"844",290.5,0.325,1,0.147135027920013
"845",290.75,0.325,1,0.146298269060936
"846",291,0.325,1,0.14383685328611
"847",291.25,0.325,1,0.137303982439507
"848",291.5,0.325,1,0.00513994530993887
"849",291.75,0.325,1,0.00472751410179523
"850",292,0.325,1,0.00434153872584516
"851",292.25,0.325,1,0.00398121052824626
"852",292.5,0.325,1,0.0036455560772634
"853",292.75,0.325,1,0.00333349947153183
"854",293,0.325,1,0.00304390712475495
"855",278,0.35,1,0.692425602456149
"856",278.25,0.35,1,0.686672399136455
"857",278.5,0.35,1,0.680730444768981
"858",278.75,0.35,1,0.674624312255887
"859",279,0.35,1,0.668390705491799
"860",279.25,0.35,1,0.662080743007113
"861",279.5,0.35,1,0.672155619763943
"862",279.75,0.35,1,0.666566133079214
"863",280,0.35,1,0.661110796489705
"864",280.25,0.35,1,0.655885610183896
"865",280.5,0.35,1,0.650998005999548
"866",280.75,0.35,1,0.646564312888209
"867",281,0.35,1,0.642703231074804
"868",281.25,0.35,1,0.63953205216883
"869",281.5,0.35,1,0.637159648716095
"870",281.75,0.35,1,0.635684593544841
"871",282,0.35,1,0.635182823809927
"872",282.25,0.35,1,0.635705471613676
"873",282.5,0.35,1,0.637265724037144
"874",282.75,0.35,1,0.639850866797144
"875",283,0.35,1,0.625462104158352
"876",283.25,0.35,1,0.630529254204968
"877",283.5,0.35,1,0.63639492171729
"878",283.75,0.35,1,0.642838144267804
"879",284,0.35,1,0.632503091277242
"880",284.25,0.35,1,0.640081656251408
"881",284.5,0.35,1,0.629408881103643
"882",284.75,0.35,1,0.636870375212319
"883",285,0.35,1,0.643407398586118
"884",285.25,0.35,1,0.63020264186943
"885",285.5,0.35,1,0.634924091969569
"886",285.75,0.35,1,0.617618245401884
"887",286,0.35,1,0.620025668176459
"888",286.25,0.35,1,0.597683450383608
"889",286.5,0.35,1,0.570144128645889
"890",286.75,0.35,1,0.569355006288525
"891",287,0.35,1,0.53463400861498
"892",287.25,0.35,1,0.531063952720057
"893",287.5,0.35,1,0.486935300094255
"894",287.75,0.35,1,0.480884469553816
"895",288,0.35,1,0.422733608158994
"896",288.25,0.35,1,0.332819597834817
"897",288.5,0.35,1,0.322262158984142
"898",288.75,0.35,1,0.275605861401815
"899",289,0.35,1,0.288127825280807
"900",289.25,0.35,1,0.237417523506041
"901",289.5,0.35,1,0.246029677665266
"902",289.75,0.35,1,0.250436579540037
"903",290,0.35,1,0.199541303268725
"904",290.25,0.35,1,0.20291068419345
"905",290.5,0.35,1,0.203842860782809
"906",290.75,0.35,1,0.139040655822608
"907",291,0.35,1,0.13980697193268
"908",291.25,0.35,1,0.139348615794703
"909",291.5,0.35,1,0.136967459922263
"910",291.75,0.35,1,0.129487863978998
"911",292,0.35,1,0.00432788268097284
"912",292.25,0.35,1,0.00397197725429627
"913",292.5,0.35,1,0.00363923968900098
"914",292.75,0.35,1,0.003329127603266
"915",293,0.35,1,0.00304084617624651
"916",278,0.375,1,0.705231145019803
"917",278.25,0.375,1,0.698763251022126
"918",278.5,0.375,1,0.705244915120194
"919",278.75,0.375,1,0.699146870162654
"920",279,0.375,1,0.693004586309088
"921",279.25,0.375,1,0.686914152773325
"922",279.5,0.375,1,0.69531083544709
"923",279.75,0.375,1,0.690156960648924
"924",280,0.375,1,0.685367259663948
"925",280.25,0.375,1,0.681093322234269
"926",280.5,0.375,1,0.6774955415263
"927",280.75,0.375,1,0.67473987422603
"928",281,0.375,1,0.672978214378329
"929",281.25,0.375,1,0.672351901033222
"930",281.5,0.375,1,0.672982664148436
"931",281.75,0.375,1,0.674967894881543
"932",282,0.375,1,0.678367653194956
"933",282.25,0.375,1,0.68319626133211
"934",282.5,0.375,1,0.689412645626063
"935",282.75,0.375,1,0.696875597350068
"936",283,0.375,1,0.694434495601499
"937",283.25,0.375,1,0.704439107790775
"938",283.5,0.375,1,0.714715459933644
"939",283.75,0.375,1,0.714681303141651
"940",284,0.375,1,0.724543813140366
"941",284.25,0.375,1,0.733068824030374
"942",284.5,0.375,1,0.730236398970316
"943",284.75,0.375,1,0.735798283360174
"944",285,0.375,1,0.729158238441868
"945",285.25,0.375,1,0.719609770596191
"946",285.5,0.375,1,0.721156032342008
"947",285.75,0.375,1,0.707896174354626
"948",286,0.375,1,0.691696615778925
"949",286.25,0.375,1,0.690684737597954
"950",286.5,0.375,1,0.67112550276411
"951",286.75,0.375,1,0.648354356220078
"952",287,0.375,1,0.646023638653631
"953",287.25,0.375,1,0.619559142085768
"954",287.5,0.375,1,0.588526901729288
"955",287.75,0.375,1,0.55168639334894
"956",288,0.375,1,0.547052153894269
"957",288.25,0.375,1,0.500365600700611
"958",288.5,0.375,1,0.439750055104861
"959",288.75,0.375,1,0.428974452798901
"960",289,0.375,1,0.313423887604913
"961",289.25,0.375,1,0.315464399789514
"962",289.5,0.375,1,0.270665030532537
"963",289.75,0.375,1,0.282647083321429
"964",290,0.375,1,0.233390500142572
"965",290.25,0.375,1,0.239968992185902
"966",290.5,0.375,1,0.189449314080994
"967",290.75,0.375,1,0.193894037319496
"968",291,0.375,1,0.195249974795007
"969",291.25,0.375,1,0.132548790738729
"970",291.5,0.375,1,0.133550609596635
"971",291.75,0.375,1,0.133046875391366
"972",292,0.375,1,0.129841474198385
"973",292.25,0.375,1,0.0039544971193727
"974",292.5,0.375,1,0.00362798797209539
"975",292.75,0.375,1,0.00332175812082147
"976",293,0.375,1,0.00303593733342404
"977",278,0.4,1,0.721888219996987
"978",278.25,0.4,1,0.726641647218214
"979",278.5,0.4,1,0.720515260691908
"980",278.75,0.4,1,0.714407360853343
"981",279,0.4,1,0.708463734777969
"982",279.25,0.4,1,0.715196651665807
"983",279.5,0.4,1,0.710341839723426
"984",279.75,0.4,1,0.706087622820092
"985",280,0.4,1,0.702644075890579
"986",280.25,0.4,1,0.700218502342194
"987",280.5,0.4,1,0.710630076734182
"988",280.75,0.4,1,0.710468359872823
"989",281,0.4,1,0.711770401915574
"990",281.25,0.4,1,0.714696219522943
"991",281.5,0.4,1,0.719357483135766
"992",281.75,0.4,1,0.725801455620774
"993",282,0.4,1,0.733977745317147
"994",282.25,0.4,1,0.743686840720567
"995",282.5,0.4,1,0.747790242426491
"996",282.75,0.4,1,0.759883491596929
"997",283,0.4,1,0.771699193902752
"998",283.25,0.4,1,0.782486758341427
"999",283.5,0.4,1,0.786220470056522
"1000",283.75,0.4,1,0.793618112261653
"1001",284,0.4,1,0.793188030176134
"1002",284.25,0.4,1,0.796742295519589
"1003",284.5,0.4,1,0.792424500916267
"1004",284.75,0.4,1,0.793243740115494
"1005",285,0.4,1,0.786148806221262
"1006",285.25,0.4,1,0.777392969914567
"1007",285.5,0.4,1,0.766986637346021
"1008",285.75,0.4,1,0.76556778374634
"1009",286,0.4,1,0.753515250899652
"1010",286.25,0.4,1,0.739773948136277
"1011",286.5,0.4,1,0.724311914468674
"1012",286.75,0.4,1,0.707032879266108
"1013",287,0.4,1,0.687577825883458
"1014",287.25,0.4,1,0.685314051096998
"1015",287.5,0.4,1,0.663715777569819
"1016",287.75,0.4,1,0.639271846201255
"1017",288,0.4,1,0.611553781182312
"1018",288.25,0.4,1,0.580020814374089
"1019",288.5,0.4,1,0.543323456786012
"1020",288.75,0.4,1,0.498680712445394
"1021",289,0.4,1,0.492434745645276
"1022",289.25,0.4,1,0.431080360567066
"1023",289.5,0.4,1,0.326898233670781
"1024",289.75,0.4,1,0.30185485095988
"1025",290,0.4,1,0.258524419327932
"1026",290.25,0.4,1,0.273074811079438
"1027",290.5,0.4,1,0.224694541629054
"1028",290.75,0.4,1,0.23182246218063
"1029",291,0.4,1,0.182326556043851
"1030",291.25,0.4,1,0.186759533291318
"1031",291.5,0.4,1,0.187763659239222
"1032",291.75,0.4,1,0.127372743690981
"1033",292,0.4,1,0.128153420118721
"1034",292.25,0.4,1,0.126983266285017
"1035",292.5,0.4,1,0.121038720262077
"1036",292.75,0.4,1,0.00330823161258039
"1037",293,0.4,1,0.00302747549768226
"1038",278,0.425,1,0.741760652367967
"1039",278.25,0.425,1,0.73551737709126
"1040",278.5,0.425,1,0.739736404609612
"1041",278.75,0.425,1,0.734266613488482
"1042",279,0.425,1,0.729255637851856
"1043",279.25,0.425,1,0.735149814040258
"1044",279.5,0.425,1,0.731696304809537
"1045",279.75,0.425,1,0.729299330772681
"1046",280,0.425,1,0.728212856536957
"1047",280.25,0.425,1,0.737462127030635
"1048",280.5,0.425,1,0.739186744601093
"1049",280.75,0.425,1,0.742793435796605
"1050",281,0.425,1,0.748445951374467
"1051",281.25,0.425,1,0.756201933966431
"1052",281.5,0.425,1,0.765969468502945
"1053",281.75,0.425,1,0.777410797220799
"1054",282,0.425,1,0.789872809657233
"1055",282.25,0.425,1,0.80247928792975
"1056",282.5,0.425,1,0.814205114349524
"1057",282.75,0.425,1,0.82088195037666
"1058",283,0.425,1,0.82884035254749
"1059",283.25,0.425,1,0.834480238219193
"1060",283.5,0.425,1,0.834883844535594
"1061",283.75,0.425,1,0.837245150193217
"1062",284,0.425,1,0.834763433170499
"1063",284.25,0.425,1,0.835297304100574
"1064",284.5,0.425,1,0.831136133860405
"1065",284.75,0.425,1,0.825924247982535
"1066",285,0.425,1,0.819761647628455
"1067",285.25,0.425,1,0.818927028275621
"1068",285.5,0.425,1,0.811691548526129
"1069",285.75,0.425,1,0.803455440784834
"1070",286,0.425,1,0.794241409766531
"1071",286.25,0.425,1,0.783977423053676
"1072",286.5,0.425,1,0.772517698391487
"1073",286.75,0.425,1,0.75986632039381
"1074",287,0.425,1,0.745859224051321
"1075",287.25,0.425,1,0.730473902704788
"1076",287.5,0.425,1,0.696713416392973
"1077",287.75,0.425,1,0.676222833312875
"1078",288,0.425,1,0.653560645244292
"1079",288.25,0.425,1,0.628360080042906
"1080",288.5,0.425,1,0.600126765645229
"1081",288.75,0.425,1,0.568106312067436
"1082",289,0.425,1,0.531077334878724
"1083",289.25,0.425,1,0.52940750729088
"1084",289.5,0.425,1,0.483965634704889
"1085",289.75,0.425,1,0.422871830942044
"1086",290,0.425,1,0.317550067387868
"1087",290.25,0.425,1,0.294766926598918
"1088",290.5,0.425,1,0.252825468583647
"1089",290.75,0.425,1,0.205655387563716
"1090",291,0.425,1,0.219726412178138
"1091",291.25,0.425,1,0.169361339483609
"1092",291.5,0.425,1,0.177567617921534
"1093",291.75,0.425,1,0.180857336956419
"1094",292,0.425,1,0.121124378890582
"1095",292.25,0.425,1,0.12308278462419
"1096",292.5,0.425,1,0.123115305260644
"1097",292.75,0.425,1,0.11987715102802
"1098",293,0.425,1,0.00301152774278946
"1099",278,0.45,1,0.755141029244264
"1100",278.25,0.45,1,0.749411854493675
"1101",278.5,0.45,1,0.753074610452461
"1102",278.75,0.45,1,0.748606095097481
"1103",279,0.45,1,0.753477685530647
"1104",279.25,0.45,1,0.750901536340893
"1105",279.5,0.45,1,0.749701155607804
"1106",279.75,0.45,1,0.757307893486325
"1107",280,0.45,1,0.759168727663832
"1108",280.25,0.45,1,0.763119312781978
"1109",280.5,0.45,1,0.769354813572905
"1110",280.75,0.45,1,0.782497073030532
"1111",281,0.45,1,0.792669217887538
"1112",281.25,0.45,1,0.804603843938493
"1113",281.5,0.45,1,0.817469834791854
"1114",281.75,0.45,1,0.830131984441454
"1115",282,0.45,1,0.841382440594051
"1116",282.25,0.45,1,0.850500462790126
"1117",282.5,0.45,1,0.855288380549674
"1118",282.75,0.45,1,0.86013600274574
"1119",283,0.45,1,0.863483117738564
"1120",283.25,0.45,1,0.863582650141637
"1121",283.5,0.45,1,0.865287409119716
"1122",283.75,0.45,1,0.864005491767068
"1123",284,0.45,1,0.865016509839281
"1124",284.25,0.45,1,0.862935115115022
"1125",284.5,0.45,1,0.860334092654894
"1126",284.75,0.45,1,0.857145206449016
"1127",285,0.45,1,0.853298594285002
"1128",285.25,0.45,1,0.848806879692576
"1129",285.5,0.45,1,0.843558087061454
"1130",285.75,0.45,1,0.837564233705355
"1131",286,0.45,1,0.830630715924163
"1132",286.25,0.45,1,0.82280234833138
"1133",286.5,0.45,1,0.813916393446778
"1134",286.75,0.45,1,0.803951172679204
"1135",287,0.45,1,0.782844412864649
"1136",287.25,0.45,1,0.769923104464446
"1137",287.5,0.45,1,0.755659271848133
"1138",287.75,0.45,1,0.724962369941995
"1139",288,0.45,1,0.706921508292717
"1140",288.25,0.45,1,0.687204965722343
"1141",288.5,0.45,1,0.665616475707226
"1142",288.75,0.45,1,0.642072351552393
"1143",289,0.45,1,0.587806317444877
"1144",289.25,0.45,1,0.555741476357651
"1145",289.5,0.45,1,0.518914972133371
"1146",289.75,0.45,1,0.475414056606567
"1147",290,0.45,1,0.472463433698447
"1148",290.25,0.45,1,0.410784594989373
"1149",290.5,0.45,1,0.268099284079554
"1150",290.75,0.45,1,0.228760508900105
"1151",291,0.45,1,0.252235895563191
"1152",291.25,0.45,1,0.205729915146702
"1153",291.5,0.45,1,0.216685560844291
"1154",291.75,0.45,1,0.167989391472109
"1155",292,0.45,1,0.173854164562676
"1156",292.25,0.45,1,0.115021823355951
"1157",292.5,0.45,1,0.118126816681964
"1158",292.75,0.45,1,0.119051384603853
"1159",293,0.45,1,0.117299199783976
"1160",278,0.475,1,0.77196326042948
"1161",278.25,0.475,1,0.76721008259766
"1162",278.5,0.475,1,0.770563200146032
"1163",278.75,0.475,1,0.767641015543215
"1164",279,0.475,1,0.772593992428154
"1165",279.25,0.475,1,0.772351139101167
"1166",279.5,0.475,1,0.774040016036448
"1167",279.75,0.475,1,0.782807805206098
"1168",280,0.475,1,0.788574658016161
"1169",280.25,0.475,1,0.796857722032255
"1170",280.5,0.475,1,0.810468807596831
"1171",280.75,0.475,1,0.822459430447751
"1172",281,0.475,1,0.835387813138602
"1173",281.25,0.475,1,0.847933420938488
"1174",281.5,0.475,1,0.85885819320455
"1175",281.75,0.475,1,0.867517828895954
"1176",282,0.475,1,0.873984611032111
"1177",282.25,0.475,1,0.878707593532431
"1178",282.5,0.475,1,0.882257066847083
"1179",282.75,0.475,1,0.883648453434879
"1180",283,0.475,1,0.886194135863898
"1181",283.25,0.475,1,0.888526947717433
"1182",283.5,0.475,1,0.889217284302363
"1183",283.75,0.475,1,0.889652915878656
"1184",284,0.475,1,0.892125266404395
"1185",284.25,0.475,1,0.89244464278771
"1186",284.5,0.475,1,0.89253692571175
"1187",284.75,0.475,1,0.892377439252287
"1188",285,0.475,1,0.891883213853172
"1189",285.25,0.475,1,0.890931981194507
"1190",285.5,0.475,1,0.889361226384733
"1191",285.75,0.475,1,0.882772074167001
"1192",286,0.475,1,0.879108535040102
"1193",286.25,0.475,1,0.874142637679811
"1194",286.5,0.475,1,0.861816064510436
"1195",286.75,0.475,1,0.853599568606628
"1196",287,0.475,1,0.835932324161532
"1197",287.25,0.475,1,0.824277461230703
"1198",287.5,0.475,1,0.800724043542852
"1199",287.75,0.475,1,0.785921996437315
"1200",288,0.475,1,0.756113739861626
"1201",288.25,0.475,1,0.738442843725457
"1202",288.5,0.475,1,0.701118495760497
"1203",288.75,0.475,1,0.680030679461997
"1204",289,0.475,1,0.657414187341665
"1205",289.25,0.475,1,0.605652080404385
"1206",289.5,0.475,1,0.576604741912874
"1207",289.75,0.475,1,0.544506065326077
"1208",290,0.475,1,0.507799717127412
"1209",290.25,0.475,1,0.464333130039648
"1210",290.5,0.475,1,0.407286148808822
"1211",290.75,0.475,1,0.314583388156201
"1212",291,0.475,1,0.274819613017753
"1213",291.25,0.475,1,0.235693779037679
"1214",291.5,0.475,1,0.191032341789928
"1215",291.75,0.475,1,0.207429040559278
"1216",292,0.475,1,0.158499391513917
"1217",292.25,0.475,1,0.167007604057091
"1218",292.5,0.475,1,0.169807446908627
"1219",292.75,0.475,1,0.113451025135422
"1220",293,0.475,1,0.115101820005039
"1221",278,0.5,1,0.784572067302386
"1222",278.25,0.5,1,0.781177447563603
"1223",278.5,0.5,1,0.78485290008156
"1224",278.75,0.5,1,0.789337722072393
"1225",279,0.5,1,0.79009147404814
"1226",279.25,0.5,1,0.79718857353726
"1227",279.5,0.5,1,0.802100501868397
"1228",279.75,0.5,1,0.809636551551211
"1229",280,0.5,1,0.822114468603049
"1230",280.25,0.5,1,0.833756390189987
"1231",280.5,0.5,1,0.847975011787713
"1232",280.75,0.5,1,0.860192301223316
"1233",281,0.5,1,0.87089798716101
"1234",281.25,0.5,1,0.879449712353797
"1235",281.5,0.5,1,0.885956743116729
"1236",281.75,0.5,1,0.890890574492901
"1237",282,0.5,1,0.894917940605307
"1238",282.25,0.5,1,0.898466636640374
"1239",282.5,0.5,1,0.901860307464349
"1240",282.75,0.5,1,0.904337801169222
"1241",283,0.5,1,0.908190792097095
"1242",283.25,0.5,1,0.911138475599653
"1243",283.5,0.5,1,0.915796495446462
"1244",283.75,0.5,1,0.919708675991413
"1245",284,0.5,1,0.924171078255565
"1246",284.25,0.5,1,0.929320804889387
"1247",284.5,0.5,1,0.934983782774214
"1248",284.75,0.5,1,0.940968511150744
"1249",285,0.5,1,0.946839037520401
"1250",285.25,0.5,1,0.95202168681947
"1251",285.5,0.5,1,0.953591801568853
"1252",285.75,0.5,1,0.955991325579882
"1253",286,0.5,1,0.956432831446965
"1254",286.25,0.5,1,0.951981860295774
"1255",286.5,0.5,1,0.944095560321849
"1256",286.75,0.5,1,0.937757446604225
"1257",287,0.5,1,0.923884591867023
"1258",287.25,0.5,1,0.905850885760598
"1259",287.5,0.5,1,0.883365900262321
"1260",287.75,0.5,1,0.865895683753877
"1261",288,0.5,1,0.836479318703627
"1262",288.25,0.5,1,0.802564624491679
"1263",288.5,0.5,1,0.779911881263257
"1264",288.75,0.5,1,0.741657206921825
"1265",289,0.5,1,0.698882416706841
"1266",289.25,0.5,1,0.67503591131127
"1267",289.5,0.5,1,0.62433047213091
"1268",289.75,0.5,1,0.596931275124451
"1269",290,0.5,1,0.567154254156105
"1270",290.25,0.5,1,0.534561658822392
"1271",290.5,0.5,1,0.497440507723478
"1272",290.75,0.5,1,0.453251518542075
"1273",291,0.5,1,0.392337525866456
"1274",291.25,0.5,1,0.255732149068492
"1275",291.5,0.5,1,0.219159367717542
"1276",291.75,0.5,1,0.243220906311161
"1277",292,0.5,1,0.198265642537506
"1278",292.25,0.5,1,0.14964128388559
"1279",292.5,0.5,1,0.160595861234133
"1280",292.75,0.5,1,0.164658313140071
"1281",293,0.5,1,0.109174544985733
"1282",278,0.525,1,0.795105700563558
"1283",278.25,0.525,1,0.798437074988259
"1284",278.5,0.525,1,0.80275892904578
"1285",278.75,0.525,1,0.804533048619496
"1286",279,0.525,1,0.811953988581419
"1287",279.25,0.525,1,0.820922787727913
"1288",279.5,0.525,1,0.829507191859984
"1289",279.75,0.525,1,0.841987283959445
"1290",280,0.525,1,0.854002863933743
"1291",280.25,0.525,1,0.867055485114083
"1292",280.5,0.525,1,0.877796701557426
"1293",280.75,0.525,1,0.886554163750663
"1294",281,0.525,1,0.893343799249984
"1295",281.25,0.525,1,0.89930493334221
"1296",281.5,0.525,1,0.903804581745683
"1297",281.75,0.525,1,0.907991608796199
"1298",282,0.525,1,0.912218469003666
"1299",282.25,0.525,1,0.916114732608763
"1300",282.5,0.525,1,0.921360378625417
"1301",282.75,0.525,1,0.927418645393434
"1302",283,0.525,1,0.933838275856548
"1303",283.25,0.525,1,0.94256390117587
"1304",283.5,0.525,1,0.952146525817762
"1305",283.75,0.525,1,0.963274034740306
"1306",284,0.525,1,0.976288446502045
"1307",284.25,0.525,1,0.988575610760625
"1308",284.5,0.525,1,0.998913058375652
"1309",284.75,0.525,1,1.00834568069715
"1310",285,0.525,1,1.01619558713354
"1311",285.25,0.525,1,1.0207320432588
"1312",285.5,0.525,1,1.02433814245705
"1313",285.75,0.525,1,1.02461116249395
"1314",286,0.525,1,1.02279307677852
"1315",286.25,0.525,1,1.02114402217817
"1316",286.5,0.525,1,1.01563644789002
"1317",286.75,0.525,1,1.00799452748102
"1318",287,0.525,1,0.997975834471188
"1319",287.25,0.525,1,0.98536196536861
"1320",287.5,0.525,1,0.970062953877916
"1321",287.75,0.525,1,0.951578539862309
"1322",288,0.525,1,0.929154113515279
"1323",288.25,0.525,1,0.901838882206088
"1324",288.5,0.525,1,0.868650923014265
"1325",288.75,0.525,1,0.828503879054642
"1326",289,0.525,1,0.781954373898355
"1327",289.25,0.525,1,0.750178023043951
"1328",289.5,0.525,1,0.700111900471252
"1329",289.75,0.525,1,0.646717704773641
"1330",290,0.525,1,0.618385423004169
"1331",290.25,0.525,1,0.556517103502737
"1332",290.5,0.525,1,0.523436155120589
"1333",290.75,0.525,1,0.487157231830405
"1334",291,0.525,1,0.444094308913386
"1335",291.25,0.525,1,0.38780179547133
"1336",291.5,0.525,1,0.284467643164458
"1337",291.75,0.525,1,0.204106558453195
"1338",292,0.525,1,0.233721108625577
"1339",292.25,0.525,1,0.189916357032928
"1340",292.5,0.525,1,0.201228660355498
"1341",292.75,0.525,1,0.154867858241636
"1342",293,0.525,1,0.159910526082309
"1343",278,0.55,1,0.809481304777603
"1344",278.25,0.55,1,0.813840570806679
"1345",278.5,0.55,1,0.819586715881582
"1346",278.75,0.55,1,0.82692585913898
"1347",279,0.55,1,0.834099607488191
"1348",279.25,0.55,1,0.8453322415953
"1349",279.5,0.55,1,0.857672254709686
"1350",279.75,0.55,1,0.86935898083197
"1351",280,0.55,1,0.880963330382302
"1352",280.25,0.55,1,0.890100984434663
"1353",280.5,0.55,1,0.897834172988485
"1354",280.75,0.55,1,0.903602227545211
"1355",281,0.55,1,0.908522321675313
"1356",281.25,0.55,1,0.913645206936194
"1357",281.5,0.55,1,0.918492689880446
"1358",281.75,0.55,1,0.923898442236355
"1359",282,0.55,1,0.930292037168276
"1360",282.25,0.55,1,0.938017383623585
"1361",282.5,0.55,1,0.947152739092259
"1362",282.75,0.55,1,0.959084738110934
"1363",283,0.55,1,0.972858696850361
"1364",283.25,0.55,1,0.988611526968676
"1365",283.5,0.55,1,1.00389960492133
"1366",283.75,0.55,1,1.01762593183862
"1367",284,0.55,1,1.02901649338057
"1368",284.25,0.55,1,1.038697752426
"1369",284.5,0.55,1,1.04657129214965
"1370",284.75,0.55,1,1.05211043607996
"1371",285,0.55,1,1.05701447082373
"1372",285.25,0.55,1,1.05994576503403
"1373",285.5,0.55,1,1.06257879410966
"1374",285.75,0.55,1,1.06289663967106
"1375",286,0.55,1,1.06164387673778
"1376",286.25,0.55,1,1.05911380149407
"1377",286.5,0.55,1,1.05483976191984
"1378",286.75,0.55,1,1.0487466579351
"1379",287,0.55,1,1.03809601612759
"1380",287.25,0.55,1,1.02815518500974
"1381",287.5,0.55,1,1.0160835484376
"1382",287.75,0.55,1,1.00190642161898
"1383",288,0.55,1,0.97972752063868
"1384",288.25,0.55,1,0.959993913433466
"1385",288.5,0.55,1,0.93755675861403
"1386",288.75,0.55,1,0.911190649454213
"1387",289,0.55,1,0.880014444759022
"1388",289.25,0.55,1,0.826112555057302
"1389",289.5,0.55,1,0.794486236220037
"1390",289.75,0.55,1,0.738279438344831
"1391",290,0.55,1,0.677349523373472
"1392",290.25,0.55,1,0.614244074013237
"1393",290.5,0.55,1,0.582255431534062
"1394",290.75,0.55,1,0.550133823683402
"1395",291,0.55,1,0.475877165686513
"1396",291.25,0.55,1,0.434276743427711
"1397",291.5,0.55,1,0.380710636235636
"1398",291.75,0.55,1,0.289279819919803
"1399",292,0.55,1,0.191620744579342
"1400",292.25,0.55,1,0.22555600814834
"1401",292.5,0.55,1,0.182926052759891
"1402",292.75,0.55,1,0.196119106506198
"1403",293,0.55,1,0.149993199098051
"1404",278,0.575,1,0.826084585552983
"1405",278.25,0.575,1,0.831673303109584
"1406",278.5,0.575,1,0.839018869616368
"1407",278.75,0.575,1,0.846761482423231
"1408",279,0.575,1,0.857926596756119
"1409",279.25,0.575,1,0.86984239440749
"1410",279.5,0.575,1,0.881320960861373
"1411",279.75,0.575,1,0.890878788983159
"1412",280,0.575,1,0.899090131597644
"1413",280.25,0.575,1,0.905690559347403
"1414",280.5,0.575,1,0.910995829779269
"1415",280.75,0.575,1,0.915973904451224
"1416",281,0.575,1,0.921510846006204
"1417",281.25,0.575,1,0.927368265886513
"1418",281.5,0.575,1,0.934479313458869
"1419",281.75,0.575,1,0.943320220047892
"1420",282,0.575,1,0.954616046619561
"1421",282.25,0.575,1,0.968653651154593
"1422",282.5,0.575,1,0.984981750815519
"1423",282.75,0.575,1,1.00169839706513
"1424",283,0.575,1,1.01738127636186
"1425",283.25,0.575,1,1.03045685085045
"1426",283.5,0.575,1,1.04121951871966
"1427",283.75,0.575,1,1.05084839520141
"1428",284,0.575,1,1.05943864198951
"1429",284.25,0.575,1,1.06701309672627
"1430",284.5,0.575,1,1.07387219184235
"1431",284.75,0.575,1,1.07939147038256
"1432",285,0.575,1,1.08456686993245
"1433",285.25,0.575,1,1.08836235439504
"1434",285.5,0.575,1,1.09093851985842
"1435",285.75,0.575,1,1.09234067751949
"1436",286,0.575,1,1.09249227042127
"1437",286.25,0.575,1,1.09110388372603
"1438",286.5,0.575,1,1.08679653835894
"1439",286.75,0.575,1,1.08212540782882
"1440",287,0.575,1,1.07371609964039
"1441",287.25,0.575,1,1.06539599198096
"1442",287.5,0.575,1,1.05216241516628
"1443",287.75,0.575,1,1.03997117660522
"1444",288,0.575,1,1.02124306553421
"1445",288.25,0.575,1,0.998324349786883
"1446",288.5,0.575,1,0.979323125671888
"1447",288.75,0.575,1,0.948472048049109
"1448",289,0.575,1,0.923647742541066
"1449",289.25,0.575,1,0.895267412544673
"1450",289.5,0.575,1,0.862850045969199
"1451",289.75,0.575,1,0.805849741755051
"1452",290,0.575,1,0.754237382519061
"1453",290.25,0.575,1,0.715806500465947
"1454",290.5,0.575,1,0.647465119835494
"1455",290.75,0.575,1,0.577089392101145
"1456",291,0.575,1,0.542447040907869
"1457",291.25,0.575,1,0.507382378338067
"1458",291.5,0.575,1,0.42405059158981
"1459",291.75,0.575,1,0.372334283503289
"1460",292,0.575,1,0.2856129297429
"1461",292.25,0.575,1,0.254629249079838
"1462",292.5,0.575,1,0.219212603288442
"1463",292.75,0.575,1,0.177598671603095
"1464",293,0.575,1,0.191709980176036
"1465",278,0.6,1,0.841521077420752
"1466",278.25,0.6,1,0.848861914152539
"1467",278.5,0.6,1,0.858042881181548
"1468",278.75,0.6,1,0.868610937000255
"1469",279,0.6,1,0.87905639952478
"1470",279.25,0.6,1,0.889435251153046
"1471",279.5,0.6,1,0.898202695179355
"1472",279.75,0.6,1,0.905305006518058
"1473",280,0.6,1,0.911241254748355
"1474",280.25,0.6,1,0.916444067094982
"1475",280.5,0.6,1,0.922023860577923
"1476",280.75,0.6,1,0.928002292473337
"1477",281,0.6,1,0.935507358075601
"1478",281.25,0.6,1,0.944739009069876
"1479",281.5,0.6,1,0.956649380277849
"1480",281.75,0.6,1,0.971507307187067
"1481",282,0.6,1,0.988438938223775
"1482",282.25,0.6,1,1.0053302348693
"1483",282.5,0.6,1,1.02037642500126
"1484",282.75,0.6,1,1.03287616244947
"1485",283,0.6,1,1.0436716345178
"1486",283.25,0.6,1,1.05371005403172
"1487",283.5,0.6,1,1.06320814531693
"1488",283.75,0.6,1,1.07226606600448
"1489",284,0.6,1,1.08075297351203
"1490",284.25,0.6,1,1.08880120397342
"1491",284.5,0.6,1,1.09590369665405
"1492",284.75,0.6,1,1.10285032256513
"1493",285,0.6,1,1.10841152806416
"1494",285.25,0.6,1,1.11323627848764
"1495",285.5,0.6,1,1.11690619621177
"1496",285.75,0.6,1,1.11946910658698
"1497",286,0.6,1,1.11987153509984
"1498",286.25,0.6,1,1.11969319209914
"1499",286.5,0.6,1,1.11690797820736
"1500",286.75,0.6,1,1.11212764385032
"1501",287,0.6,1,1.10716758759154
"1502",287.25,0.6,1,1.09844310641651
"1503",287.5,0.6,1,1.08735536666592
"1504",287.75,0.6,1,1.07355597778987
"1505",288,0.6,1,1.05700726448527
"1506",288.25,0.6,1,1.03742363554227
"1507",288.5,0.6,1,1.01421299493086
"1508",288.75,0.6,1,0.995242417463789
"1509",289,0.6,1,0.965665048640555
"1510",289.25,0.6,1,0.930353965941003
"1511",289.5,0.6,1,0.903055628533349
"1512",289.75,0.6,1,0.856240512084461
"1513",290,0.6,1,0.819924218851108
"1514",290.25,0.6,1,0.777152737380908
"1515",290.5,0.6,1,0.723385634071442
"1516",290.75,0.6,1,0.654319440598267
"1517",291,0.6,1,0.610180649285846
"1518",291.25,0.6,1,0.535830693503619
"1519",291.5,0.6,1,0.499311223989621
"1520",291.75,0.6,1,0.414123653596656
"1521",292,0.6,1,0.363687630724432
"1522",292.25,0.6,1,0.279454006179535
"1523",292.5,0.6,1,0.249401510415652
"1524",292.75,0.6,1,0.214859974677389
"1525",293,0.6,1,0.173994124152329
"1526",278,0.625,1,0.85686272997506
"1527",278.25,0.625,1,0.865892666859758
"1528",278.5,0.625,1,0.876073048365299
"1529",278.75,0.625,1,0.886313971851403
"1530",279,0.625,1,0.89553752067713
"1531",279.25,0.625,1,0.903217068945076
"1532",279.5,0.625,1,0.909577408589404
"1533",279.75,0.625,1,0.915187316694411
"1534",280,0.625,1,0.920683537834033
"1535",280.25,0.625,1,0.926484718948141
"1536",280.5,0.625,1,0.933651667414968
"1537",280.75,0.625,1,0.942565361770546
"1538",281,0.625,1,0.954347214826917
"1539",281.25,0.625,1,0.968950904750099
"1540",281.5,0.625,1,0.985593889143524
"1541",281.75,0.625,1,1.00208694133528
"1542",282,0.625,1,1.01665283650411
"1543",282.25,0.625,1,1.02901326462958
"1544",282.5,0.625,1,1.03984730549936
"1545",282.75,0.625,1,1.05033369042274
"1546",283,0.625,1,1.06056193495898
"1547",283.25,0.625,1,1.070590773352
"1548",283.5,0.625,1,1.08043487518312
"1549",283.75,0.625,1,1.08992982442158
"1550",284,0.625,1,1.09914106341391
"1551",284.25,0.625,1,1.10783656400645
"1552",284.5,0.625,1,1.11597812673986
"1553",284.75,0.625,1,1.12333645910096
"1554",285,0.625,1,1.1298026290921
"1555",285.25,0.625,1,1.13543994892496
"1556",285.5,0.625,1,1.14013902011973
"1557",285.75,0.625,1,1.14374097558352
"1558",286,0.625,1,1.14556678484557
"1559",286.25,0.625,1,1.14566838142127
"1560",286.5,0.625,1,1.14409923309168
"1561",286.75,0.625,1,1.14059080989037
"1562",287,0.625,1,1.13538974830408
"1563",287.25,0.625,1,1.1280387369588
"1564",287.5,0.625,1,1.11841612786623
"1565",287.75,0.625,1,1.10675851436207
"1566",288,0.625,1,1.09258151065441
"1567",288.25,0.625,1,1.07591640633045
"1568",288.5,0.625,1,1.05100875448894
"1569",288.75,0.625,1,1.02783512149857
"1570",289,0.625,1,1.00126255547848
"1571",289.25,0.625,1,0.970562014069304
"1572",289.5,0.625,1,0.934868919734807
"1573",289.75,0.625,1,0.90836953520409
"1574",290,0.625,1,0.862750197642418
"1575",290.25,0.625,1,0.82849107643819
"1576",290.5,0.625,1,0.789492305877817
"1577",290.75,0.625,1,0.717168842463153
"1578",291,0.625,1,0.686245401596521
"1579",291.25,0.625,1,0.612274988013718
"1580",291.5,0.625,1,0.530667841788625
"1581",291.75,0.625,1,0.491734596758688
"1582",292,0.625,1,0.404973742788228
"1583",292.25,0.625,1,0.355732163991877
"1584",292.5,0.625,1,0.27260196063343
"1585",292.75,0.625,1,0.174240097086895
"1586",293,0.625,1,0.212373492271761
"1587",278,0.65,1,0.872036522596803
"1588",278.25,0.65,1,0.882202489109528
"1589",278.5,0.65,1,0.891494706720896
"1590",278.75,0.65,1,0.899715341682956
"1591",279,0.65,1,0.906579074444551
"1592",279.25,0.65,1,0.912420513689417
"1593",279.5,0.65,1,0.917860833797741
"1594",279.75,0.65,1,0.923538324159239
"1595",280,0.65,1,0.930106694118407
"1596",280.25,0.65,1,0.938319039812005
"1597",280.5,0.65,1,0.948906956994048
"1598",280.75,0.65,1,0.962617658648915
"1599",281,0.65,1,0.978434518866999
"1600",281.25,0.65,1,0.994538246636492
"1601",281.5,0.65,1,1.00880850189347
"1602",281.75,0.65,1,1.02108779036514
"1603",282,0.65,1,1.03200525589064
"1604",282.25,0.65,1,1.04231295698748
"1605",282.5,0.65,1,1.05309344267955
"1606",282.75,0.65,1,1.0638004430507
"1607",283,0.65,1,1.07450532715139
"1608",283.25,0.65,1,1.08508591616658
"1609",283.5,0.65,1,1.09544199838457
"1610",283.75,0.65,1,1.10563321226613
"1611",284,0.65,1,1.11540657519277
"1612",284.25,0.65,1,1.12485434233155
"1613",284.5,0.65,1,1.13365598316211
"1614",284.75,0.65,1,1.14186923493946
"1615",285,0.65,1,1.14925759430334
"1616",285.25,0.65,1,1.1558450207385
"1617",285.5,0.65,1,1.16149872671803
"1618",285.75,0.65,1,1.16569108637604
"1619",286,0.65,1,1.16839033152241
"1620",286.25,0.65,1,1.16966690098336
"1621",286.5,0.65,1,1.16940407536765
"1622",286.75,0.65,1,1.16749394704914
"1623",287,0.65,1,1.16363327978309
"1624",287.25,0.65,1,1.15628305574383
"1625",287.5,0.65,1,1.14847201877804
"1626",287.75,0.65,1,1.13589722669384
"1627",288,0.65,1,1.12370708263886
"1628",288.25,0.65,1,1.10518384259346
"1629",288.5,0.65,1,1.08793870839106
"1630",288.75,0.65,1,1.06241603598563
"1631",289,0.65,1,1.03935988257551
"1632",289.25,0.65,1,1.01321161761399
"1633",289.5,0.65,1,0.97333285119684
"1634",289.75,0.65,1,0.937932078574155
"1635",290,0.65,1,0.897086036727974
"1636",290.25,0.65,1,0.868042474483348
"1637",290.5,0.65,1,0.815462697735084
"1638",290.75,0.65,1,0.777198671833068
"1639",291,0.65,1,0.733209483576897
"1640",291.25,0.65,1,0.680246244705417
"1641",291.5,0.65,1,0.611370309801745
"1642",291.75,0.65,1,0.526730991929604
"1643",292,0.65,1,0.484899165977109
"1644",292.25,0.65,1,0.396758850091942
"1645",292.5,0.65,1,0.348079625944703
"1646",292.75,0.65,1,0.264618633430051
"1647",293,0.65,1,0.175006638155348
"1648",278,0.675,1,0.886253088463447
"1649",278.25,0.675,1,0.895101697698045
"1650",278.5,0.675,1,0.902477110491461
"1651",278.75,0.675,1,0.908705259175025
"1652",279,0.675,1,0.91418716726108
"1653",279.25,0.675,1,0.91970850484253
"1654",279.5,0.675,1,0.925596215829902
"1655",279.75,0.675,1,0.932723133048516
"1656",280,0.675,1,0.941965062504018
"1657",280.25,0.675,1,0.953911277379712
"1658",280.5,0.675,1,0.968537365663411
"1659",280.75,0.675,1,0.983958664973831
"1660",281,0.675,1,0.998097272680625
"1661",281.25,0.675,1,1.010406716401
"1662",281.5,0.675,1,1.02135559962838
"1663",281.75,0.675,1,1.03170651498261
"1664",282,0.675,1,1.04220373304441
"1665",282.25,0.675,1,1.0531463032622
"1666",282.5,0.675,1,1.06425714777097
"1667",282.75,0.675,1,1.07531294119266
"1668",283,0.675,1,1.08650824577803
"1669",283.25,0.675,1,1.0975509531692
"1670",283.5,0.675,1,1.10850390495802
"1671",283.75,0.675,1,1.11931118046756
"1672",284,0.675,1,1.12965546768376
"1673",284.25,0.675,1,1.13980296923715
"1674",284.5,0.675,1,1.14939060138928
"1675",284.75,0.675,1,1.15842778580735
"1676",285,0.675,1,1.1666715815232
"1677",285.25,0.675,1,1.1738689299662
"1678",285.5,0.675,1,1.1804210435552
"1679",285.75,0.675,1,1.18544654425121
"1680",286,0.675,1,1.18936827262752
"1681",286.25,0.675,1,1.19176907972005
"1682",286.5,0.675,1,1.19176073584885
"1683",286.75,0.675,1,1.19102195046645
"1684",287,0.675,1,1.18722152992401
"1685",287.25,0.675,1,1.1827019841823
"1686",287.5,0.675,1,1.17472544913965
"1687",287.75,0.675,1,1.16422102469062
"1688",288,0.675,1,1.1508642258652
"1689",288.25,0.675,1,1.13459121686974
"1690",288.5,0.675,1,1.11511902679551
"1691",288.75,0.675,1,1.09201992358755
"1692",289,0.675,1,1.07176467628837
"1693",289.25,0.675,1,1.0412720409712
"1694",289.5,0.675,1,1.01494339572787
"1695",289.75,0.675,1,0.974568821436655
"1696",290,0.675,1,0.939893307046843
"1697",290.25,0.675,1,0.900386451039961
"1698",290.5,0.675,1,0.854634427193311
"1699",290.75,0.675,1,0.800354105722722
"1700",291,0.675,1,0.762972869362786
"1701",291.25,0.675,1,0.71975481222073
"1702",291.5,0.675,1,0.669209630716018
"1703",291.75,0.675,1,0.605585832004585
"1704",292,0.675,1,0.522532433720564
"1705",292.25,0.675,1,0.478421040243325
"1706",292.5,0.675,1,0.389422503979191
"1707",292.75,0.675,1,0.340654957284382
"1708",293,0.675,1,0.253665827152267
"1709",278,0.7,1,0.897523605040037
"1710",278.25,0.7,1,0.904187811040223
"1711",278.5,0.7,1,0.909891025640416
"1712",278.75,0.7,1,0.915262988781052
"1713",279,0.7,1,0.920555982363807
"1714",279.25,0.7,1,0.92663798053729
"1715",279.5,0.7,1,0.934290758545593
"1716",279.75,0.7,1,0.944463531277595
"1717",280,0.7,1,0.957218524360793
"1718",280.25,0.7,1,0.971554355642589
"1719",280.5,0.7,1,0.985516564538114
"1720",280.75,0.7,1,0.997874541621533
"1721",281,0.7,1,1.00881521272969
"1722",281.25,0.7,1,1.01905742635015
"1723",281.5,0.7,1,1.0291727683433
"1724",281.75,0.7,1,1.03986346872303
"1725",282,0.7,1,1.05090570402406
"1726",282.25,0.7,1,1.06216428492801
"1727",282.5,0.7,1,1.07357183763148
"1728",282.75,0.7,1,1.08512656895834
"1729",283,0.7,1,1.09663960403913
"1730",283.25,0.7,1,1.10827145181503
"1731",283.5,0.7,1,1.11965925223438
"1732",283.75,0.7,1,1.13105056444644
"1733",284,0.7,1,1.14202211522431
"1734",284.25,0.7,1,1.152826306513
"1735",284.5,0.7,1,1.16311366146289
"1736",284.75,0.7,1,1.17276175296919
"1737",285,0.7,1,1.1815741636679
"1738",285.25,0.7,1,1.18983708583915
"1739",285.5,0.7,1,1.19695282359915
"1740",285.75,0.7,1,1.20285463385207
"1741",286,0.7,1,1.20755050012657
"1742",286.25,0.7,1,1.2103598882794
"1743",286.5,0.7,1,1.21226693963152
"1744",286.75,0.7,1,1.21179146070534
"1745",287,0.7,1,1.20921718870387
"1746",287.25,0.7,1,1.20459726088713
"1747",287.5,0.7,1,1.19782129106862
"1748",287.75,0.7,1,1.18878709654397
"1749",288,0.7,1,1.17719744191181
"1750",288.25,0.7,1,1.15976511316749
"1751",288.5,0.7,1,1.14261101790975
"1752",288.75,0.7,1,1.12253683274225
"1753",289,0.7,1,1.09912187797268
"1754",289.25,0.7,1,1.07213288223722
"1755",289.5,0.7,1,1.04092520248728
"1756",289.75,0.7,1,1.00431236290873
"1757",290,0.7,1,0.974509064504345
"1758",290.25,0.7,1,0.925797038297935
"1759",290.5,0.7,1,0.885829400365362
"1760",290.75,0.7,1,0.839390020849664
"1761",291,0.7,1,0.784365361564899
"1762",291.25,0.7,1,0.748136482424581
"1763",291.5,0.7,1,0.705758029267785
"1764",291.75,0.7,1,0.620299795696479
"1765",292,0.7,1,0.596243810269053
"1766",292.25,0.7,1,0.517098459005427
"1767",292.5,0.7,1,0.424888716638464
"1768",292.75,0.7,1,0.382646474694843
"1769",293,0.7,1,0.333405433644134
"1770",278,0.725,1,0.905097412383214
"1771",278.25,0.725,1,0.910545423560389
"1772",278.5,0.725,1,0.915466551336467
"1773",278.75,0.725,1,0.920681793951819
"1774",279,0.725,1,0.927043220106124
"1775",279.25,0.725,1,0.935048393205457
"1776",279.5,0.725,1,0.94555841171586
"1777",279.75,0.725,1,0.958399902197271
"1778",280,0.725,1,0.971822840666114
"1779",280.25,0.725,1,0.984168603997761
"1780",280.5,0.725,1,0.995084572598682
"1781",280.75,0.725,1,1.00513489002061
"1782",281,0.725,1,1.015010641788
"1783",281.25,0.725,1,1.02501210519283
"1784",281.5,0.725,1,1.0356385817874
"1785",281.75,0.725,1,1.0467345841418
"1786",282,0.725,1,1.05800365251138
"1787",282.25,0.725,1,1.06961751861293
"1788",282.5,0.725,1,1.0813883110965
"1789",282.75,0.725,1,1.09318531764078
"1790",283,0.725,1,1.10516057610449
"1791",283.25,0.725,1,1.11714914489101
"1792",283.5,0.725,1,1.12914216644202
"1793",283.75,0.725,1,1.14086795940358
"1794",284,0.725,1,1.15251201641268
"1795",284.25,0.725,1,1.16380554639075
"1796",284.5,0.725,1,1.17472821523418
"1797",284.75,0.725,1,1.18504551803348
"1798",285,0.725,1,1.19458126353191
"1799",285.25,0.725,1,1.20357156939979
"1800",285.5,0.725,1,1.21135724083658
"1801",285.75,0.725,1,1.21789004551975
"1802",286,0.725,1,1.22347227074715
"1803",286.25,0.725,1,1.22719917409703
"1804",286.5,0.725,1,1.22990367536431
"1805",286.75,0.725,1,1.23052948783184
"1806",287,0.725,1,1.22814517125427
"1807",287.25,0.725,1,1.22476633178257
"1808",287.5,0.725,1,1.21932725553251
"1809",287.75,0.725,1,1.20985307538178
"1810",288,0.725,1,1.19979400912507
"1811",288.25,0.725,1,1.18459965892788
"1812",288.5,0.725,1,1.1697012112887
"1813",288.75,0.725,1,1.14798639494073
"1814",289,0.725,1,1.12738968636976
"1815",289.25,0.725,1,1.09757931496282
"1816",289.5,0.725,1,1.07009663281844
"1817",289.75,0.725,1,1.03857010700674
"1818",290,0.725,1,1.00255965003006
"1819",290.25,0.725,1,0.960241726104631
"1820",290.5,0.725,1,0.92663175740978
"1821",290.75,0.725,1,0.869810696221786
"1822",291,0.725,1,0.823402729628643
"1823",291.25,0.725,1,0.768356568871753
"1824",291.5,0.725,1,0.733360878930405
"1825",291.75,0.725,1,0.658728649698226
"1826",292,0.725,1,0.60712404644518
"1827",292.25,0.725,1,0.543952725553518
"1828",292.5,0.725,1,0.510213393076964
"1829",292.75,0.725,1,0.418737261677541
"1830",293,0.725,1,0.376324410427711
"1831",278,0.75,1,0.910461818354172
"1832",278.25,0.75,1,0.91511684180406
"1833",278.5,0.75,1,0.920369378531974
"1834",278.75,0.75,1,0.926599023272197
"1835",279,0.75,1,0.934866826933184
"1836",279.25,0.75,1,0.945392727578068
"1837",279.5,0.75,1,0.957655919107615
"1838",279.75,0.75,1,0.969796510103824
"1839",280,0.75,1,0.980733014035042
"1840",280.25,0.75,1,0.990613448782749
"1841",280.5,0.75,1,1.00010290162549
"1842",280.75,0.75,1,1.00962217337708
"1843",281,0.75,1,1.01941236977693
"1844",281.25,0.75,1,1.02991837209215
"1845",281.5,0.75,1,1.04083903637253
"1846",281.75,0.75,1,1.05210520841948
"1847",282,0.75,1,1.06368597625616
"1848",282.25,0.75,1,1.07550076453629
"1849",282.5,0.75,1,1.08747331889509
"1850",282.75,0.75,1,1.09969776840218
"1851",283,0.75,1,1.11198293577223
"1852",283.25,0.75,1,1.12443107977638
"1853",283.5,0.75,1,1.13669053310694
"1854",283.75,0.75,1,1.14897230684213
"1855",284,0.75,1,1.16101915299118
"1856",284.25,0.75,1,1.17294874383092
"1857",284.5,0.75,1,1.18420286607383
"1858",284.75,0.75,1,1.19514269173868
"1859",285,0.75,1,1.20530528992414
"1860",285.25,0.75,1,1.21499191312555
"1861",285.5,0.75,1,1.22321870538187
"1862",285.75,0.75,1,1.23074778337841
"1863",286,0.75,1,1.2366839823179
"1864",286.25,0.75,1,1.24185654424934
"1865",286.5,0.75,1,1.24507091551544
"1866",286.75,0.75,1,1.2457408728602
"1867",287,0.75,1,1.24554267600341
"1868",287.25,0.75,1,1.24204381085968
"1869",287.5,0.75,1,1.23783791293711
"1870",287.75,0.75,1,1.22975244747299
"1871",288,0.75,1,1.21910844171625
"1872",288.25,0.75,1,1.20552400667554
"1873",288.5,0.75,1,1.18893861202696
"1874",288.75,0.75,1,1.16909258495436
"1875",289,0.75,1,1.14556614807057
"1876",289.25,0.75,1,1.12453410532514
"1877",289.5,0.75,1,1.093593299676
"1878",289.75,0.75,1,1.05639253069606
"1879",290,0.75,1,1.0242024294049
"1880",290.25,0.75,1,0.987278385838409
"1881",290.5,0.75,1,0.943947644460885
"1882",290.75,0.75,1,0.892377490639939
"1883",291,0.75,1,0.853434768138417
"1884",291.25,0.75,1,0.807448527008858
"1885",291.5,0.75,1,0.752988226994247
"1886",291.75,0.75,1,0.687150905698062
"1887",292,0.75,1,0.645317322403033
"1888",292.25,0.75,1,0.5948510156284
"1889",292.5,0.75,1,0.533652035051261
"1890",292.75,0.75,1,0.454621136293818
"1891",293,0.75,1,0.412727308449539
"1892",278,0.775,1,0.914508904078114
"1893",278.25,0.775,1,0.919399874270672
"1894",278.5,0.775,1,0.925653215548542
"1895",278.75,0.775,1,0.933799255647929
"1896",279,0.775,1,0.943969026501387
"1897",279.25,0.775,1,0.955313194491515
"1898",279.5,0.775,1,0.966162985296568
"1899",279.75,0.775,1,0.975962147730624
"1900",280,0.775,1,0.985050599307396
"1901",280.25,0.775,1,0.994023300964782
"1902",280.5,0.775,1,1.00318555341977
"1903",280.75,0.775,1,1.0127019594477
"1904",281,0.775,1,1.02299731340554
"1905",281.25,0.775,1,1.03364057888627
"1906",281.5,0.775,1,1.04472655107544
"1907",281.75,0.775,1,1.05608648277453
"1908",282,0.775,1,1.06779965433392
"1909",282.25,0.775,1,1.07981661959609
"1910",282.5,0.775,1,1.0921145614449
"1911",282.75,0.775,1,1.1045379428103
"1912",283,0.775,1,1.11717997976227
"1913",283.25,0.775,1,1.12982937150395
"1914",283.5,0.775,1,1.142466735181
"1915",283.75,0.775,1,1.15514847028933
"1916",284,0.775,1,1.16764345044492
"1917",284.25,0.775,1,1.17993373716783
"1918",284.5,0.775,1,1.19182883250736
"1919",284.75,0.775,1,1.20330656052567
"1920",285,0.775,1,1.21411564608631
"1921",285.25,0.775,1,1.2241354670457
"1922",285.5,0.775,1,1.23344847481414
"1923",285.75,0.775,1,1.24145984127017
"1924",286,0.775,1,1.24827776494216
"1925",286.25,0.775,1,1.25383744807662
"1926",286.5,0.775,1,1.25787889875943
"1927",286.75,0.775,1,1.25961806381252
"1928",287,0.775,1,1.26041510524631
"1929",287.25,0.775,1,1.25823907537681
"1930",287.5,0.775,1,1.2538330320283
"1931",287.75,0.775,1,1.24705693719465
"1932",288,0.775,1,1.23770322713206
"1933",288.25,0.775,1,1.2230554946215
"1934",288.5,0.775,1,1.20837883061219
"1935",288.75,0.775,1,1.19076618620959
"1936",289,0.775,1,1.17004157529745
"1937",289.25,0.775,1,1.14014742172919
"1938",289.5,0.775,1,1.11166448351338
"1939",289.75,0.775,1,1.0784351347089
"1940",290,0.775,1,1.05107703049571
"1941",290.25,0.775,1,1.00721951677937
"1942",290.5,0.775,1,0.970097986329904
"1943",290.75,0.775,1,0.926680089761591
"1944",291,0.775,1,0.875150389122793
"1945",291.25,0.775,1,0.837163861257024
"1946",291.5,0.775,1,0.791920236501303
"1947",291.75,0.775,1,0.738491884939196
"1948",292,0.775,1,0.673789834141256
"1949",292.25,0.775,1,0.632880896822791
"1950",292.5,0.775,1,0.54020427529889
"1951",292.75,0.775,1,0.52379385944681
"1952",293,0.775,1,0.447595604115124
"1953",278,0.8,1,0.91818444431075
"1954",278.25,0.8,1,0.924165321618436
"1955",278.5,0.8,1,0.93186273639118
"1956",278.75,0.8,1,0.941484378759586
"1957",279,0.8,1,0.95178267124948
"1958",279.25,0.8,1,0.96143593351203
"1959",279.5,0.8,1,0.970270691868347
"1960",279.75,0.8,1,0.978683128060499
"1961",280,0.8,1,0.987174568700855
"1962",280.25,0.8,1,0.995944060720248
"1963",280.5,0.8,1,1.00510362527608
"1964",280.75,0.8,1,1.01496871657348
"1965",281,0.8,1,1.0253271220289
"1966",281.25,0.8,1,1.03606069840133
"1967",281.5,0.8,1,1.04722783734968
"1968",281.75,0.8,1,1.05871651733973
"1969",282,0.8,1,1.07055703818198
"1970",282.25,0.8,1,1.08267427874929
"1971",282.5,0.8,1,1.09515647439016
"1972",282.75,0.8,1,1.10771997461286
"1973",283,0.8,1,1.12061248937303
"1974",283.25,0.8,1,1.13353532312629
"1975",283.5,0.8,1,1.14653832889811
"1976",283.75,0.8,1,1.15949816355035
"1977",284,0.8,1,1.17235799192068
"1978",284.25,0.8,1,1.18497397462011
"1979",284.5,0.8,1,1.19733281283865
"1980",284.75,0.8,1,1.20916784422218
"1981",285,0.8,1,1.22070829379429
"1982",285.25,0.8,1,1.23118299885764
"1983",285.5,0.8,1,1.24126032117054
"1984",285.75,0.8,1,1.25008467784305
"1985",286,0.8,1,1.25788008719501
"1986",286.25,0.8,1,1.26445261891043
"1987",286.5,0.8,1,1.26976709810602
"1988",286.75,0.8,1,1.27290083119175
"1989",287,0.8,1,1.27421811429698
"1990",287.25,0.8,1,1.27338011009692
"1991",287.5,0.8,1,1.26875594992884
"1992",287.75,0.8,1,1.26314843853083
"1993",288,0.8,1,1.2526470547847
"1994",288.25,0.8,1,1.24197477761161
"1995",288.5,0.8,1,1.22525753287193
"1996",288.75,0.8,1,1.20910029340349
"1997",289,0.8,1,1.18587546768391
"1998",289.25,0.8,1,1.15782578144256
"1999",289.5,0.8,1,1.13273322472496
"2000",289.75,0.8,1,1.1040236265988
"2001",290,0.8,1,1.0712397332444
"2002",290.25,0.8,1,1.03349879919916
"2003",290.5,0.8,1,0.988766493295511
"2004",290.75,0.8,1,0.952092923300681
"2005",291,0.8,1,0.909143029160673
"2006",291.25,0.8,1,0.858421820888869
"2007",291.5,0.8,1,0.796018378792269
"2008",291.75,0.8,1,0.749795994995507
"2009",292,0.8,1,0.69351126374083
"2010",292.25,0.8,1,0.624208155451249
"2011",292.5,0.8,1,0.582622387786434
"2012",292.75,0.8,1,0.531049756380838
"2013",293,0.8,1,0.46768250074829
"2014",278,0.825,1,0.922147177046449
"2015",278.25,0.825,1,0.929429297503736
"2016",278.5,0.825,1,0.938222382604603
"2017",278.75,0.825,1,0.947437645934596
"2018",279,0.825,1,0.956026132737423
"2019",279.25,0.825,1,0.964027934888999
"2020",279.5,0.825,1,0.971835320368131
"2021",279.75,0.825,1,0.979784043606994
"2022",280,0.825,1,0.988112802116098
"2023",280.25,0.825,1,0.996840730619849
"2024",280.5,0.825,1,1.00624190235741
"2025",280.75,0.825,1,1.01610777013238
"2026",281,0.825,1,1.02648072152467
"2027",281.25,0.825,1,1.03720510131591
"2028",281.5,0.825,1,1.04838867856174
"2029",281.75,0.825,1,1.05992092405826
"2030",282,0.825,1,1.07181832260171
"2031",282.25,0.825,1,1.08409651117508
"2032",282.5,0.825,1,1.09660964985412
"2033",282.75,0.825,1,1.10943725616356
"2034",283,0.825,1,1.12240079380399
"2035",283.25,0.825,1,1.13553297973397
"2036",283.5,0.825,1,1.14877397786276
"2037",283.75,0.825,1,1.16199344741336
"2038",284,0.825,1,1.17517565281365
"2039",284.25,0.825,1,1.18807572306725
"2040",284.5,0.825,1,1.20088382468891
"2041",284.75,0.825,1,1.21324947033508
"2042",285,0.825,1,1.22524798394431
"2043",285.25,0.825,1,1.23673891035555
"2044",285.5,0.825,1,1.24769155963002
"2045",285.75,0.825,1,1.25777900974278
"2046",286,0.825,1,1.26706845502316
"2047",286.25,0.825,1,1.27498108561151
"2048",286.5,0.825,1,1.28144553217235
"2049",286.75,0.825,1,1.2862419016882
"2050",287,0.825,1,1.28919616252031
"2051",287.25,0.825,1,1.28992678416256
"2052",287.5,0.825,1,1.28690970879958
"2053",287.75,0.825,1,1.28070307866707
"2054",288,0.825,1,1.2738338799986
"2055",288.25,0.825,1,1.26178957758833
"2056",288.5,0.825,1,1.24633549016973
"2057",288.75,0.825,1,1.22747767517494
"2058",289,0.825,1,1.20520705356221
"2059",289.25,0.825,1,1.17944285008571
"2060",289.5,0.825,1,1.14975366340283
"2061",289.75,0.825,1,1.1152976153036
"2062",290,0.825,1,1.08590927219096
"2063",290.25,0.825,1,1.04001136255635
"2064",290.5,0.825,1,0.999936766766461
"2065",290.75,0.825,1,0.969665870336418
"2066",291,0.825,1,0.915243370297139
"2067",291.25,0.825,1,0.871431715103329
"2068",291.5,0.825,1,0.818036087028283
"2069",291.75,0.825,1,0.751365677094244
"2070",292,0.825,1,0.704063400015635
"2071",292.25,0.825,1,0.645280115779872
"2072",292.5,0.825,1,0.614183869893368
"2073",292.75,0.825,1,0.528497598642243
"2074",293,0.825,1,0.474521941628405
"2075",278,0.85,1,0.926482705937887
"2076",278.25,0.85,1,0.934391373680203
"2077",278.5,0.85,1,0.942577737242858
"2078",278.75,0.85,1,0.95025506021349
"2079",279,0.85,1,0.957489699350101
"2080",279.25,0.85,1,0.964666127340402
"2081",279.5,0.85,1,0.972082890153039
"2082",279.75,0.85,1,0.979869420764401
"2083",280,0.85,1,0.988106519719571
"2084",280.25,0.85,1,0.996953079188989
"2085",280.5,0.85,1,1.0063174605536
"2086",280.75,0.85,1,1.01613433446474
"2087",281,0.85,1,1.02641129913869
"2088",281.25,0.85,1,1.03711365365045
"2089",281.5,0.85,1,1.04824158277258
"2090",281.75,0.85,1,1.05978097784709
"2091",282,0.85,1,1.07171681613916
"2092",282.25,0.85,1,1.08397948181506
"2093",282.5,0.85,1,1.09658447730578
"2094",282.75,0.85,1,1.10940667618958
"2095",283,0.85,1,1.12256598234426
"2096",283.25,0.85,1,1.13584662482453
"2097",283.5,0.85,1,1.14915512918809
"2098",283.75,0.85,1,1.16266467327677
"2099",284,0.85,1,1.17606927800449
"2100",284.25,0.85,1,1.18943415243973
"2101",284.5,0.85,1,1.20261122154506
"2102",284.75,0.85,1,1.21562963944308
"2103",285,0.85,1,1.22848282373098
"2104",285.25,0.85,1,1.24129261156493
"2105",285.5,0.85,1,1.25355890208973
"2106",285.75,0.85,1,1.26550553851593
"2107",286,0.85,1,1.27676922264982
"2108",286.25,0.85,1,1.28636160663667
"2109",286.5,0.85,1,1.29426782131851
"2110",286.75,0.85,1,1.3001684669303
"2111",287,0.85,1,1.30384471337131
"2112",287.25,0.85,1,1.30418112004301
"2113",287.5,0.85,1,1.30174879631893
"2114",287.75,0.85,1,1.29680531124957
"2115",288,0.85,1,1.28911068333808
"2116",288.25,0.85,1,1.27861157615225
"2117",288.5,0.85,1,1.2618353538923
"2118",288.75,0.85,1,1.2449776871386
"2119",289,0.85,1,1.22443124245037
"2120",289.25,0.85,1,1.19416840856789
"2121",289.5,0.85,1,1.16550829726791
"2122",289.75,0.85,1,1.13287462290975
"2123",290,0.85,1,1.09595234577609
"2124",290.25,0.85,1,1.05344309595982
"2125",290.5,0.85,1,1.01937063012931
"2126",290.75,0.85,1,0.979708746669302
"2127",291,0.85,1,0.932698234724535
"2128",291.25,0.85,1,0.875005894854735
"2129",291.5,0.85,1,0.830557981394827
"2130",291.75,0.85,1,0.774929011037387
"2131",292,0.85,1,0.738966716997784
"2132",292.25,0.85,1,0.656477983053773
"2133",292.5,0.85,1,0.635857035495369
"2134",292.75,0.85,1,0.563770787002201
"2135",293,0.85,1,0.522083983345142
"2136",278,0.875,1,0.930385548032992
"2137",278.25,0.875,1,0.937566262670327
"2138",278.5,0.875,1,0.944351501402989
"2139",278.75,0.875,1,0.950853176114611
"2140",279,0.875,1,0.957401051720559
"2141",279.25,0.875,1,0.964225219529537
"2142",279.5,0.875,1,0.971460889692898
"2143",279.75,0.875,1,0.979113851615148
"2144",280,0.875,1,0.987353404870654
"2145",280.25,0.875,1,0.996089573854179
"2146",280.5,0.875,1,1.00533488179619
"2147",280.75,0.875,1,1.01505100036849
"2148",281,0.875,1,1.02522578882785
"2149",281.25,0.875,1,1.03581224278757
"2150",281.5,0.875,1,1.04687409315961
"2151",281.75,0.875,1,1.05831586462017
"2152",282,0.875,1,1.07020430800591
"2153",282.25,0.875,1,1.08244472561344
"2154",282.5,0.875,1,1.09498901993835
"2155",282.75,0.875,1,1.10789484820056
"2156",283,0.875,1,1.12100690300466
"2157",283.25,0.875,1,1.13435724761779
"2158",283.5,0.875,1,1.14784920745847
"2159",283.75,0.875,1,1.16148429683752
"2160",284,0.875,1,1.17518880932384
"2161",284.25,0.875,1,1.18902299949163
"2162",284.5,0.875,1,1.20286181410731
"2163",284.75,0.875,1,1.21708960087053
"2164",285,0.875,1,1.23125935196319
"2165",285.25,0.875,1,1.24584111603954
"2166",285.5,0.875,1,1.25988122501065
"2167",285.75,0.875,1,1.27303006372207
"2168",286,0.875,1,1.2840471155288
"2169",286.25,0.875,1,1.29361850936467
"2170",286.5,0.875,1,1.29994246194063
"2171",286.75,0.875,1,1.30503574384791
"2172",287,0.875,1,1.30703844729035
"2173",287.25,0.875,1,1.30829770664048
"2174",287.5,0.875,1,1.30472352299076
"2175",287.75,0.875,1,1.3005533911999
"2176",288,0.875,1,1.29396167881171
"2177",288.25,0.875,1,1.2826705071058
"2178",288.5,0.875,1,1.2679954639242
"2179",288.75,0.875,1,1.25418486831431
"2180",289,0.875,1,1.23327119165106
"2181",289.25,0.875,1,1.20765745270666
"2182",289.5,0.875,1,1.17600286171852
"2183",289.75,0.875,1,1.14768551838756
"2184",290,0.875,1,1.11397670172066
"2185",290.25,0.875,1,1.07549954109249
"2186",290.5,0.875,1,1.03221370355706
"2187",290.75,0.875,1,0.981772695044322
"2188",291,0.875,1,0.941392529167304
"2189",291.25,0.875,1,0.892920269578794
"2190",291.5,0.875,1,0.832820137251781
"2191",291.75,0.875,1,0.787778839785581
"2192",292,0.875,1,0.730161584956833
"2193",292.25,0.875,1,0.694798973091591
"2194",292.5,0.875,1,0.647972597697034
"2195",292.75,0.875,1,0.588037721978836
"2196",293,0.875,1,0.51091888098355
"2197",278,0.9,1,0.932527000784311
"2198",278.25,0.9,1,0.938525477350109
"2199",278.5,0.9,1,0.944310792218892
"2200",278.75,0.9,1,0.950209994807126
"2201",279,0.9,1,0.956417276767297
"2202",279.25,0.9,1,0.963035000199781
"2203",279.5,0.9,1,0.970086633741226
"2204",279.75,0.9,1,0.97763628974606
"2205",280,0.9,1,0.985727493606726
"2206",280.25,0.9,1,0.994305216822016
"2207",280.5,0.9,1,1.00334153381852
"2208",280.75,0.9,1,1.01285628963589
"2209",281,0.9,1,1.02282467459011
"2210",281.25,0.9,1,1.03325585348638
"2211",281.5,0.9,1,1.04414775120309
"2212",281.75,0.9,1,1.0554572028807
"2213",282,0.9,1,1.06717976315203
"2214",282.25,0.9,1,1.07931088077373
"2215",282.5,0.9,1,1.09178231190941
"2216",282.75,0.9,1,1.10462275139821
"2217",283,0.9,1,1.11773885193159
"2218",283.25,0.9,1,1.13109421253013
"2219",283.5,0.9,1,1.14474474241678
"2220",283.75,0.9,1,1.15861662827528
"2221",284,0.9,1,1.17279001442191
"2222",284.25,0.9,1,1.18736789021641
"2223",284.5,0.9,1,1.2024810911706
"2224",284.75,0.9,1,1.21806347171082
"2225",285,0.9,1,1.23383128039986
"2226",285.25,0.9,1,1.24879695212743
"2227",285.5,0.9,1,1.26217653426548
"2228",285.75,0.9,1,1.27379570145093
"2229",286,0.9,1,1.28327796164257
"2230",286.25,0.9,1,1.2911046628614
"2231",286.5,0.9,1,1.29740378558103
"2232",286.75,0.9,1,1.30134071849018
"2233",287,0.9,1,1.30343445783561
"2234",287.25,0.9,1,1.30373430438295
"2235",287.5,0.9,1,1.30224091073779
"2236",287.75,0.9,1,1.29675735808985
"2237",288,0.9,1,1.28862572086979
"2238",288.25,0.9,1,1.27783283055388
"2239",288.5,0.9,1,1.26444590050658
"2240",288.75,0.9,1,1.24838550342651
"2241",289,0.9,1,1.22931076347731
"2242",289.25,0.9,1,1.20685161487375
"2243",289.5,0.9,1,1.18055998417733
"2244",289.75,0.9,1,1.14942300127529
"2245",290,0.9,1,1.11148618417196
"2246",290.25,0.9,1,1.07952094316275
"2247",290.5,0.9,1,1.04044667956437
"2248",290.75,0.9,1,0.994797144089695
"2249",291,0.9,1,0.941430378507226
"2250",291.25,0.9,1,0.900937065566169
"2251",291.5,0.9,1,0.851609944291563
"2252",291.75,0.9,1,0.789423761172557
"2253",292,0.9,1,0.743973007112045
"2254",292.25,0.9,1,0.684534042379675
"2255",292.5,0.9,1,0.649506766057845
"2256",292.75,0.9,1,0.601348955941588
"2257",293,0.9,1,0.538164363894795
"2258",278,0.925,1,0.932939048660457
"2259",278.25,0.925,1,0.938026991986297
"2260",278.5,0.925,1,0.943253763296167
"2261",278.75,0.925,1,0.948792902971608
"2262",279,0.925,1,0.954727741847637
"2263",279.25,0.925,1,0.961089982425559
"2264",279.5,0.925,1,0.967911273511739
"2265",279.75,0.925,1,0.975260739772751
"2266",280,0.925,1,0.983087523181778
"2267",280.25,0.925,1,0.99137689145181
"2268",280.5,0.925,1,1.00014578791675
"2269",280.75,0.925,1,1.00939620444963
"2270",281,0.925,1,1.01910828506664
"2271",281.25,0.925,1,1.02928842805501
"2272",281.5,0.925,1,1.03990683093386
"2273",281.75,0.925,1,1.0509834354478
"2274",282,0.925,1,1.0624961601822
"2275",282.25,0.925,1,1.07441955875533
"2276",282.5,0.925,1,1.08672303583735
"2277",282.75,0.925,1,1.09938529687785
"2278",283,0.925,1,1.11242502340029
"2279",283.25,0.925,1,1.12581586982953
"2280",283.5,0.925,1,1.13959619608526
"2281",283.75,0.925,1,1.15386777286727
"2282",284,0.925,1,1.16882202392362
"2283",284.25,0.925,1,1.18459475556657
"2284",284.5,0.925,1,1.20098108122109
"2285",284.75,0.925,1,1.21714173583828
"2286",285,0.925,1,1.23203873667911
"2287",285.25,0.925,1,1.24527203289074
"2288",285.5,0.925,1,1.25675731178679
"2289",285.75,0.925,1,1.26713244698898
"2290",286,0.925,1,1.2760078497911
"2291",286.25,0.925,1,1.283598562307
"2292",286.5,0.925,1,1.28920960622109
"2293",286.75,0.925,1,1.29311312341623
"2294",287,0.925,1,1.29552974598606
"2295",287.25,0.925,1,1.29644959312245
"2296",287.5,0.925,1,1.29362476276331
"2297",287.75,0.925,1,1.28844057764702
"2298",288,0.925,1,1.28122545777867
"2299",288.25,0.925,1,1.27183496644395
"2300",288.5,0.925,1,1.26006300174088
"2301",288.75,0.925,1,1.24078469724668
"2302",289,0.925,1,1.22414858442028
"2303",289.25,0.925,1,1.19711179445966
"2304",289.5,0.925,1,1.1745185476837
"2305",289.75,0.925,1,1.14816761340037
"2306",290,0.925,1,1.10470272953471
"2307",290.25,0.925,1,1.08152419414066
"2308",290.5,0.925,1,1.03739965724675
"2309",290.75,0.925,1,0.980613352488472
"2310",291,0.925,1,0.932099773274422
"2311",291.25,0.925,1,0.899410899000323
"2312",291.5,0.925,1,0.831193400910017
"2313",291.75,0.925,1,0.778178261769169
"2314",292,0.925,1,0.745360464560981
"2315",292.25,0.925,1,0.69957122517592
"2316",292.5,0.925,1,0.638194877743502
"2317",292.75,0.925,1,0.603011915125963
"2318",293,0.925,1,0.553098577761974
"2319",278,0.95,1,0.932007428123666
"2320",278.25,0.95,1,0.936535082420503
"2321",278.5,0.95,1,0.941372388305017
"2322",278.75,0.95,1,0.946588600538278
"2323",279,0.95,1,0.952220351869464
"2324",279.25,0.95,1,0.958287515640839
"2325",279.5,0.95,1,0.964838923132218
"2326",279.75,0.95,1,0.971854057397118
"2327",280,0.95,1,0.979331214282664
"2328",280.25,0.95,1,0.987285821132042
"2329",280.5,0.95,1,0.995698301718566
"2330",280.75,0.95,1,1.00459385834858
"2331",281,0.95,1,1.01395414186631
"2332",281.25,0.95,1,1.02378333439379
"2333",281.5,0.95,1,1.0340736615969
"2334",281.75,0.95,1,1.04482631152807
"2335",282,0.95,1,1.05600509293773
"2336",282.25,0.95,1,1.06763403305113
"2337",282.5,0.95,1,1.07964980846727
"2338",282.75,0.95,1,1.09210126986263
"2339",283,0.95,1,1.10500055196843
"2340",283.25,0.95,1,1.11837905652655
"2341",283.5,0.95,1,1.13244208294612
"2342",283.75,0.95,1,1.14735865663574
"2343",284,0.95,1,1.16321818086905
"2344",284.25,0.95,1,1.17959197106309
"2345",284.5,0.95,1,1.1953870140586
"2346",284.75,0.95,1,1.20985434331403
"2347",285,0.95,1,1.22300005074609
"2348",285.25,0.95,1,1.23512249366391
"2349",285.5,0.95,1,1.24623920053002
"2350",285.75,0.95,1,1.25632635053005
"2351",286,0.95,1,1.2651200336355
"2352",286.25,0.95,1,1.27202610129113
"2353",286.5,0.95,1,1.27865341116373
"2354",286.75,0.95,1,1.28309397926523
"2355",287,0.95,1,1.28448090156418
"2356",287.25,0.95,1,1.28618534468948
"2357",287.5,0.95,1,1.28417720636466
"2358",287.75,0.95,1,1.28007284066988
"2359",288,0.95,1,1.27026483760125
"2360",288.25,0.95,1,1.26218261387645
"2361",288.5,0.95,1,1.24685183452368
"2362",288.75,0.95,1,1.22793001529696
"2363",289,0.95,1,1.21347563510699
"2364",289.25,0.95,1,1.18928914645372
"2365",289.5,0.95,1,1.1607504634437
"2366",289.75,0.95,1,1.12669484626857
"2367",290,0.95,1,1.10100088626141
"2368",290.25,0.95,1,1.05404138853862
"2369",290.5,0.95,1,1.01589565420169
"2370",290.75,0.95,1,0.968536280127336
"2371",291,0.95,1,0.93359139802356
"2372",291.25,0.95,1,0.886823876461097
"2373",291.5,0.95,1,0.826752598224985
"2374",291.75,0.95,1,0.786144940841947
"2375",292,0.95,1,0.732305576116048
"2376",292.25,0.95,1,0.659485954025096
"2377",292.5,0.95,1,0.61008186795089
"2378",292.75,0.95,1,0.590514557756878
"2379",293,0.95,1,0.503956245420673
"2380",278,0.975,1,0.930123771888749
"2381",278.25,0.975,1,0.934240150389824
"2382",278.5,0.975,1,0.938718722003119
"2383",278.75,0.975,1,0.943589687492443
"2384",279,0.975,1,0.948869864828602
"2385",279.25,0.975,1,0.95458974312681
"2386",279.5,0.975,1,0.960753227638501
"2387",279.75,0.975,1,0.967360358484163
"2388",280,0.975,1,0.974426042578619
"2389",280.25,0.975,1,0.981949215872155
"2390",280.5,0.975,1,0.989938455429763
"2391",280.75,0.975,1,0.998393964711623
"2392",281,0.975,1,1.00730970101049
"2393",281.25,0.975,1,1.01668983513131
"2394",281.5,0.975,1,1.02653878620209
"2395",281.75,0.975,1,1.03684684295756
"2396",282,0.975,1,1.04759157253506
"2397",282.25,0.975,1,1.05878437301727
"2398",282.5,0.975,1,1.07047066310381
"2399",282.75,0.975,1,1.08259246737871
"2400",283,0.975,1,1.09536486199566
"2401",283.25,0.975,1,1.10880864025319
"2402",283.5,0.975,1,1.12331811918845
"2403",283.75,0.975,1,1.13869018998352
"2404",284,0.975,1,1.15438589310821
"2405",284.25,0.975,1,1.16938369197283
"2406",284.5,0.975,1,1.18318039821808
"2407",284.75,0.975,1,1.19613118765405
"2408",285,0.975,1,1.20849986350049
"2409",285.25,0.975,1,1.22027285838635
"2410",285.5,0.975,1,1.23138464405187
"2411",285.75,0.975,1,1.24167407184967
"2412",286,0.975,1,1.25097840694702
"2413",286.25,0.975,1,1.25905627433523
"2414",286.5,0.975,1,1.26480707469312
"2415",286.75,0.975,1,1.26993485042152
"2416",287,0.975,1,1.27360511507457
"2417",287.25,0.975,1,1.27440990808506
"2418",287.5,0.975,1,1.2730198077251
"2419",287.75,0.975,1,1.2665975499563
"2420",288,0.975,1,1.26127989239686
"2421",288.25,0.975,1,1.25008539968212
"2422",288.5,0.975,1,1.23588646851016
"2423",288.75,0.975,1,1.21886785406256
"2424",289,0.975,1,1.1896678842799
"2425",289.25,0.975,1,1.1661341342284
"2426",289.5,0.975,1,1.13923442846954
"2427",289.75,0.975,1,1.10842805858153
"2428",290,0.975,1,1.07263998634516
"2429",290.25,0.975,1,1.02953092328038
"2430",290.5,0.975,1,1.00019565141169
"2431",290.75,0.975,1,0.963142594556502
"2432",291,0.975,1,0.916130202089325
"2433",291.25,0.975,1,0.853624758432491
"2434",291.5,0.975,1,0.806486309279381
"2435",291.75,0.975,1,0.741924635434201
"2436",292,0.975,1,0.700173363558451
"2437",292.25,0.975,1,0.640594748176548
"2438",292.5,0.975,1,0.608934305477338
"2439",292.75,0.975,1,0.557984171550651
"2440",293,0.975,1,0.484474882104251
"2441",278,1,1,0.927482093478613
"2442",278.25,1,1,0.931209249273365
"2443",278.5,1,1,0.935299086893743
"2444",278.75,1,1,0.939772751697749
"2445",279,1,1,0.944642336803979
"2446",279.25,1,1,0.949922039976793
"2447",279.5,1,1,0.955619868243084
"2448",279.75,1,1,0.961747069255896
"2449",280,1,1,0.968312871803949
"2450",280.25,1,1,0.975321057486091
"2451",280.5,1,1,0.98277494461131
"2452",280.75,1,1,0.990697916333748
"2453",281,1,1,0.99907445575107
"2454",281.25,1,1,1.00790394337453
"2455",281.5,1,1,1.017191649331
"2456",281.75,1,1,1.02695179518761
"2457",282,1,1,1.03714888899566
"2458",282.25,1,1,1.04780961725605
"2459",282.5,1,1,1.05905045269826
"2460",282.75,1,1,1.07080047244704
"2461",283,1,1,1.08400666936846
"2462",283.25,1,1,1.09699557160907
"2463",283.5,1,1,1.1115540560407
"2464",283.75,1,1,1.12611395563544
"2465",284,1,1,1.13990823430168
"2466",284.25,1,1,1.15305750337779
"2467",284.5,1,1,1.16575309429647
"2468",284.75,1,1,1.17790992969524
"2469",285,1,1,1.18978275752031
"2470",285.25,1,1,1.20132363050714
"2471",285.5,1,1,1.21242795595004
"2472",285.75,1,1,1.22302586581711
"2473",286,1,1,1.23304844097286
"2474",286.25,1,1,1.24229902859158
"2475",286.5,1,1,1.25011401131569
"2476",286.75,1,1,1.25578637444854
"2477",287,1,1,1.25807330886686
"2478",287.25,1,1,1.25790401332235
"2479",287.5,1,1,1.25203544850172
"2480",287.75,1,1,1.2492593633343
"2481",288,1,1,1.24015186224754
"2482",288.25,1,1,1.22901603477963
"2483",288.5,1,1,1.20751269248525
"2484",288.75,1,1,1.1931356287444
"2485",289,1,1,1.1761849220034
"2486",289.25,1,1,1.14560801119326
"2487",289.5,1,1,1.10739022302245
"2488",289.75,1,1,1.08152060842429
"2489",290,1,1,1.05092488558712
"2490",290.25,1,1,1.01481816079535
"2491",290.5,1,1,0.971589680482688
"2492",290.75,1,1,0.916848556077356
"2493",291,1,1,0.880060575531531
"2494",291.25,1,1,0.829537710135134
"2495",291.5,1,1,0.759104932526332
"2496",291.75,1,1,0.71026084417774
"2497",292,1,1,0.638117501938008
"2498",292.25,1,1,0.593567839131202
"2499",292.5,1,1,0.524818729190825
"2500",292.75,1,1,0.49078376246151
"2501",293,1,1,0.431547206516122
