"T","kappa","Y","Lambda"
"1",278,0,1,0
"2",278.25,0,1,0
"3",278.5,0,1,0
"4",278.75,0,1,0
"5",279,0,1,0
"6",279.25,0,1,0
"7",279.5,0,1,0
"8",279.75,0,1,0
"9",280,0,1,1.42144706499182e-13
"10",280.25,0,1,8.3866394246372e-14
"11",280.5,0,1,4.85249667477176e-14
"12",280.75,0,1,2.75066726939073e-14
"13",281,0,1,1.52600085336998e-14
"14",281.25,0,1,8.27626656476815e-15
"15",281.5,0,1,4.38293080808194e-15
"16",281.75,0,1,2.26359414817008e-15
"17",282,0,1,1.13855177647859e-15
"18",282.25,0,1,5.56934152272811e-16
"19",282.5,0,1,2.64536197614865e-16
"20",282.75,0,1,1.21810028145794e-16
"21",283,0,1,5.42791812945362e-17
"22",283.25,0,1,2.33623302966998e-17
"23",283.5,0,1,9.69286072106184e-18
"24",283.75,0,1,3.86807993807518e-18
"25",284,0,1,1.48125526246575e-18
"26",284.25,0,1,5.42951130323485e-19
"27",284.5,0,1,1.89980085613444e-19
"28",284.75,0,1,6.32701317149525e-20
"29",285,0,1,1.99920463931625e-20
"30",285.25,0,1,5.97304600857158e-21
"31",285.5,0,1,1.68113801498724e-21
"32",285.75,0,1,4.4394858366558e-22
"33",286,0,1,1.09518330587658e-22
"34",286.25,0,1,2.51190836973715e-23
"35",286.5,0,1,5.32889503203665e-24
"36",286.75,0,1,1.0397758261778e-24
"37",287,0,1,1.85454001745708e-25
"38",287.25,0,1,3.00333089607908e-26
"39",287.5,0,1,4.3836779417409e-27
"40",287.75,0,1,5.72038725886988e-28
"41",288,0,1,6.61456469388323e-29
"42",288.25,0,1,6.71141349375814e-30
"43",288.5,0,1,5.91108415127608e-31
"44",288.75,0,1,4.46555170009099e-32
"45",289,0,1,2.85557087375478e-33
"46",289.25,0,1,1.52316855111509e-34
"47",289.5,0,1,6.6671788751631e-36
"48",289.75,0,1,2.35164817019749e-37
"49",290,0,1,6.54944333804967e-39
"50",290.25,0,1,1.40782387977929e-40
"51",290.5,0,1,2.27655828668598e-42
"52",290.75,0,1,2.69082250625411e-44
"53",291,0,1,2.25026064353126e-46
"54",291.25,0,1,1.283287742298e-48
"55",291.5,0,1,4.78573165706836e-51
"56",291.75,0,1,1.11110302357054e-53
"57",292,0,1,1.52460224107381e-56
"58",292.25,0,1,1.15874464571661e-59
"59",292.5,0,1,4.52528267262792e-63
"60",292.75,0,1,8.4136936131848e-67
"61",293,0,1,6.69213906355441e-71
"62",278,0.025,1,0
"63",278.25,0.025,1,0
"64",278.5,0.025,1,0
"65",278.75,0.025,1,0
"66",279,0.025,1,0
"67",279.25,0.025,1,0
"68",279.5,0.025,1,0
"69",279.75,0.025,1,0
"70",280,0.025,1,0
"71",280.25,0.025,1,0
"72",280.5,0.025,1,0
"73",280.75,0.025,1,0
"74",281,0.025,1,0
"75",281.25,0.025,1,0
"76",281.5,0.025,1,0
"77",281.75,0.025,1,0
"78",282,0.025,1,0
"79",282.25,0.025,1,0
"80",282.5,0.025,1,0
"81",282.75,0.025,1,0
"82",283,0.025,1,0
"83",283.25,0.025,1,0
"84",283.5,0.025,1,0
"85",283.75,0.025,1,0
"86",284,0.025,1,0
"87",284.25,0.025,1,0
"88",284.5,0.025,1,0
"89",284.75,0.025,1,0
"90",285,0.025,1,0
"91",285.25,0.025,1,0
"92",285.5,0.025,1,0
"93",285.75,0.025,1,0
"94",286,0.025,1,0
"95",286.25,0.025,1,0
"96",286.5,0.025,1,0
"97",286.75,0.025,1,0
"98",287,0.025,1,0
"99",287.25,0.025,1,0
"100",287.5,0.025,1,0
"101",287.75,0.025,1,0
"102",288,0.025,1,0
"103",288.25,0.025,1,0
"104",288.5,0.025,1,0
"105",288.75,0.025,1,0
"106",289,0.025,1,0
"107",289.25,0.025,1,0
"108",289.5,0.025,1,0
"109",289.75,0.025,1,0
"110",290,0.025,1,1.52049246759858e-13
"111",290.25,0.025,1,7.40694343491773e-14
"112",290.5,0.025,1,3.4384266543767e-14
"113",290.75,0.025,1,1.51559127988469e-14
"114",291,0.025,1,6.31846207396596e-15
"115",291.25,0.025,1,2.48090169416298e-15
"116",291.5,0.025,1,9.13231278466347e-16
"117",291.75,0.025,1,3.13583953716096e-16
"118",292,0.025,1,9.99001163002649e-17
"119",292.25,0.025,1,2.93521890187265e-17
"120",292.5,0.025,1,7.9025011896672e-18
"121",292.75,0.025,1,1.93581378888084e-18
"122",293,0.025,1,4.28126685080146e-19
"123",278,0.05,1,0.119763170861151
"124",278.25,0.05,1,0.115329477215038
"125",278.5,0.05,1,0.110993167707986
"126",278.75,0.05,1,0.106754797821916
"127",279,0.05,1,0.102614822150136
"128",279.25,0.05,1,0.0985735938060774
"129",279.5,0.05,1,0.0946313640498084
"130",279.75,0.05,1,0.0907882821362019
"131",280,0.05,1,0.0870443953878869
"132",280.25,0.05,1,0.0833996494954203
"133",280.5,0.05,1,0.0798538890462797
"134",280.75,0.05,1,0.0764068582835247
"135",281,0.05,1,0.0730582020940769
"136",281.25,0.05,1,0.0698074672257906
"137",281.5,0.05,1,0.0666541037315746
"138",281.75,0.05,1,0.0635974666379539
"139",282,0.05,1,0.0606368178345635
"140",282.25,0.05,1,0.0577713281802059
"141",282.5,0.05,1,0.0550000798201749
"142",282.75,0.05,1,0.0523220687086771
"143",283,0.05,1,0.0497362073292992
"144",283.25,0.05,1,0.0472413276056051
"145",283.5,0.05,1,0.0448361839930997
"146",283.75,0.05,1,0.0425194567429765
"147",284,0.05,1,0.0402897553272738
"148",284.25,0.05,1,0.0381456220143094
"149",284.5,0.05,1,0.0360855355825515
"150",284.75,0.05,1,0.0341079151604169
"151",285,0.05,1,0.0322111241788782
"152",285.25,0.05,1,0
"153",285.5,0.05,1,0
"154",285.75,0.05,1,0
"155",286,0.05,1,0
"156",286.25,0.05,1,0
"157",286.5,0.05,1,0
"158",286.75,0.05,1,0
"159",287,0.05,1,0
"160",287.25,0.05,1,0
"161",287.5,0.05,1,0
"162",287.75,0.05,1,0
"163",288,0.05,1,0
"164",288.25,0.05,1,0
"165",288.5,0.05,1,0
"166",288.75,0.05,1,0
"167",289,0.05,1,0
"168",289.25,0.05,1,0
"169",289.5,0.05,1,0
"170",289.75,0.05,1,0
"171",290,0.05,1,0
"172",290.25,0.05,1,0
"173",290.5,0.05,1,0
"174",290.75,0.05,1,0
"175",291,0.05,1,0
"176",291.25,0.05,1,0
"177",291.5,0.05,1,0
"178",291.75,0.05,1,0
"179",292,0.05,1,0
"180",292.25,0.05,1,0
"181",292.5,0.05,1,0
"182",292.75,0.05,1,0
"183",293,0.05,1,7.65868995908548e-14
"184",278,0.075,1,0.11974514912658
"185",278.25,0.075,1,0.115311756696126
"186",278.5,0.075,1,0.110975760878905
"187",278.75,0.075,1,0.106737716954776
"188",279,0.075,1,0.102598079278976
"189",279.25,0.075,1,0.0985572006881458
"190",279.5,0.075,1,0.0946153321240081
"191",279.75,0.075,1,0.0907726224785934
"192",280,0.075,1,0.0870291186642134
"193",280.25,0.075,1,0.0833847659106404
"194",280.5,0.075,1,0.079839408291181
"195",280.75,0.075,1,0.0763927894785415
"196",281,0.075,1,0.0730445537305682
"197",281.25,0.075,1,0.0697942471051037
"198",281.5,0.075,1,0.0666413189023532
"199",281.75,0.075,1,0.0635851233322814
"200",282,0.075,1,0.0606249214036846
"201",282.25,0.075,1,0.0577598830306936
"202",282.5,0.075,1,0.0549890893515736
"203",282.75,0.075,1,0.0523115352537897
"204",283,0.075,1,0.0497261320984204
"205",283.25,0.075,1,0.0472317106361094
"206",283.5,0.075,1,0.0448270241058782
"207",283.75,0.075,1,0.0425107515072555
"208",284,0.075,1,0.0402815010353439
"209",284.25,0.075,1,0.0381378136676338
"210",284.5,0.075,1,0.0360781668905961
"211",284.75,0.075,1,0.0341009785533562
"212",285,0.075,1,0.032204610835072
"213",285.25,0.075,1,0.0303873743120245
"214",285.5,0.075,1,0.0286475321098906
"215",285.75,0.075,1,0.0269833041262077
"216",286,0.075,1,0.0253928713076826
"217",286.25,0.075,1,0.023874379966732
"218",286.5,0.075,1,0.0224259461214933
"219",286.75,0.075,1,0.0210456598435043
"220",287,0.075,1,0.0197315895973209
"221",287.25,0.075,1,0.0184817865565294
"222",287.5,0.075,1,0.017294288880898
"223",287.75,0.075,1,0.0161671259397912
"224",288,0.075,1,0.0150983224674976
"225",288.25,0.075,1,0.0140859026365019
"226",288.5,0.075,1,0.0131278940356812
"227",288.75,0.075,1,0.0122223315406592
"228",289,0.075,1,0.0113672610645935
"229",289.25,0.075,1,0
"230",289.5,0.075,1,0
"231",289.75,0.075,1,0
"232",290,0.075,1,0
"233",290.25,0.075,1,0
"234",290.5,0.075,1,0
"235",290.75,0.075,1,0
"236",291,0.075,1,0
"237",291.25,0.075,1,0
"238",291.5,0.075,1,0
"239",291.75,0.075,1,0
"240",292,0.075,1,0
"241",292.25,0.075,1,0
"242",292.5,0.075,1,0
"243",292.75,0.075,1,0
"244",293,0.075,1,0
"245",278,0.1,1,0.119723559512829
"246",278.25,0.1,1,0.11529044255026
"247",278.5,0.1,1,0.110954739496478
"248",278.75,0.1,1,0.106717005757336
"249",279,0.1,1,0.102577695775322
"250",279.25,0.1,1,0.0985371624294443
"251",279.5,0.1,1,0.0945956566521918
"252",279.75,0.1,1,0.0907533272674788
"253",280,0.1,1,0.0870102210528213
"254",280.25,0.1,1,0.0833662830282746
"255",280.5,0.1,1,0.0798213569739244
"256",280.75,0.1,1,0.0763751861769674
"257",281,0.1,1,0.073027414408642
"258",281.25,0.1,1,0.0697775871304724
"259",281.5,0.1,1,0.066625152928479
"260",281.75,0.1,1,0.0635694651731886
"261",282,0.1,1,0.0606097839024158
"262",282.25,0.1,1,0.0577452779229871
"263",282.5,0.1,1,0.0549750271266257
"264",282.75,0.1,1,0.0522980250144144
"265",283,0.1,1,0.0497131814233033
"266",283.25,0.1,1,0.0472193254472306
"267",283.5,0.1,1,0.0448152085444938
"268",283.75,0.1,1,0.0424995078220628
"269",284,0.1,1,0.0402708294865826
"270",284.25,0.1,1,0.0381277124508615
"271",284.5,0.1,1,0.0360686320837109
"272",284.75,0.1,1,0.0340920040900925
"273",285,0.1,1,0.0321961885076731
"274",285.25,0.1,1,0.0303794938050921
"275",285.5,0.1,1,0.0286401810665477
"276",285.75,0.1,1,0.026976468246724
"277",286,0.1,1,0.0253865344796292
"278",286.25,0.1,1,0.0238685244246274
"279",286.5,0.1,1,0.0224205526328205
"280",286.75,0.1,1,0.021040707916993
"281",287,0.1,1,0.0197270577085599
"282",287.25,0.1,1,0.0184776523853472
"283",287.5,0.1,1,0.0172905295545767
"284",287.75,0.1,1,0.0161637182760794
"285",288,0.1,1,0.0150952432115149
"286",288.25,0.1,1,0.014083128686181
"287",288.5,0.1,1,0.0131254026508399
"288",288.75,0.1,1,0.012220100531832
"289",289,0.1,1,0.0113652689585772
"290",289.25,0.1,1,0.0105589693583664
"291",289.5,0.1,1,0.00979928140911388
"292",289.75,0.1,1,0.00908430634147761
"293",290,0.1,1,0.00841217008246066
"294",290.25,0.1,1,0.00778102623334187
"295",290.5,0.1,1,0.00718905887535396
"296",290.75,0.1,1,0.00663448519749045
"297",291,0.1,1,0.00611555794124017
"298",291.25,0.1,1,0
"299",291.5,0.1,1,0
"300",291.75,0.1,1,0
"301",292,0.1,1,0
"302",292.25,0.1,1,0
"303",292.5,0.1,1,0
"304",292.75,0.1,1,0
"305",293,0.1,1,0
"306",278,0.125,1,0.119697152124869
"307",278.25,0.125,1,0.115264247322601
"308",278.5,0.125,1,0.110928779592548
"309",278.75,0.125,1,0.10669130507086
"310",279,0.125,1,0.102552278907718
"311",279.25,0.125,1,0.0985120546563064
"312",279.5,0.125,1,0.0945708838772284
"313",279.75,0.125,1,0.0907289159621853
"314",280,0.125,1,0.0869861981801705
"315",280.25,0.125,1,0.0833426759487197
"316",280.5,0.125,1,0.0797981933321338
"317",280.75,0.125,1,0.0763524937678643
"318",281,0.125,1,0.0730052210216067
"319",281.25,0.125,1,0.0697559203709731
"320",281.5,0.125,1,0.0666040400168582
"321",281.75,0.125,1,0.0635489327210174
"322",282,0.125,1,0.06058985766756
"323",282.25,0.125,1,0.0577259825453973
"324",282.5,0.125,1,0.054956385847923
"325",282.75,0.125,1,0.0522800593853371
"326",283,0.125,1,0.0496959110042358
"327",283.25,0.125,1,0.0472027675081127
"328",283.5,0.125,1,0.0447993777714227
"329",283.75,0.125,1,0.0424844160387547
"330",284,0.125,1,0.0402564853994778
"331",284.25,0.125,1,0.0381141214269529
"332",284.5,0.125,1,0.0360557959700801
"333",284.75,0.125,1,0.0340799210835914
"334",285,0.125,1,0.0321848530821547
"335",285.25,0.125,1,0.0303688967020829
"336",285.5,0.125,1,0.0286303093532608
"337",285.75,0.125,1,0.0269673054430395
"338",286,0.125,1,0.0253780607529875
"339",286.25,0.125,1,0.0238607168491431
"340",286.5,0.125,1,0.0224133855062623
"341",286.75,0.125,1,0.0210341531268749
"342",287,0.125,1,0.0197210851365923
"343",287.25,0.125,1,0.0184722303380459
"344",287.5,0.125,1,0.0172856252070133
"345",287.75,0.125,1,0.0161592981156376
"346",288,0.125,1,0.015091273469074
"347",288.25,0.125,1,0.0140795757433251
"348",288.5,0.125,1,0.0131222334133731
"349",288.75,0.125,1,0.012217282761931
"350",289,0.125,1,0.0113627715601682
"351",289.25,0.125,1,0.0105567626126154
"352",289.5,0.125,1,0.00979733715911914
"353",289.75,0.125,1,0.00908259812722977
"354",290,0.125,1,0.00841067322880497
"355",290.25,0.125,1,0.00777971789494499
"356",290.5,0.125,1,0.00718791804368741
"357",290.75,0.125,1,0.00663349267522866
"358",291,0.125,1,0.00611469628983555
"359",291.25,0.125,1,0.00562982112409198
"360",291.5,0.125,1,0.00517719920170417
"361",291.75,0.125,1,0.00475520419576708
"362",292,0.125,1,0.00436225310016883
"363",292.25,0.125,1,0.00399680770866521
"364",292.5,0.125,1,0
"365",292.75,0.125,1,0
"366",293,0.125,1,0
"367",278,0.15,1,0.333491585116703
"368",278.25,0.15,1,0.329816804473424
"369",278.5,0.15,1,0.32609104023732
"370",278.75,0.15,1,0.322311919165996
"371",279,0.15,1,0.318476632731474
"372",279.25,0.15,1,0.314581838394584
"373",279.5,0.15,1,0.310623540192863
"374",279.75,0.15,1,0.30659694450787
"375",280,0.15,1,0.302496286097286
"376",280.25,0.15,1,0.29831461860262
"377",280.5,0.15,1,0.294043562808814
"378",280.75,0.15,1,0.289673005013119
"379",281,0.15,1,0.285190737103694
"380",281.25,0.15,1,0.280582029614793
"381",281.5,0.15,1,0.275829129559853
"382",281.75,0.15,1,0.270910676973508
"383",282,0.15,1,0.0605627031155738
"384",282.25,0.15,1,0.0576995698305097
"385",282.5,0.15,1,0.0549307611891826
"386",282.75,0.15,1,0.0522552672595279
"387",283,0.15,1,0.0496719935297497
"388",283.25,0.15,1,0.0471797638045586
"389",283.5,0.15,1,0.0447773233102591
"390",283.75,0.15,1,0.0424633420028536
"391",284,0.15,1,0.0402364180718712
"392",284.25,0.15,1,0.0380950816304992
"393",284.5,0.15,1,0.0360377985802983
"394",284.75,0.15,1,0.0340629746363683
"395",285,0.15,1,0.032168959496072
"396",285.25,0.15,1,0.0303540511317883
"397",285.5,0.15,1,0.0286165001858714
"398",285.75,0.15,1,0.0269545144437885
"399",286,0.15,1,0.0253662633600659
"400",286.25,0.15,1,0.0238498826108193
"401",286.5,0.15,1,0.0224034786468112
"402",286.75,0.15,1,0.0210251332218346
"403",287,0.15,1,0.0197129078729805
"404",287.25,0.15,1,0.0184648483317049
"405",287.5,0.15,1,0.0172789888476309
"406",287.75,0.15,1,0.0161533564099528
"407",288,0.15,1,0.0150859748546698
"408",288.25,0.15,1,0.0140748688486622
"409",288.5,0.15,1,0.0131180677441587
"410",288.75,0.15,1,0.0122136092990673
"411",289,0.15,1,0.0113595432599622
"412",289.25,0.15,1,0.0105539348052353
"413",289.5,0.15,1,0.00979486784610472
"414",289.75,0.15,1,0.009080448182948
"415",290,0.15,1,0.00840880651392915
"416",290.25,0.15,1,0.00777810129227073
"417",290.5,0.15,1,0.00718652142790869
"418",290.75,0.15,1,0.00663228882877778
"419",291,0.15,1,0.0061136607766806
"420",291.25,0.15,1,0.00562893213264285
"421",291.5,0.15,1,0.00517643736686569
"422",291.75,0.15,1,0.00475455240884446
"423",292,0.15,1,0.00436169631390427
"424",292.25,0.15,1,0.00399633274326741
"425",292.5,0.15,1,0.00365697125577132
"426",292.75,0.15,1,0.00334216841045287
"427",293,0.15,1,0.00305052868036301
"428",278,0.175,1,0.449178704804711
"429",278.25,0.175,1,0.444629445062945
"430",278.5,0.175,1,0.44005242171065
"431",278.75,0.175,1,0.435449238045887
"432",279,0.175,1,0.430821449348625
"433",279.25,0.175,1,0.426170528818987
"434",279.5,0.175,1,0.421497827283762
"435",279.75,0.175,1,0.316734012808171
"436",280,0.175,1,0.312856997811125
"437",280.25,0.175,1,0.308966071635133
"438",280.5,0.175,1,0.305061965693338
"439",280.75,0.175,1,0.301145021306057
"440",281,0.175,1,0.297215075680962
"441",281.25,0.175,1,0.293271319951015
"442",281.5,0.175,1,0.289312121193905
"443",281.75,0.175,1,0.285334797658162
"444",282,0.175,1,0.281335332781275
"445",282.25,0.175,1,0.277308008687878
"446",282.5,0.175,1,0.273244933399029
"447",282.75,0.175,1,0.269135427504518
"448",283,0.175,1,0.264965225367703
"449",283.25,0.175,1,0.260715432976841
"450",283.5,0.175,1,0.256361170120174
"451",283.75,0.175,1,0.251869811002128
"452",284,0.175,1,0.247198730302362
"453",284.25,0.175,1,0.242292472498982
"454",284.5,0.175,1,0.237079312859125
"455",284.75,0.175,1,0.231467307185385
"456",285,0.175,1,0.225340195884596
"457",285.25,0.175,1,0.218554023096204
"458",285.5,0.175,1,0.0285962969560128
"459",285.75,0.175,1,0.026935845333179
"460",286,0.175,1,0.0253490981478202
"461",286.25,0.175,1,0.0238341795087546
"462",286.5,0.175,1,0.022389185367363
"463",286.75,0.175,1,0.0210121882961501
"464",287,0.175,1,0.0197012421609776
"465",287.25,0.175,1,0.0184543866576962
"466",287.5,0.175,1,0.0172696516915021
"467",287.75,0.175,1,0.0161450615853933
"468",288,0.175,1,0.0150786391116279
"469",288.25,0.175,1,0.0140684093467769
"470",288.5,0.175,1,0.0131124033558561
"471",288.75,0.175,1,0.0122086617144325
"472",289,0.175,1,0.0113552378787323
"473",289.25,0.175,1,0.0105502014137558
"474",289.5,0.175,1,0.00979164108765048
"475",289.75,0.175,1,0.00907766783812395
"476",290,0.175,1,0.00840641761368725
"477",290.25,0.175,1,0.00777605408946964
"478",290.5,0.175,1,0.00718477125456935
"479",290.75,0.175,1,0.00663079586563496
"480",291,0.175,1,0.00611238975974435
"481",291.25,0.175,1,0.00562785201870848
"482",291.5,0.175,1,0.00517552097664714
"483",291.75,0.175,1,0.00475377606298649
"484",292,0.175,1,0.00436103947380692
"485",292.25,0.175,1,0.00399577766560635
"486",292.5,0.175,1,0.00365650266692446
"487",292.75,0.175,1,0.00334177320479528
"488",293,0.175,1,0.00305019564457168
"489",278,0.2,1,0.495757698809872
"490",278.25,0.2,1,0.490877893601053
"491",278.5,0.2,1,0.485986997655768
"492",278.75,0.2,1,0.48108762343455
"493",279,0.2,1,0.476182341994544
"494",279.25,0.2,1,0.471273648112325
"495",279.5,0.2,1,0.466363919612616
"496",279.75,0.2,1,0.461455370540298
"497",280,0.2,1,0.456549997965611
"498",280.25,0.2,1,0.451649522421282
"499",280.5,0.2,1,0.446755322238271
"500",280.75,0.2,1,0.392477943702011
"501",281,0.2,1,0.387802050946623
"502",281.25,0.2,1,0.383148816628492
"503",281.5,0.2,1,0.378519657099526
"504",281.75,0.2,1,0.373915402745191
"505",282,0.2,1,0.369336197224748
"506",282.25,0.2,1,0.364781390335199
"507",282.5,0.2,1,0.360249423565253
"508",282.75,0.2,1,0.35573770565287
"509",283,0.2,1,0.351242472434181
"510",283.25,0.2,1,0.346758620339896
"511",283.5,0.2,1,0.342279495147048
"512",283.75,0.2,1,0.337796605731197
"513",284,0.2,1,0.33329921475554
"514",284.25,0.2,1,0.244825079688329
"515",284.5,0.2,1,0.241197095283566
"516",284.75,0.2,1,0.237531556543435
"517",285,0.2,1,0.233799641677258
"518",285.25,0.2,1,0.229961198938622
"519",285.5,0.2,1,0.225959909096311
"520",285.75,0.2,1,0.22171643566583
"521",286,0.2,1,0.217119073158577
"522",286.25,0.2,1,0.212011748028003
"523",286.5,0.2,1,0.20618028653493
"524",286.75,0.2,1,0.199340299400187
"525",287,0.2,1,0.0196838083306458
"526",287.25,0.2,1,0.0184388758301894
"527",287.5,0.2,1,0.0172559275051802
"528",287.75,0.2,1,0.0161329826365423
"529",288,0.2,1,0.0150680622696505
"530",288.25,0.2,1,0.0140591927387683
"531",288.5,0.2,1,0.0131044089342887
"532",288.75,0.2,1,0.0122017573570927
"533",289,0.2,1,0.0113492990040516
"534",289.25,0.2,1,0.0105451121238993
"535",289.5,0.2,1,0.00978729487504129
"536",289.75,0.2,1,0.00907396790749093
"537",290,0.2,1,0.00840327688108179
"538",290.25,0.2,1,0.00777339492326597
"539",290.5,0.2,1,0.00718252502194186
"540",290.75,0.2,1,0.00662890234294995
"541",291,0.2,1,0.00611079645794974
"542",291.25,0.2,1,0.00562651346631065
"543",291.5,0.2,1,0.00517439799415217
"544",291.75,0.2,1,0.0047528350544215
"545",292,0.2,1,0.00436025175355628
"546",292.25,0.2,1,0.00399511883252442
"547",292.5,0.2,1,0.00365595203258843
"548",292.75,0.2,1,0.00334131327879707
"549",293,0.2,1,0.0030498116768043
"550",278,0.225,1,0.522218473817951
"551",278.25,0.225,1,0.517293105776802
"552",278.5,0.225,1,0.5123764357219
"553",278.75,0.225,1,0.507472535006585
"554",279,0.225,1,0.502585453742034
"555",279.25,0.225,1,0.497719149644345
"556",279.5,0.225,1,0.492877401246406
"557",279.75,0.225,1,0.488063704194015
"558",280,0.225,1,0.483281149735288
"559",280.25,0.225,1,0.478532285095376
"560",280.5,0.225,1,0.473818956244735
"561",280.75,0.225,1,0.469142134657192
"562",281,0.225,1,0.464501731047291
"563",281.25,0.225,1,0.459896400796807
"564",281.5,0.225,1,0.455323347828726
"565",281.75,0.225,1,0.450778136032182
"566",282,0.225,1,0.44625451983674
"567",282.25,0.225,1,0.40245806435077
"568",282.5,0.225,1,0.398077195427273
"569",282.75,0.225,1,0.393742808604681
"570",283,0.225,1,0.389446915888178
"571",283.25,0.225,1,0.385179596776698
"572",283.5,0.225,1,0.380929057583107
"573",283.75,0.225,1,0.376681774694008
"574",284,0.225,1,0.372422726046851
"575",284.25,0.225,1,0.368135706560958
"576",284.5,0.225,1,0.317063049226433
"577",284.75,0.225,1,0.31326727793036
"578",285,0.225,1,0.309457724813033
"579",285.25,0.225,1,0.305616818293694
"580",285.5,0.225,1,0.301725359511772
"581",285.75,0.225,1,0.297761701836674
"582",286,0.225,1,0.293700033496791
"583",286.25,0.225,1,0.213140039569681
"584",286.5,0.225,1,0.209876858683981
"585",286.75,0.225,1,0.206418713254421
"586",287,0.225,1,0.202652160399992
"587",287.25,0.225,1,0.198402306600112
"588",287.5,0.225,1,0.193403022036156
"589",287.75,0.225,1,0.187263461693589
"590",288,0.225,1,0.179446513212319
"591",288.25,0.225,1,0.0140454459062419
"592",288.5,0.225,1,0.013092639864569
"593",288.75,0.225,1,0.0121917291339502
"594",289,0.225,1,0.0113407912569316
"595",289.25,0.225,1,0.010537922895028
"596",289.5,0.225,1,0.00978124153379941
"597",289.75,0.225,1,0.00906888726903337
"598",290,0.225,1,0.00839902469705946
"599",290.25,0.225,1,0.00776984490838721
"600",290.5,0.225,1,0.00717956756567262
"601",290.75,0.225,1,0.00662644303448837
"602",291,0.225,1,0.0061087545289207
"603",291.25,0.225,1,0.00562482023168056
"604",291.5,0.225,1,0.00517299534980893
"605",291.75,0.225,1,0.00475167407074452
"606",292,0.225,1,0.00435929138861035
"607",292.25,0.225,1,0.00399432477626657
"608",292.5,0.225,1,0.00365529568440359
"609",292.75,0.225,1,0.00334077085433279
"610",293,0.225,1,0.00304936343595697
"611",278,0.25,1,0.597172053672584
"612",278.25,0.25,1,0.592882240961896
"613",278.5,0.25,1,0.588623062240787
"614",278.75,0.25,1,0.58439952826976
"615",279,0.25,1,0.550165254453252
"616",279.25,0.25,1,0.545748381418669
"617",279.5,0.25,1,0.541397691933687
"618",279.75,0.25,1,0.537119128453055
"619",280,0.25,1,0.532917718466343
"620",280.25,0.25,1,0.528797243067744
"621",280.5,0.25,1,0.524759861153652
"622",280.75,0.25,1,0.520805691199657
"623",281,0.25,1,0.516932355289362
"624",281.25,0.25,1,0.513134493450905
"625",281.5,0.25,1,0.509403261039562
"626",281.75,0.25,1,0.50572582697564
"627",282,0.25,1,0.466391343233999
"628",282.25,0.25,1,0.462809783748163
"629",282.5,0.25,1,0.459295390967333
"630",282.75,0.25,1,0.455824310441938
"631",283,0.25,1,0.452367203009226
"632",283.25,0.25,1,0.448889238979233
"633",283.5,0.25,1,0.407007663125744
"634",283.75,0.25,1,0.40370580252793
"635",284,0.25,1,0.400371907866113
"636",284.25,0.25,1,0.39696455497904
"637",284.5,0.25,1,0.393440091802957
"638",284.75,0.25,1,0.348958796729571
"639",285,0.25,1,0.345788717457841
"640",285.25,0.25,1,0.342517608184385
"641",285.5,0.25,1,0.339111445149709
"642",285.75,0.25,1,0.335539348848736
"643",286,0.25,1,0.285911051200599
"644",286.25,0.25,1,0.282898166429672
"645",286.5,0.25,1,0.279748576938294
"646",286.75,0.25,1,0.276439950494202
"647",287,0.25,1,0.272949444047733
"648",287.25,0.25,1,0.196594830603745
"649",287.5,0.25,1,0.19383427497041
"650",287.75,0.25,1,0.190818278207524
"651",288,0.25,1,0.187395970957628
"652",288.25,0.25,1,0.183310154133931
"653",288.5,0.25,1,0.178136308564632
"654",288.75,0.25,1,0.171220840607121
"655",289,0.25,1,0.0113280644644214
"656",289.25,0.25,1,0.0105273469149771
"657",289.5,0.25,1,0.00977248496504064
"658",289.75,0.25,1,0.00906166006342948
"659",290,0.25,1,0.00839307585394773
"660",290.25,0.25,1,0.00776495937717332
"661",290.5,0.25,1,0.00717556270843018
"662",290.75,0.25,1,0.00662316492746752
"663",291,0.25,1,0.00610607431023091
"664",291.25,0.25,1,0.00562263063839079
"665",291.5,0.25,1,0.00517120753381949
"666",291.75,0.25,1,0.00475021474061468
"667",292,0.25,1,0.00435810029303278
"668",292.25,0.25,1,0.00399335252296723
"669",292.5,0.25,1,0.00365450187410919
"670",292.75,0.25,1,0.00334012250133471
"671",293,0.25,1,0.00304883364309839
"672",278,0.275,1,0.621202331872131
"673",278.25,0.275,1,0.617053277905855
"674",278.5,0.275,1,0.61299504525458
"675",278.75,0.275,1,0.609035833272467
"676",279,0.275,1,0.605188335894223
"677",279.25,0.275,1,0.601462731994351
"678",279.5,0.275,1,0.597867926538103
"679",279.75,0.275,1,0.594409059708056
"680",280,0.275,1,0.591094999147715
"681",280.25,0.275,1,0.587923652756191
"682",280.5,0.275,1,0.584893315225099
"683",280.75,0.275,1,0.553094097800276
"684",281,0.275,1,0.550286574548166
"685",281.25,0.275,1,0.547651666778798
"686",281.5,0.275,1,0.545179995129822
"687",281.75,0.275,1,0.542851336484176
"688",282,0.275,1,0.540633411134687
"689",282.25,0.275,1,0.50582176005463
"690",282.5,0.275,1,0.503907796433756
"691",282.75,0.275,1,0.502091872049965
"692",283,0.275,1,0.500300743810144
"693",283.25,0.275,1,0.498474099206922
"694",283.5,0.275,1,0.460482174073876
"695",283.75,0.275,1,0.45887282919321
"696",284,0.275,1,0.45738593982481
"697",284.25,0.275,1,0.455701710982199
"698",284.5,0.275,1,0.414936213321592
"699",284.75,0.275,1,0.41349426921154
"700",285,0.275,1,0.411721056393336
"701",285.25,0.275,1,0.369250995326847
"702",285.5,0.275,1,0.367482831043448
"703",285.75,0.275,1,0.365312970260011
"704",286,0.275,1,0.362667047538128
"705",286.25,0.275,1,0.318462269077946
"706",286.5,0.275,1,0.316123607029426
"707",286.75,0.275,1,0.313391584698491
"708",287,0.275,1,0.31024676833919
"709",287.25,0.275,1,0.262459646731232
"710",287.5,0.275,1,0.259908329906132
"711",287.75,0.275,1,0.257046609168378
"712",288,0.275,1,0.253865614303519
"713",288.25,0.275,1,0.181655622538612
"714",288.5,0.275,1,0.179094931847231
"715",288.75,0.275,1,0.176076219978038
"716",289,0.275,1,0.172295888424565
"717",289.25,0.275,1,0.167205041963937
"718",289.5,0.275,1,0.159908112383926
"719",289.75,0.275,1,0.00905095635735535
"720",290,0.275,1,0.00838443760634563
"721",290.25,0.275,1,0.00775800131587432
"722",290.5,0.275,1,0.00716996590739913
"723",290.75,0.275,1,0.00661866735750275
"724",291,0.275,1,0.00610246205161711
"725",291.25,0.275,1,0.00561972997087388
"726",291.5,0.275,1,0.00516887799452698
"727",291.75,0.275,1,0.00474834315340433
"728",292,0.275,1,0.00435659571641447
"729",292.25,0.275,1,0.00399214203178328
"730",292.5,0.275,1,0.00365352707541731
"731",292.75,0.275,1,0.00333933668209185
"732",293,0.275,1,0.0030481994518143
"733",278,0.3,1,0.667046469031714
"734",278.25,0.3,1,0.663532315348665
"735",278.5,0.3,1,0.660168274340049
"736",278.75,0.3,1,0.656966173188451
"737",279,0.3,1,0.65393606525399
"738",279.25,0.3,1,0.651085634274169
"739",279.5,0.3,1,0.625705939261803
"740",279.75,0.3,1,0.623167646570804
"741",280,0.3,1,0.620868073865435
"742",280.25,0.3,1,0.618805058114044
"743",280.5,0.3,1,0.616972762232499
"744",280.75,0.3,1,0.615356493440455
"745",281,0.3,1,0.588683407212408
"746",281.25,0.3,1,0.587611847659873
"747",281.5,0.3,1,0.586763607513014
"748",281.75,0.3,1,0.586102764785263
"749",282,0.3,1,0.58557629234953
"750",282.25,0.3,1,0.558054031826048
"751",282.5,0.3,1,0.558086718525549
"752",282.75,0.3,1,0.558182475176821
"753",283,0.3,1,0.52887942221305
"754",283.25,0.3,1,0.529412349381969
"755",283.5,0.3,1,0.529887625024966
"756",283.75,0.3,1,0.49829985160623
"757",284,0.3,1,0.499044935969643
"758",284.25,0.3,1,0.499548044857206
"759",284.5,0.3,1,0.464944296889659
"760",284.75,0.3,1,0.465539498974383
"761",285,0.3,1,0.42676168764473
"762",285.25,0.3,1,0.427353430828624
"763",285.5,0.3,1,0.427490166892675
"764",285.75,0.3,1,0.386023235344344
"765",286,0.3,1,0.386761327814942
"766",286.25,0.3,1,0.386551763412187
"767",286.5,0.3,1,0.344493136963426
"768",286.75,0.3,1,0.343706733646969
"769",287,0.3,1,0.341957473829878
"770",287.25,0.3,1,0.298042312923786
"771",287.5,0.3,1,0.296328442287918
"772",287.75,0.3,1,0.293906723000566
"773",288,0.3,1,0.246876980383658
"774",288.25,0.3,1,0.244917821244363
"775",288.5,0.3,1,0.242480066939831
"776",288.75,0.3,1,0.239584814957032
"777",289,0.3,1,0.170532179311923
"778",289.25,0.3,1,0.168151891569991
"779",289.5,0.3,1,0.165129351829322
"780",289.75,0.3,1,0.160988427975716
"781",290,0.3,1,0.1548416958083
"782",290.25,0.3,1,0.00774769571672654
"783",290.5,0.3,1,0.00716185953378916
"784",290.75,0.3,1,0.00661229229553729
"785",291,0.3,1,0.00609744727070275
"786",291.25,0.3,1,0.00561578262117787
"787",291.5,0.3,1,0.00516576775495043
"788",291.75,0.3,1,0.00474588935400244
"789",292,0.3,1,0.00435465688785812
"790",292.25,0.3,1,0.00399060751722543
"791",292.5,0.3,1,0.00365231035674173
"792",292.75,0.3,1,0.00333837010693158
"793",293,0.3,1,0.00304743008977834
"794",278,0.325,1,0.689360233355721
"795",278.25,0.325,1,0.686523853268692
"796",278.5,0.325,1,0.683914504887633
"797",278.75,0.325,1,0.681543567322251
"798",279,0.325,1,0.679419312416963
"799",279.25,0.325,1,0.677546063650745
"800",279.5,0.325,1,0.675922981037209
"801",279.75,0.325,1,0.654829742865125
"802",280,0.325,1,0.653832737271569
"803",280.25,0.325,1,0.653119060315309
"804",280.5,0.325,1,0.652667224615944
"805",280.75,0.325,1,0.652446357868703
"806",281,0.325,1,0.631826695967163
"807",281.25,0.325,1,0.63231874733914
"808",281.5,0.325,1,0.63299564699312
"809",281.75,0.325,1,0.612189870431174
"810",282,0.325,1,0.613493835314186
"811",282.25,0.325,1,0.614880784811155
"812",282.5,0.325,1,0.593746973954863
"813",282.75,0.325,1,0.595594201474972
"814",283,0.325,1,0.573405859803916
"815",283.25,0.325,1,0.575557492866856
"816",283.5,0.325,1,0.577564732342882
"817",283.75,0.325,1,0.554285524878668
"818",284,0.325,1,0.556385305914867
"819",284.25,0.325,1,0.531216041761002
"820",284.5,0.325,1,0.533271552120317
"821",284.75,0.325,1,0.505699046734911
"822",285,0.325,1,0.507587935958315
"823",285.25,0.325,1,0.476939688223227
"824",285.5,0.325,1,0.478559512703546
"825",285.75,0.325,1,0.444003922870996
"826",286,0.325,1,0.445343915388194
"827",286.25,0.325,1,0.406208967281897
"828",286.5,0.325,1,0.407155771933904
"829",286.75,0.325,1,0.365202913393903
"830",287,0.325,1,0.367590094508069
"831",287.25,0.325,1,0.326013839233627
"832",287.5,0.325,1,0.326857251273776
"833",287.75,0.325,1,0.326151485459617
"834",288,0.325,1,0.282482598571381
"835",288.25,0.325,1,0.281348809732865
"836",288.5,0.325,1,0.279184242244541
"837",288.75,0.325,1,0.233411065993365
"838",289,0.325,1,0.23166050484673
"839",289.25,0.325,1,0.229284744412441
"840",289.5,0.325,1,0.162388220025479
"841",289.75,0.325,1,0.160423165183632
"842",290,0.325,1,0.157812845907343
"843",290.25,0.325,1,0.154089273431835
"844",290.5,0.325,1,0.14828965498679
"845",290.75,0.325,1,0.00660291453951628
"846",291,0.325,1,0.00609024810984074
"847",291.25,0.325,1,0.00561024606236313
"848",291.5,0.325,1,0.0051615006460517
"849",291.75,0.325,1,0.00474259257708722
"850",292,0.325,1,0.00435210299575686
"851",292.25,0.325,1,0.00398862352442191
"852",292.5,0.325,1,0.00365076458523367
"853",292.75,0.325,1,0.00333716218118321
"854",293,0.325,1,0.00304648335335193
"855",278,0.35,1,0.713046725047155
"856",278.25,0.35,1,0.711163949171442
"857",278.5,0.35,1,0.709572688960733
"858",278.75,0.35,1,0.708280169269473
"859",279,0.35,1,0.707288078563356
"860",279.25,0.35,1,0.706591978458595
"861",279.5,0.35,1,0.69036661045166
"862",279.75,0.35,1,0.690461139807186
"863",280,0.35,1,0.690860222752422
"864",280.25,0.35,1,0.691531745802367
"865",280.5,0.35,1,0.676696650658944
"866",280.75,0.35,1,0.678144844952296
"867",281,0.35,1,0.679792903522635
"868",281.25,0.35,1,0.665863911285881
"869",281.5,0.35,1,0.668128538860638
"870",281.75,0.35,1,0.670433327060145
"871",282,0.35,1,0.657117347298879
"872",282.25,0.35,1,0.659748043610016
"873",282.5,0.35,1,0.64625905956972
"874",282.75,0.35,1,0.648957262821642
"875",283,0.35,1,0.634921939528786
"876",283.25,0.35,1,0.637426970905253
"877",283.5,0.35,1,0.622429341452775
"878",283.75,0.35,1,0.624505488512846
"879",284,0.35,1,0.608159188174006
"880",284.25,0.35,1,0.590153090298623
"881",284.5,0.35,1,0.591580825046837
"882",284.75,0.35,1,0.571575767749056
"883",285,0.35,1,0.549318921178046
"884",285.25,0.35,1,0.550155169791451
"885",285.5,0.35,1,0.525394573907406
"886",285.75,0.35,1,0.497647660719744
"887",286,0.35,1,0.498265530406753
"888",286.25,0.35,1,0.467065378085018
"889",286.5,0.35,1,0.467458209772936
"890",286.75,0.35,1,0.43214920087727
"891",287,0.35,1,0.391257162788764
"892",287.25,0.35,1,0.392344957919885
"893",287.5,0.35,1,0.348559468920775
"894",287.75,0.35,1,0.352585912107302
"895",288,0.35,1,0.311792973220842
"896",288.25,0.35,1,0.31322416358517
"897",288.5,0.35,1,0.269542497373848
"898",288.75,0.35,1,0.269615445950809
"899",289,0.35,1,0.268245210776872
"900",289.25,0.35,1,0.222921511738026
"901",289.5,0.35,1,0.22169668993927
"902",289.75,0.35,1,0.219672071686447
"903",290,0.35,1,0.154898526482936
"904",290.25,0.35,1,0.153171263554268
"905",290.5,0.35,1,0.15071552590667
"906",290.75,0.35,1,0.146982680207334
"907",291,0.35,1,0.140785105984617
"908",291.25,0.35,1,0.00560221004326137
"909",291.5,0.35,1,0.00515546425366834
"910",291.75,0.35,1,0.00473804033916824
"911",292,0.35,1,0.00434865577442717
"912",292.25,0.35,1,0.00398600195743311
"913",292.5,0.35,1,0.00364876232077243
"914",292.75,0.35,1,0.00333562633828766
"915",293,0.35,1,0.00304530027732419
"916",278,0.375,1,0.738241382254111
"917",278.25,0.375,1,0.737530293614309
"918",278.5,0.375,1,0.737166300501641
"919",278.75,0.375,1,0.737149019221623
"920",279,0.375,1,0.737470336265373
"921",279.25,0.375,1,0.738116446193708
"922",279.5,0.375,1,0.727609639486903
"923",279.75,0.375,1,0.729195252109855
"924",280,0.375,1,0.731061405447933
"925",280.25,0.375,1,0.722310923294923
"926",280.5,0.375,1,0.725016544403896
"927",280.75,0.375,1,0.727864351505565
"928",281,0.375,1,0.720697080648511
"929",281.25,0.375,1,0.724088610730094
"930",281.5,0.375,1,0.717625212653974
"931",281.75,0.375,1,0.721238045342127
"932",282,0.375,1,0.715084568923685
"933",282.25,0.375,1,0.718513925206194
"934",282.5,0.375,1,0.712192429824084
"935",282.75,0.375,1,0.705370008191699
"936",283,0.375,1,0.70797208784745
"937",283.25,0.375,1,0.700167678139171
"938",283.5,0.375,1,0.691358346242112
"939",283.75,0.375,1,0.692312806476876
"940",284,0.375,1,0.681883952331536
"941",284.25,0.375,1,0.670038341837741
"942",284.5,0.375,1,0.656650108809248
"943",284.75,0.375,1,0.641522454031176
"944",285,0.375,1,0.639586515585207
"945",285.25,0.375,1,0.622191308438574
"946",285.5,0.375,1,0.60273917021273
"947",285.75,0.375,1,0.581053000254008
"948",286,0.375,1,0.556854770680685
"949",286.25,0.375,1,0.553448772544411
"950",286.5,0.375,1,0.526745002088867
"951",286.75,0.375,1,0.497117754915756
"952",287,0.375,1,0.463818654543251
"953",287.25,0.375,1,0.461506173728039
"954",287.5,0.375,1,0.424380875395423
"955",287.75,0.375,1,0.381494037185717
"956",288,0.375,1,0.380808234310143
"957",288.25,0.375,1,0.338056244063204
"958",288.5,0.375,1,0.298310079037936
"959",288.75,0.375,1,0.301516660169468
"960",289,0.375,1,0.301845012250601
"961",289.25,0.375,1,0.25916746713394
"962",289.5,0.375,1,0.258240351130878
"963",289.75,0.375,1,0.21364395747106
"964",290,0.375,1,0.212679569600712
"965",290.25,0.375,1,0.210775346315517
"966",290.5,0.375,1,0.148094060228462
"967",290.75,0.375,1,0.146417181469146
"968",291,0.375,1,0.143841241591076
"969",291.25,0.375,1,0.139591363254276
"970",291.5,0.375,1,0.132026798116466
"971",291.75,0.375,1,0.0047315579118194
"972",292,0.375,1,0.00434387387107398
"973",292.25,0.375,1,0.00398245306468519
"974",292.5,0.375,1,0.00364611258756697
"975",292.75,0.375,1,0.0033336361820639
"976",293,0.375,1,0.00304379684777043
"977",278,0.4,1,0.774047095786099
"978",278.25,0.4,1,0.774483270655573
"979",278.5,0.4,1,0.766617769304307
"980",278.75,0.4,1,0.768142477564152
"981",279,0.4,1,0.770056853830151
"982",279.25,0.4,1,0.77233163666886
"983",279.5,0.4,1,0.767536948289905
"984",279.75,0.4,1,0.770881061221563
"985",280,0.4,1,0.774477619794968
"986",280.25,0.4,1,0.771941056483042
"987",280.5,0.4,1,0.77632434366536
"988",280.75,0.4,1,0.775003085350559
"989",281,0.4,1,0.779794720570981
"990",281.25,0.4,1,0.779200530996697
"991",281.5,0.4,1,0.783812999681921
"992",281.75,0.4,1,0.783261513342917
"993",282,0.4,1,0.782414490121452
"994",282.25,0.4,1,0.781051709621708
"995",282.5,0.4,1,0.783847833085687
"996",282.75,0.4,1,0.781094858600233
"997",283,0.4,1,0.777348918859129
"998",283.25,0.4,1,0.772547588667774
"999",283.5,0.4,1,0.766590647800381
"1000",283.75,0.4,1,0.759496432358293
"1001",284,0.4,1,0.751201376475645
"1002",284.25,0.4,1,0.741672734929265
"1003",284.5,0.4,1,0.730949943878955
"1004",284.75,0.4,1,0.71892376120058
"1005",285,0.4,1,0.705623116080589
"1006",285.25,0.4,1,0.690908395055213
"1007",285.5,0.4,1,0.674690367815987
"1008",285.75,0.4,1,0.656848793826531
"1009",286,0.4,1,0.637157903626976
"1010",286.25,0.4,1,0.615462998523494
"1011",286.5,0.4,1,0.59147125110134
"1012",286.75,0.4,1,0.564957021445255
"1013",287,0.4,1,0.535546105795526
"1014",287.25,0.4,1,0.52849970135127
"1015",287.5,0.4,1,0.49658734568395
"1016",287.75,0.4,1,0.461127604413297
"1017",288,0.4,1,0.421049154705308
"1018",288.25,0.4,1,0.374799266957053
"1019",288.5,0.4,1,0.372385803974452
"1020",288.75,0.4,1,0.326236053332711
"1021",289,0.4,1,0.331274819386984
"1022",289.25,0.4,1,0.291691583670509
"1023",289.5,0.4,1,0.248942586609407
"1024",289.75,0.4,1,0.250114907399799
"1025",290,0.4,1,0.249123440876456
"1026",290.25,0.4,1,0.205517590702995
"1027",290.5,0.4,1,0.204495384900277
"1028",290.75,0.4,1,0.202462129434419
"1029",291,0.4,1,0.141869312708466
"1030",291.25,0.4,1,0.140015646270996
"1031",291.5,0.4,1,0.136921740448029
"1032",291.75,0.4,1,0.131326350171364
"1033",292,0.4,1,0.00433703367930524
"1034",292.25,0.4,1,0.00397751708211183
"1035",292.5,0.4,1,0.00364252153286726
"1036",292.75,0.4,1,0.0033310027590886
"1037",293,0.4,1,0.00304185081825499
"1038",278,0.425,1,0.799526777258647
"1039",278.25,0.425,1,0.80171289735897
"1040",278.5,0.425,1,0.804373709417568
"1041",278.75,0.425,1,0.802302556179328
"1042",279,0.425,1,0.806314440557968
"1043",279.25,0.425,1,0.810756832803852
"1044",279.5,0.425,1,0.811500459132082
"1045",279.75,0.425,1,0.817082750302037
"1046",280,0.425,1,0.822840264358012
"1047",280.25,0.425,1,0.825702865827018
"1048",280.5,0.425,1,0.828992660358956
"1049",280.75,0.425,1,0.83513125631135
"1050",281,0.425,1,0.838311669380423
"1051",281.25,0.425,1,0.843282614849425
"1052",281.5,0.425,1,0.845249052058129
"1053",281.75,0.425,1,0.846248672792247
"1054",282,0.425,1,0.846154090214231
"1055",282.25,0.425,1,0.844865790787928
"1056",282.5,0.425,1,0.842376004152499
"1057",282.75,0.425,1,0.838740477788057
"1058",283,0.425,1,0.834019763271088
"1059",283.25,0.425,1,0.828332974733183
"1060",283.5,0.425,1,0.821692493303245
"1061",283.75,0.425,1,0.814259509078025
"1062",284,0.425,1,0.806006936182132
"1063",284.25,0.425,1,0.797058997452376
"1064",284.5,0.425,1,0.783288492903405
"1065",284.75,0.425,1,0.772677423009177
"1066",285,0.425,1,0.761310718475526
"1067",285.25,0.425,1,0.749235810991719
"1068",285.5,0.425,1,0.729840374200884
"1069",285.75,0.425,1,0.715637554503971
"1070",286,0.425,1,0.700505339215286
"1071",286.25,0.425,1,0.684355242106035
"1072",286.5,0.425,1,0.655728905255468
"1073",286.75,0.425,1,0.6356608437412
"1074",287,0.425,1,0.613634928987361
"1075",287.25,0.425,1,0.589287765052871
"1076",287.5,0.425,1,0.562271825641996
"1077",287.75,0.425,1,0.532109899298574
"1078",288,0.425,1,0.498551085779457
"1079",288.25,0.425,1,0.461250416512282
"1080",288.5,0.425,1,0.418910229423228
"1081",288.75,0.425,1,0.369894546560203
"1082",289,0.425,1,0.364953491707584
"1083",289.25,0.425,1,0.317748895474098
"1084",289.5,0.425,1,0.279655903426428
"1085",289.75,0.425,1,0.283691625500858
"1086",290,0.425,1,0.241435042782256
"1087",290.25,0.425,1,0.242144740470553
"1088",290.5,0.425,1,0.198340121090156
"1089",290.75,0.425,1,0.198250573856939
"1090",291,0.425,1,0.196874017920256
"1091",291.25,0.425,1,0.137348260144699
"1092",291.5,0.425,1,0.136007902575529
"1093",291.75,0.425,1,0.133636984756796
"1094",292,0.425,1,0.129279555358569
"1095",292.25,0.425,1,0.120797141807587
"1096",292.5,0.425,1,0.00363752375678975
"1097",292.75,0.425,1,0.00332743625956543
"1098",293,0.425,1,0.00303928021915884
"1099",278,0.45,1,0.832667024590574
"1100",278.25,0.45,1,0.836857723849649
"1101",278.5,0.45,1,0.838661700074018
"1102",278.75,0.45,1,0.844475088553205
"1103",279,0.45,1,0.850799112825556
"1104",279.25,0.45,1,0.85557198593405
"1105",279.5,0.45,1,0.862903959996574
"1106",279.75,0.45,1,0.86874198625306
"1107",280,0.45,1,0.875983988242965
"1108",280.25,0.45,1,0.881433610288225
"1109",280.5,0.45,1,0.886116644159633
"1110",280.75,0.45,1,0.890709964470733
"1111",281,0.45,1,0.89297852600094
"1112",281.25,0.45,1,0.893865726388926
"1113",281.5,0.45,1,0.89341252721168
"1114",281.75,0.45,1,0.891681517333637
"1115",282,0.45,1,0.888861288948428
"1116",282.25,0.45,1,0.885049641088512
"1117",282.5,0.45,1,0.880428551291632
"1118",282.75,0.45,1,0.875057179977954
"1119",283,0.45,1,0.867673076308774
"1120",283.25,0.45,1,0.861058654902428
"1121",283.5,0.45,1,0.853914182546776
"1122",283.75,0.45,1,0.844350616324409
"1123",284,0.45,1,0.836157583452241
"1124",284.25,0.45,1,0.824973769400701
"1125",284.5,0.45,1,0.815751023455825
"1126",284.75,0.45,1,0.802829366374306
"1127",285,0.45,1,0.792531454586274
"1128",285.25,0.45,1,0.777617963121992
"1129",285.5,0.45,1,0.766118026787977
"1130",285.75,0.45,1,0.748814088942388
"1131",286,0.45,1,0.735955428132606
"1132",286.25,0.45,1,0.715504743355687
"1133",286.5,0.45,1,0.700931849202892
"1134",286.75,0.45,1,0.676157847003643
"1135",287,0.45,1,0.659182657122579
"1136",287.25,0.45,1,0.641052009328281
"1137",287.5,0.45,1,0.607010595596086
"1138",287.75,0.45,1,0.583912674828162
"1139",288,0.45,1,0.558097487019685
"1140",288.25,0.45,1,0.528893601657925
"1141",288.5,0.45,1,0.495612343777764
"1142",288.75,0.45,1,0.458087999642329
"1143",289,0.45,1,0.414800458547779
"1144",289.25,0.45,1,0.364200451624506
"1145",289.5,0.45,1,0.302336430566329
"1146",289.75,0.45,1,0.312055580649255
"1147",290,0.45,1,0.274104673268567
"1148",290.25,0.45,1,0.276727884935752
"1149",290.5,0.45,1,0.235033229204272
"1150",290.75,0.45,1,0.234624017661733
"1151",291,0.45,1,0.192164072775149
"1152",291.25,0.45,1,0.191423911084497
"1153",291.5,0.45,1,0.132983184570175
"1154",291.75,0.45,1,0.132040430866115
"1155",292,0.45,1,0.130150257603552
"1156",292.25,0.45,1,0.126572197071265
"1157",292.5,0.45,1,0.119373461266532
"1158",292.75,0.45,1,0.00332247958423383
"1159",293,0.45,1,0.00303580740520245
"1160",278,0.475,1,0.868070157299549
"1161",278.25,0.475,1,0.875029858459956
"1162",278.5,0.475,1,0.881394370614375
"1163",278.75,0.475,1,0.889734013020405
"1164",279,0.475,1,0.898160657813953
"1165",279.25,0.475,1,0.905678259510128
"1166",279.5,0.475,1,0.913243520785934
"1167",279.75,0.475,1,0.91918349227021
"1168",280,0.475,1,0.923759898321577
"1169",280.25,0.475,1,0.926777572451764
"1170",280.5,0.475,1,0.928695801009944
"1171",280.75,0.475,1,0.928783812851452
"1172",281,0.475,1,0.92764055737803
"1173",281.25,0.475,1,0.925472481494835
"1174",281.5,0.475,1,0.922477778109376
"1175",281.75,0.475,1,0.918837855576045
"1176",282,0.475,1,0.914048676293074
"1177",282.25,0.475,1,0.909301989675779
"1178",282.5,0.475,1,0.904128106818145
"1179",282.75,0.475,1,0.8977899885685
"1180",283,0.475,1,0.89177492555047
"1181",283.25,0.475,1,0.884460334165438
"1182",283.5,0.475,1,0.876514140140614
"1183",283.75,0.475,1,0.869319790433235
"1184",284,0.475,1,0.860321949702862
"1185",284.25,0.475,1,0.850639053769949
"1186",284.5,0.475,1,0.840165086239755
"1187",284.75,0.475,1,0.831168356809903
"1188",285,0.475,1,0.81936562546234
"1189",285.25,0.475,1,0.806662223419765
"1190",285.5,0.475,1,0.792881418583963
"1191",285.75,0.475,1,0.777972887464354
"1192",286,0.475,1,0.761749938701267
"1193",286.25,0.475,1,0.749385188062047
"1194",286.5,0.475,1,0.731030709368909
"1195",286.75,0.475,1,0.710766629154799
"1196",287,0.475,1,0.688151369000183
"1197",287.25,0.475,1,0.672801587590924
"1198",287.5,0.475,1,0.645823004057921
"1199",287.75,0.475,1,0.62804498407942
"1200",288,0.475,1,0.59430006093025
"1201",288.25,0.475,1,0.572349905222388
"1202",288.5,0.475,1,0.547827082507951
"1203",288.75,0.475,1,0.51995781440588
"1204",289,0.475,1,0.487787269258548
"1205",289.25,0.475,1,0.45083486811273
"1206",289.5,0.475,1,0.407443530243635
"1207",289.75,0.475,1,0.356100892597268
"1208",290,0.475,1,0.300500330015942
"1209",290.25,0.475,1,0.264175117403263
"1210",290.5,0.475,1,0.269452810917375
"1211",290.75,0.475,1,0.228020132832191
"1212",291,0.475,1,0.2287785227836
"1213",291.25,0.475,1,0.186350186247412
"1214",291.5,0.475,1,0.18619063184043
"1215",291.75,0.475,1,0.184626235257516
"1216",292,0.475,1,0.128216808672691
"1217",292.25,0.475,1,0.126657651849756
"1218",292.5,0.475,1,0.123565668041004
"1219",292.75,0.475,1,0.117145477713771
"1220",293,0.475,1,0.00303099722474872
"1221",278,0.5,1,0.909081768313146
"1222",278.25,0.5,1,0.917820542922707
"1223",278.5,0.5,1,0.927050149059379
"1224",278.75,0.5,1,0.935254321338156
"1225",279,0.5,1,0.942636133569755
"1226",279.25,0.5,1,0.948167123870466
"1227",279.5,0.5,1,0.952236958891316
"1228",279.75,0.5,1,0.954429982717278
"1229",280,0.5,1,0.955183693571094
"1230",280.25,0.5,1,0.954733755040756
"1231",280.5,0.5,1,0.953346790294111
"1232",280.75,0.5,1,0.951237379966945
"1233",281,0.5,1,0.948580117910751
"1234",281.25,0.5,1,0.945462601248723
"1235",281.5,0.5,1,0.941971159893869
"1236",281.75,0.5,1,0.937875866547211
"1237",282,0.5,1,0.933778160120445
"1238",282.25,0.5,1,0.929005941168919
"1239",282.5,0.5,1,0.923891077441387
"1240",282.75,0.5,1,0.918941088924042
"1241",283,0.5,1,0.913187637613985
"1242",283.25,0.5,1,0.907050900997389
"1243",283.5,0.5,1,0.900521199381895
"1244",283.75,0.5,1,0.893564145704159
"1245",284,0.5,1,0.88610423881015
"1246",284.25,0.5,1,0.878053223591011
"1247",284.5,0.5,1,0.869364014135259
"1248",284.75,0.5,1,0.858430057671087
"1249",285,0.5,1,0.847989079019779
"1250",285.25,0.5,1,0.83660419479324
"1251",285.5,0.5,1,0.824236330201564
"1252",285.75,0.5,1,0.810767164258848
"1253",286,0.5,1,0.792929657769069
"1254",286.25,0.5,1,0.776828374283311
"1255",286.5,0.5,1,0.759471682294272
"1256",286.75,0.5,1,0.740752319979094
"1257",287,0.5,1,0.720607957821936
"1258",287.25,0.5,1,0.698787700629381
"1259",287.5,0.5,1,0.674887778445533
"1260",287.75,0.5,1,0.659019532265645
"1261",288,0.5,1,0.631413861259959
"1262",288.25,0.5,1,0.599664724735781
"1263",288.5,0.5,1,0.580059949484882
"1264",288.75,0.5,1,0.558719231170115
"1265",289,0.5,1,0.513797890438185
"1266",289.25,0.5,1,0.484184111700484
"1267",289.5,0.5,1,0.449243107447888
"1268",289.75,0.5,1,0.407336928150947
"1269",290,0.5,1,0.355618093118424
"1270",290.25,0.5,1,0.289041889313248
"1271",290.5,0.5,1,0.299427765155125
"1272",290.75,0.5,1,0.262242931024708
"1273",291,0.5,1,0.221341238416101
"1274",291.25,0.5,1,0.223151360261654
"1275",291.5,0.5,1,0.18090497643291
"1276",291.75,0.5,1,0.18123254915708
"1277",292,0.5,1,0.179965933034814
"1278",292.25,0.5,1,0.124585769068256
"1279",292.5,0.5,1,0.12325061929913
"1280",292.75,0.5,1,0.120442313257833
"1281",293,0.5,1,0.114415280177037
"1282",278,0.525,1,0.950499115513032
"1283",278.25,0.525,1,0.958897427557355
"1284",278.5,0.525,1,0.965596502901386
"1285",278.75,0.525,1,0.97060954684601
"1286",279,0.525,1,0.973769483578626
"1287",279.25,0.525,1,0.975381757568477
"1288",279.5,0.525,1,0.975804251764816
"1289",279.75,0.525,1,0.975352577018789
"1290",280,0.525,1,0.974130805669482
"1291",280.25,0.525,1,0.972461868071166
"1292",280.5,0.525,1,0.970300052006336
"1293",280.75,0.525,1,0.967951636285816
"1294",281,0.525,1,0.965384384700505
"1295",281.25,0.525,1,0.962451015251955
"1296",281.5,0.525,1,0.959484769452872
"1297",281.75,0.525,1,0.956219406549917
"1298",282,0.525,1,0.952842130505743
"1299",282.25,0.525,1,0.949603362955626
"1300",282.5,0.525,1,0.946106797138149
"1301",282.75,0.525,1,0.942574290361327
"1302",283,0.525,1,0.938696668921806
"1303",283.25,0.525,1,0.935060841678827
"1304",283.5,0.525,1,0.931238551677128
"1305",283.75,0.525,1,0.92661511211824
"1306",284,0.525,1,0.921905109913765
"1307",284.25,0.525,1,0.916401848113835
"1308",284.5,0.525,1,0.909331483480607
"1309",284.75,0.525,1,0.900907097839861
"1310",285,0.525,1,0.892003946102945
"1311",285.25,0.525,1,0.880686620051466
"1312",285.5,0.525,1,0.869013536916874
"1313",285.75,0.525,1,0.854523676233629
"1314",286,0.525,1,0.838073209943706
"1315",286.25,0.525,1,0.82204481658452
"1316",286.5,0.525,1,0.801793103226623
"1317",286.75,0.525,1,0.782906489707194
"1318",287,0.525,1,0.762785997033919
"1319",287.25,0.525,1,0.736305425402618
"1320",287.5,0.525,1,0.713228389235901
"1321",287.75,0.525,1,0.688871256350721
"1322",288,0.525,1,0.663032043858435
"1323",288.25,0.525,1,0.63511577987036
"1324",288.5,0.525,1,0.60427102066615
"1325",288.75,0.525,1,0.585483670350742
"1326",289,0.525,1,0.548476384096182
"1327",289.25,0.525,1,0.526043478449323
"1328",289.5,0.525,1,0.500893919505588
"1329",289.75,0.525,1,0.443338489380801
"1330",290,0.525,1,0.403905327979323
"1331",290.25,0.525,1,0.353661766661182
"1332",290.5,0.525,1,0.342555479355707
"1333",290.75,0.525,1,0.291640002131193
"1334",291,0.525,1,0.2554623756568
"1335",291.25,0.525,1,0.215197707495201
"1336",291.5,0.525,1,0.217853543174881
"1337",291.75,0.525,1,0.175895872652717
"1338",292,0.525,1,0.176584701250396
"1339",292.25,0.525,1,0.175520538477131
"1340",292.5,0.525,1,0.121166316244754
"1341",292.75,0.525,1,0.119967237186962
"1342",293,0.525,1,0.117285666201294
"1343",278,0.55,1,0.983299728426769
"1344",278.25,0.55,1,0.987747704192642
"1345",278.5,0.55,1,0.99047854116595
"1346",278.75,0.55,1,0.991829231084827
"1347",279,0.55,1,0.992211296804828
"1348",279.25,0.55,1,0.991916005695295
"1349",279.5,0.55,1,0.99112542992835
"1350",279.75,0.55,1,0.98996575078851
"1351",280,0.55,1,0.988567124790027
"1352",280.25,0.55,1,0.98699954332349
"1353",280.5,0.55,1,0.985241961527203
"1354",280.75,0.55,1,0.983505194986827
"1355",281,0.55,1,0.981686088627475
"1356",281.25,0.55,1,0.979932654308057
"1357",281.5,0.55,1,0.978464301225957
"1358",281.75,0.55,1,0.977206245964067
"1359",282,0.55,1,0.97641481638625
"1360",282.25,0.55,1,0.976018477766513
"1361",282.5,0.55,1,0.97620118308574
"1362",282.75,0.55,1,0.97674146769487
"1363",283,0.55,1,0.977105205519547
"1364",283.25,0.55,1,0.977075160201853
"1365",283.5,0.55,1,0.97592108824872
"1366",283.75,0.55,1,0.973346872596435
"1367",284,0.55,1,0.969184645164365
"1368",284.25,0.55,1,0.963393058100383
"1369",284.5,0.55,1,0.956030748740891
"1370",284.75,0.55,1,0.947182409116409
"1371",285,0.55,1,0.936937953147136
"1372",285.25,0.55,1,0.925408166786987
"1373",285.5,0.55,1,0.912587400485644
"1374",285.75,0.55,1,0.898481652375597
"1375",286,0.55,1,0.883157657990267
"1376",286.25,0.55,1,0.866398046139835
"1377",286.5,0.55,1,0.848078405110447
"1378",286.75,0.55,1,0.828014767792803
"1379",287,0.55,1,0.805747509914172
"1380",287.25,0.55,1,0.784779828997516
"1381",287.5,0.55,1,0.757846899939923
"1382",287.75,0.55,1,0.733291286574859
"1383",288,0.55,1,0.700179704662302
"1384",288.25,0.55,1,0.671767289356816
"1385",288.5,0.55,1,0.641940492182956
"1386",288.75,0.55,1,0.610374475281173
"1387",289,0.55,1,0.591115193960396
"1388",289.25,0.55,1,0.556039356474418
"1389",289.5,0.55,1,0.515374642430805
"1390",289.75,0.55,1,0.491375942483039
"1391",290,0.55,1,0.464003233691567
"1392",290.25,0.55,1,0.431578716439757
"1393",290.5,0.55,1,0.391627252092887
"1394",290.75,0.55,1,0.340205700856542
"1395",291,0.55,1,0.284651115347289
"1396",291.25,0.55,1,0.249380067411379
"1397",291.5,0.55,1,0.209727925950673
"1398",291.75,0.55,1,0.212953376450222
"1399",292,0.55,1,0.171354855075376
"1400",292.25,0.55,1,0.172256572756706
"1401",292.5,0.55,1,0.171289452839811
"1402",292.75,0.55,1,0.117958289709995
"1403",293,0.55,1,0.116815397586331
"1404",278,0.575,1,1.00349080416168
"1405",278.25,0.575,1,1.00487039860293
"1406",278.5,0.575,1,1.00541827161433
"1407",278.75,0.575,1,1.00539543512505
"1408",279,0.575,1,1.00500555849568
"1409",279.25,0.575,1,1.004396746778
"1410",279.5,0.575,1,1.0036232559788
"1411",279.75,0.575,1,1.00278176758477
"1412",280,0.575,1,1.00192616741414
"1413",280.25,0.575,1,1.0011317011437
"1414",280.5,0.575,1,1.00059977147286
"1415",280.75,0.575,1,1.00036770524629
"1416",281,0.575,1,1.00073359233722
"1417",281.25,0.575,1,1.001905827939
"1418",281.5,0.575,1,1.0041340013436
"1419",281.75,0.575,1,1.00745370864421
"1420",282,0.575,1,1.0114904678007
"1421",282.25,0.575,1,1.01569917863929
"1422",282.5,0.575,1,1.01904395800731
"1423",282.75,0.575,1,1.02081226734812
"1424",283,0.575,1,1.02062134282804
"1425",283.25,0.575,1,1.01838802239336
"1426",283.5,0.575,1,1.01434867174351
"1427",283.75,0.575,1,1.00877314350672
"1428",284,0.575,1,1.00188343893186
"1429",284.25,0.575,1,0.99375629500725
"1430",284.5,0.575,1,0.984715160623962
"1431",284.75,0.575,1,0.974543273971301
"1432",285,0.575,1,0.963612100232006
"1433",285.25,0.575,1,0.95147252250834
"1434",285.5,0.575,1,0.938303664174414
"1435",285.75,0.575,1,0.924581258036788
"1436",286,0.575,1,0.909255697929187
"1437",286.25,0.575,1,0.893641758399016
"1438",286.5,0.575,1,0.875808641202165
"1439",286.75,0.575,1,0.857925052293835
"1440",287,0.575,1,0.838850943460118
"1441",287.25,0.575,1,0.818323698068582
"1442",287.5,0.575,1,0.796057928920157
"1443",287.75,0.575,1,0.7714933024599
"1444",288,0.575,1,0.743753442192452
"1445",288.25,0.575,1,0.718460484548879
"1446",288.5,0.575,1,0.683140074335731
"1447",288.75,0.575,1,0.65219267418168
"1448",289,0.575,1,0.619225012897313
"1449",289.25,0.575,1,0.584351916684192
"1450",289.5,0.575,1,0.546754363437533
"1451",289.75,0.575,1,0.525565847008571
"1452",290,0.575,1,0.481072264214405
"1453",290.25,0.575,1,0.454886113466068
"1454",290.5,0.575,1,0.424026751208519
"1455",290.75,0.575,1,0.386129013630846
"1456",291,0.575,1,0.336305214073997
"1457",291.25,0.575,1,0.278711967329825
"1458",291.5,0.575,1,0.244146650603405
"1459",291.75,0.575,1,0.204993544427985
"1460",292,0.575,1,0.208467185859904
"1461",292.25,0.575,1,0.167276627257997
"1462",292.5,0.575,1,0.168232717293703
"1463",292.75,0.575,1,0.167255719414788
"1464",293,0.575,1,0.114947724443471
"1465",278,0.6,1,1.01587063303131
"1466",278.25,0.6,1,1.01616396395933
"1467",278.5,0.6,1,1.01622298920948
"1468",278.75,0.6,1,1.01607281114688
"1469",279,0.6,1,1.01585736105579
"1470",279.25,0.6,1,1.01565517192568
"1471",279.5,0.6,1,1.01556732725783
"1472",279.75,0.6,1,1.01569005707587
"1473",280,0.6,1,1.01621261540955
"1474",280.25,0.6,1,1.01742955441242
"1475",280.5,0.6,1,1.01963871329361
"1476",280.75,0.6,1,1.02324979240609
"1477",281,0.6,1,1.02840216842584
"1478",281.25,0.6,1,1.03486340628264
"1479",281.5,0.6,1,1.04172184341637
"1480",281.75,0.6,1,1.04769880716172
"1481",282,0.6,1,1.05168460586921
"1482",282.25,0.6,1,1.0532691945413
"1483",282.5,0.6,1,1.05258757272975
"1484",282.75,0.6,1,1.05010651070781
"1485",283,0.6,1,1.04617425420536
"1486",283.25,0.6,1,1.04123244482992
"1487",283.5,0.6,1,1.03532476337734
"1488",283.75,0.6,1,1.02858642740664
"1489",284,0.6,1,1.02100609948862
"1490",284.25,0.6,1,1.01250707229898
"1491",284.5,0.6,1,1.00320036619742
"1492",284.75,0.6,1,0.993053130658531
"1493",285,0.6,1,0.98196444730682
"1494",285.25,0.6,1,0.970129119001598
"1495",285.5,0.6,1,0.957146222656602
"1496",285.75,0.6,1,0.943405989184624
"1497",286,0.6,1,0.928822248639995
"1498",286.25,0.6,1,0.912556037540641
"1499",286.5,0.6,1,0.896665286253333
"1500",286.75,0.6,1,0.878865980958691
"1501",287,0.6,1,0.859791569258568
"1502",287.25,0.6,1,0.839066027999728
"1503",287.5,0.6,1,0.818941742240689
"1504",287.75,0.6,1,0.797560844790825
"1505",288,0.6,1,0.774586432631747
"1506",288.25,0.6,1,0.749585514633875
"1507",288.5,0.6,1,0.721636136359698
"1508",288.75,0.6,1,0.689258421479072
"1509",289,0.6,1,0.660579538401803
"1510",289.25,0.6,1,0.628629717702705
"1511",289.5,0.6,1,0.593798530663431
"1512",289.75,0.6,1,0.556624542775239
"1513",290,0.6,1,0.516440226902868
"1514",290.25,0.6,1,0.470985282682136
"1515",290.5,0.6,1,0.445452241603211
"1516",290.75,0.6,1,0.415743079333738
"1517",291,0.6,1,0.379545549901733
"1518",291.25,0.6,1,0.331387636125998
"1519",291.5,0.6,1,0.273910250897029
"1520",291.75,0.6,1,0.239792259058456
"1521",292,0.6,1,0.200978114205774
"1522",292.25,0.6,1,0.204359246757533
"1523",292.5,0.6,1,0.163621606744268
"1524",292.75,0.6,1,0.164476410366177
"1525",293,0.6,1,0.163389828463663
"1526",278,0.625,1,1.02496265657439
"1527",278.25,0.625,1,1.02522853257493
"1528",278.5,0.625,1,1.02548017746983
"1529",278.75,0.625,1,1.02582951401433
"1530",279,0.625,1,1.02634220206359
"1531",279.25,0.625,1,1.02718667113036
"1532",279.5,0.625,1,1.02864541273879
"1533",279.75,0.625,1,1.03106506436788
"1534",280,0.625,1,1.03486269971463
"1535",280.25,0.625,1,1.04051062481581
"1536",280.5,0.625,1,1.04801217896959
"1537",280.75,0.625,1,1.05665385853516
"1538",281,0.625,1,1.06494998997475
"1539",281.25,0.625,1,1.07132655779078
"1540",281.5,0.625,1,1.07498607150126
"1541",281.75,0.625,1,1.07624499895013
"1542",282,0.625,1,1.07578314206575
"1543",282.25,0.625,1,1.07383140364553
"1544",282.5,0.625,1,1.07084866969085
"1545",282.75,0.625,1,1.06693880811114
"1546",283,0.625,1,1.0624159420903
"1547",283.25,0.625,1,1.05708471714992
"1548",283.5,0.625,1,1.05107568453483
"1549",283.75,0.625,1,1.04437764038005
"1550",284,0.625,1,1.03690799836458
"1551",284.25,0.625,1,1.02859822975577
"1552",284.5,0.625,1,1.01946560783486
"1553",284.75,0.625,1,1.0095019540927
"1554",285,0.625,1,0.998779342118396
"1555",285.25,0.625,1,0.987002142898853
"1556",285.5,0.625,1,0.974309408450587
"1557",285.75,0.625,1,0.960644937340489
"1558",286,0.625,1,0.946255469473062
"1559",286.25,0.625,1,0.93055052353478
"1560",286.5,0.625,1,0.913659185861781
"1561",286.75,0.625,1,0.896285491997285
"1562",287,0.625,1,0.877929537886645
"1563",287.25,0.625,1,0.858740418588876
"1564",287.5,0.625,1,0.838259239700151
"1565",287.75,0.625,1,0.816275109135674
"1566",288,0.625,1,0.792219549589707
"1567",288.25,0.625,1,0.769553428768314
"1568",288.5,0.625,1,0.74521782554354
"1569",288.75,0.625,1,0.718667757767415
"1570",289,0.625,1,0.688819179717415
"1571",289.25,0.625,1,0.653867970458944
"1572",289.5,0.625,1,0.623733381074288
"1573",289.75,0.625,1,0.589223428442308
"1574",290,0.625,1,0.550562764857075
"1575",290.25,0.625,1,0.508289960492223
"1576",290.5,0.625,1,0.48529360862925
"1577",290.75,0.625,1,0.436253486935636
"1578",291,0.625,1,0.407385079967907
"1579",291.25,0.625,1,0.372411895187533
"1580",291.5,0.625,1,0.325516048631235
"1581",291.75,0.625,1,0.270184630984865
"1582",292,0.625,1,0.236237285533563
"1583",292.25,0.625,1,0.197594919306204
"1584",292.5,0.625,1,0.200549413360061
"1585",292.75,0.625,1,0.160322751280885
"1586",293,0.625,1,0.160935626483166
"1587",278,0.65,1,1.03275323901564
"1588",278.25,0.65,1,1.03348841336312
"1589",278.5,0.65,1,1.03446120207428
"1590",278.75,0.65,1,1.03585982378639
"1591",279,0.65,1,1.03798567606044
"1592",279.25,0.65,1,1.0412522470058
"1593",279.5,0.65,1,1.04618709543438
"1594",279.75,0.65,1,1.05329433179444
"1595",280,0.65,1,1.06241264859057
"1596",280.25,0.65,1,1.07241753653016
"1597",280.5,0.65,1,1.08131231380002
"1598",280.75,0.65,1,1.08771627671392
"1599",281,0.65,1,1.09146238722979
"1600",281.25,0.65,1,1.09292084384898
"1601",281.5,0.65,1,1.09271779719567
"1602",281.75,0.65,1,1.09155749934865
"1603",282,0.65,1,1.08955703068334
"1604",282.25,0.65,1,1.08689389446411
"1605",282.5,0.65,1,1.08355543587575
"1606",282.75,0.65,1,1.07973573748371
"1607",283,0.65,1,1.07531463730965
"1608",283.25,0.65,1,1.07015878409028
"1609",283.5,0.65,1,1.06434004568628
"1610",283.75,0.65,1,1.05782846294678
"1611",284,0.65,1,1.05047635762252
"1612",284.25,0.65,1,1.04245571347031
"1613",284.5,0.65,1,1.03356554073781
"1614",284.75,0.65,1,1.02386660354426
"1615",285,0.65,1,1.01327099164379
"1616",285.25,0.65,1,1.00177057146642
"1617",285.5,0.65,1,0.989267369418669
"1618",285.75,0.65,1,0.975991428841987
"1619",286,0.65,1,0.961805693764872
"1620",286.25,0.65,1,0.946243867327395
"1621",286.5,0.65,1,0.930007013671684
"1622",286.75,0.65,1,0.912655983471923
"1623",287,0.65,1,0.894191868045238
"1624",287.25,0.65,1,0.874397494130674
"1625",287.5,0.65,1,0.854505809057636
"1626",287.75,0.65,1,0.833683675583535
"1627",288,0.65,1,0.809243829213559
"1628",288.25,0.65,1,0.788312761389925
"1629",288.5,0.65,1,0.762603667387999
"1630",288.75,0.65,1,0.733583151525618
"1631",289,0.65,1,0.706911133044674
"1632",289.25,0.65,1,0.677155923350143
"1633",289.5,0.65,1,0.652885281147438
"1634",289.75,0.65,1,0.614649340642259
"1635",290,0.65,1,0.582141286559743
"1636",290.25,0.65,1,0.544144980727975
"1637",290.5,0.65,1,0.500899665363584
"1638",290.75,0.65,1,0.45288718886314
"1639",291,0.65,1,0.427609638146536
"1640",291.25,0.65,1,0.399310222267669
"1641",291.5,0.65,1,0.36518315274405
"1642",291.75,0.65,1,0.319200230990458
"1643",292,0.65,1,0.267347234368146
"1644",292.25,0.65,1,0.233310640247669
"1645",292.5,0.65,1,0.194700926015938
"1646",292.75,0.65,1,0.196926364708001
"1647",293,0.65,1,0.157294902563598
"1648",278,0.675,1,1.04013662279426
"1649",278.25,0.675,1,1.04188499111743
"1650",278.5,0.675,1,1.04439064359012
"1651",278.75,0.675,1,1.04813192977887
"1652",279,0.675,1,1.05370213480987
"1653",279.25,0.675,1,1.06162135945925
"1654",279.5,0.675,1,1.07171496115573
"1655",279.75,0.675,1,1.08248561458232
"1656",280,0.675,1,1.09190997933508
"1657",280.25,0.675,1,1.09858614483821
"1658",280.5,0.675,1,1.10243415300729
"1659",280.75,0.675,1,1.10420863673483
"1660",281,0.675,1,1.10458016498882
"1661",281.25,0.675,1,1.10420986717209
"1662",281.5,0.675,1,1.10312345504888
"1663",281.75,0.675,1,1.10165806162142
"1664",282,0.675,1,1.09959044349018
"1665",282.25,0.675,1,1.09693392879333
"1666",282.5,0.675,1,1.09385134956195
"1667",282.75,0.675,1,1.09021577750634
"1668",283,0.675,1,1.08588997694743
"1669",283.25,0.675,1,1.08093884055734
"1670",283.5,0.675,1,1.07532382130837
"1671",283.75,0.675,1,1.06902908109409
"1672",284,0.675,1,1.06200108287648
"1673",284.25,0.675,1,1.05411466318606
"1674",284.5,0.675,1,1.04555015013599
"1675",284.75,0.675,1,1.03605716626394
"1676",285,0.675,1,1.02569378858221
"1677",285.25,0.675,1,1.01440252547865
"1678",285.5,0.675,1,1.00232119324882
"1679",285.75,0.675,1,0.989246175240101
"1680",286,0.675,1,0.975152976936879
"1681",286.25,0.675,1,0.960205969618789
"1682",286.5,0.675,1,0.944192755833741
"1683",286.75,0.675,1,0.927043200889578
"1684",287,0.675,1,0.908777521183749
"1685",287.25,0.675,1,0.889975264419698
"1686",287.5,0.675,1,0.870031093276331
"1687",287.75,0.675,1,0.848823476016146
"1688",288,0.675,1,0.825898863425021
"1689",288.25,0.675,1,0.803493419513928
"1690",288.5,0.675,1,0.779977283369543
"1691",288.75,0.675,1,0.75452734741174
"1692",289,0.675,1,0.726208692871957
"1693",289.25,0.675,1,0.700573744879718
"1694",289.5,0.675,1,0.672426375506993
"1695",289.75,0.675,1,0.64061973330659
"1696",290,0.675,1,0.603084346208743
"1697",290.25,0.675,1,0.572543687992636
"1698",290.5,0.675,1,0.536371784658017
"1699",290.75,0.675,1,0.493606553260407
"1700",291,0.675,1,0.444971926077642
"1701",291.25,0.675,1,0.419597291325325
"1702",291.5,0.675,1,0.391667680766609
"1703",291.75,0.675,1,0.317079032026331
"1704",292,0.675,1,0.254986146721511
"1705",292.25,0.675,1,0.265111441632401
"1706",292.5,0.675,1,0.230772630214708
"1707",292.75,0.675,1,0.192114825212858
"1708",293,0.675,1,0.193364307674247
"1709",278,0.7,1,1.04805931154352
"1710",278.25,0.7,1,1.05192146064574
"1711",278.5,0.7,1,1.05763695724608
"1712",278.75,0.7,1,1.06579649278268
"1713",279,0.7,1,1.07624063390293
"1714",279.25,0.7,1,1.08756307944015
"1715",279.5,0.7,1,1.09751623402603
"1716",279.75,0.7,1,1.10453533636312
"1717",280,0.7,1,1.10881087389323
"1718",280.25,0.7,1,1.11105800120358
"1719",280.5,0.7,1,1.11213212146009
"1720",280.75,0.7,1,1.11240823503127
"1721",281,0.7,1,1.11228860458061
"1722",281.25,0.7,1,1.11166533461699
"1723",281.5,0.7,1,1.1106273311434
"1724",281.75,0.7,1,1.10928072902856
"1725",282,0.7,1,1.10737538186263
"1726",282.25,0.7,1,1.10490355278994
"1727",282.5,0.7,1,1.10200303795281
"1728",282.75,0.7,1,1.09855538650084
"1729",283,0.7,1,1.09442454796481
"1730",283.25,0.7,1,1.08967399643301
"1731",283.5,0.7,1,1.08426964259308
"1732",283.75,0.7,1,1.07817647465819
"1733",284,0.7,1,1.07136336703009
"1734",284.25,0.7,1,1.06370129131437
"1735",284.5,0.7,1,1.05534898050713
"1736",284.75,0.7,1,1.04608696539005
"1737",285,0.7,1,1.03598654247156
"1738",285.25,0.7,1,1.02493246294619
"1739",285.5,0.7,1,1.01308348959799
"1740",285.75,0.7,1,1.00024143173384
"1741",286,0.7,1,0.98647815456329
"1742",286.25,0.7,1,0.971674436566593
"1743",286.5,0.7,1,0.955930274861933
"1744",286.75,0.7,1,0.939393397644398
"1745",287,0.7,1,0.921347125482541
"1746",287.25,0.7,1,0.902631693390432
"1747",287.5,0.7,1,0.882695053236773
"1748",287.75,0.7,1,0.862531086163629
"1749",288,0.7,1,0.83957866873001
"1750",288.25,0.7,1,0.816422385459791
"1751",288.5,0.7,1,0.794151216884024
"1752",288.75,0.7,1,0.766982497475551
"1753",289,0.7,1,0.741156649969063
"1754",289.25,0.7,1,0.712382842186931
"1755",289.5,0.7,1,0.687043756472818
"1756",289.75,0.7,1,0.659135993677657
"1757",290,0.7,1,0.627607107586922
"1758",290.25,0.7,1,0.590590156236322
"1759",290.5,0.7,1,0.561605102582748
"1760",290.75,0.7,1,0.527343071537226
"1761",291,0.7,1,0.486000269371736
"1762",291.25,0.7,1,0.437569294242504
"1763",291.5,0.7,1,0.412188211613456
"1764",291.75,0.7,1,0.350196153576374
"1765",292,0.7,1,0.310876963297774
"1766",292.25,0.7,1,0.250012275655835
"1767",292.5,0.7,1,0.21984695279265
"1768",292.75,0.7,1,0.228341385179107
"1769",293,0.7,1,0.189637907922325
"1770",278,0.725,1,1.05838732334628
"1771",278.25,0.725,1,1.06622001296583
"1772",278.5,0.725,1,1.0765362279387
"1773",278.75,0.725,1,1.08816331456848
"1774",279,0.725,1,1.09871630925004
"1775",279.25,0.725,1,1.10633494452077
"1776",279.5,0.725,1,1.11115075139801
"1777",279.75,0.725,1,1.11392158024851
"1778",280,0.725,1,1.11557379666245
"1779",280.25,0.725,1,1.11659350621554
"1780",280.5,0.725,1,1.11711938571039
"1781",280.75,0.725,1,1.11739526343349
"1782",281,0.725,1,1.1172391036628
"1783",281.25,0.725,1,1.11684612443379
"1784",281.5,0.725,1,1.11596096204716
"1785",281.75,0.725,1,1.11467405863958
"1786",282,0.725,1,1.1129403201559
"1787",282.25,0.725,1,1.11073259964392
"1788",282.5,0.725,1,1.10791776798231
"1789",282.75,0.725,1,1.1046542538177
"1790",283,0.725,1,1.1007154925079
"1791",283.25,0.725,1,1.09616004348991
"1792",283.5,0.725,1,1.09095760907729
"1793",283.75,0.725,1,1.08507012200989
"1794",284,0.725,1,1.0784714120826
"1795",284.25,0.725,1,1.07102772648544
"1796",284.5,0.725,1,1.06289587364385
"1797",284.75,0.725,1,1.05386383086642
"1798",285,0.725,1,1.04399579789552
"1799",285.25,0.725,1,1.03318066959667
"1800",285.5,0.725,1,1.02160866916652
"1801",285.75,0.725,1,1.00902726452353
"1802",286,0.725,1,0.995520420937385
"1803",286.25,0.725,1,0.98105599179345
"1804",286.5,0.725,1,0.965491262989941
"1805",286.75,0.725,1,0.949234598925835
"1806",287,0.725,1,0.931842259922378
"1807",287.25,0.725,1,0.913429512015856
"1808",287.5,0.725,1,0.893663676729846
"1809",287.75,0.725,1,0.873444233958932
"1810",288,0.725,1,0.851961176453663
"1811",288.25,0.725,1,0.828580163755794
"1812",288.5,0.725,1,0.805536717871879
"1813",288.75,0.725,1,0.780551058825681
"1814",289,0.725,1,0.756990151038361
"1815",289.25,0.725,1,0.72668652659061
"1816",289.5,0.725,1,0.697874838329039
"1817",289.75,0.725,1,0.673062070148556
"1818",290,0.725,1,0.635694907746524
"1819",290.25,0.725,1,0.614554850334471
"1820",290.5,0.725,1,0.578126786991682
"1821",290.75,0.725,1,0.533307494328844
"1822",291,0.725,1,0.497966390067145
"1823",291.25,0.725,1,0.45438413837331
"1824",291.5,0.725,1,0.430519269383001
"1825",291.75,0.725,1,0.374559257865409
"1826",292,0.725,1,0.343938308742109
"1827",292.25,0.725,1,0.305000096211723
"1828",292.5,0.725,1,0.25084324875556
"1829",292.75,0.725,1,0.219647908853258
"1830",293,0.725,1,0.182951515261701
"1831",278,0.75,1,1.07322576782336
"1832",278.25,0.75,1,1.08477445722632
"1833",278.5,0.75,1,1.09585193396794
"1834",278.75,0.75,1,1.10427273685187
"1835",279,0.75,1,1.1097778030076
"1836",279.25,0.75,1,1.11311277908608
"1837",279.5,0.75,1,1.11529101311654
"1838",279.75,0.75,1,1.11685676014348
"1839",280,0.75,1,1.11805819195469
"1840",280.25,0.75,1,1.11897523806987
"1841",280.5,0.75,1,1.11955391601008
"1842",280.75,0.75,1,1.11991612739646
"1843",281,0.75,1,1.11988149058111
"1844",281.25,0.75,1,1.11960058564232
"1845",281.5,0.75,1,1.11886228774122
"1846",281.75,0.75,1,1.11772673628374
"1847",282,0.75,1,1.11606757397993
"1848",282.25,0.75,1,1.11403638276873
"1849",282.5,0.75,1,1.11150315374228
"1850",282.75,0.75,1,1.10834059437044
"1851",283,0.75,1,1.10461356865722
"1852",283.25,0.75,1,1.10035676536627
"1853",283.5,0.75,1,1.09536754917207
"1854",283.75,0.75,1,1.0896127011602
"1855",284,0.75,1,1.08322241719924
"1856",284.25,0.75,1,1.07609129090916
"1857",284.5,0.75,1,1.06810470889488
"1858",284.75,0.75,1,1.05932289099222
"1859",285,0.75,1,1.04971058910501
"1860",285.25,0.75,1,1.03924469924161
"1861",285.5,0.75,1,1.0278301967832
"1862",285.75,0.75,1,1.01559930088169
"1863",286,0.75,1,1.00237046042291
"1864",286.25,0.75,1,0.988184982351019
"1865",286.5,0.75,1,0.97317934382902
"1866",286.75,0.75,1,0.957162952215391
"1867",287,0.75,1,0.940175293657752
"1868",287.25,0.75,1,0.922131750181342
"1869",287.5,0.75,1,0.902733606746282
"1870",287.75,0.75,1,0.882729130546563
"1871",288,0.75,1,0.862491289937675
"1872",288.25,0.75,1,0.839557819009897
"1873",288.5,0.75,1,0.816249153292611
"1874",288.75,0.75,1,0.793574043696211
"1875",289,0.75,1,0.765474245903831
"1876",289.25,0.75,1,0.742357429142646
"1877",289.5,0.75,1,0.71168395620231
"1878",289.75,0.75,1,0.683154490151231
"1879",290,0.75,1,0.650071675760036
"1880",290.25,0.75,1,0.621967857619029
"1881",290.5,0.75,1,0.589459815953336
"1882",290.75,0.75,1,0.55058646018648
"1883",291,0.75,1,0.522218285845745
"1884",291.25,0.75,1,0.488364771481771
"1885",291.5,0.75,1,0.446488083802735
"1886",291.75,0.75,1,0.394977925262579
"1887",292,0.75,1,0.368456676396939
"1888",292.25,0.75,1,0.338192997014035
"1889",292.5,0.75,1,0.299184945158938
"1890",292.75,0.75,1,0.251667391545482
"1891",293,0.75,1,0.219321159946065
"1892",278,0.775,1,1.08924791642613
"1893",278.25,0.775,1,1.09861532124844
"1894",278.5,0.775,1,1.10492447860611
"1895",278.75,0.775,1,1.10897853599486
"1896",279,0.775,1,1.11163733341571
"1897",279.25,0.775,1,1.1136314893287
"1898",279.5,0.775,1,1.11527856778134
"1899",279.75,0.775,1,1.11669735893487
"1900",280,0.775,1,1.11788673188853
"1901",280.25,0.775,1,1.11877656810856
"1902",280.5,0.775,1,1.11949290621366
"1903",280.75,0.775,1,1.11985618185738
"1904",281,0.775,1,1.12000209065691
"1905",281.25,0.775,1,1.11973941025287
"1906",281.5,0.775,1,1.11912739170663
"1907",281.75,0.775,1,1.11813031884544
"1908",282,0.775,1,1.11662847553371
"1909",282.25,0.775,1,1.11475032019362
"1910",282.5,0.775,1,1.11239227998551
"1911",282.75,0.775,1,1.10943023930287
"1912",283,0.775,1,1.10590981220452
"1913",283.25,0.775,1,1.10179583028309
"1914",283.5,0.775,1,1.09704295791122
"1915",283.75,0.775,1,1.09162827795971
"1916",284,0.775,1,1.08549452258452
"1917",284.25,0.775,1,1.07854464460436
"1918",284.5,0.775,1,1.07089049952649
"1919",284.75,0.775,1,1.0623554917347
"1920",285,0.775,1,1.05299986683566
"1921",285.25,0.775,1,1.04280503332771
"1922",285.5,0.775,1,1.03167048451298
"1923",285.75,0.775,1,1.01972415060086
"1924",286,0.775,1,1.006856225067
"1925",286.25,0.775,1,0.993030818157261
"1926",286.5,0.775,1,0.978229905201254
"1927",286.75,0.775,1,0.962535957518742
"1928",287,0.775,1,0.94592100565358
"1929",287.25,0.775,1,0.928086359688106
"1930",287.5,0.775,1,0.909666824070841
"1931",287.75,0.775,1,0.890020713816712
"1932",288,0.775,1,0.870016849030191
"1933",288.25,0.775,1,0.847226745673179
"1934",288.5,0.775,1,0.825829138206547
"1935",288.75,0.775,1,0.800232420153635
"1936",289,0.775,1,0.777909131325613
"1937",289.25,0.775,1,0.749530710324415
"1938",289.5,0.775,1,0.721786973414179
"1939",289.75,0.775,1,0.696650852547955
"1940",290,0.775,1,0.668641103202601
"1941",290.25,0.775,1,0.636133407539894
"1942",290.5,0.775,1,0.60891966379111
"1943",290.75,0.775,1,0.577272078730567
"1944",291,0.775,1,0.539247019553249
"1945",291.25,0.775,1,0.512008881464137
"1946",291.5,0.775,1,0.47939972202757
"1947",291.75,0.775,1,0.439057059343653
"1948",292,0.775,1,0.388922542843309
"1949",292.25,0.775,1,0.362905214606811
"1950",292.5,0.775,1,0.291721386065898
"1951",292.75,0.775,1,0.239468018431533
"1952",293,0.775,1,0.208057172285407
"1953",278,0.8,1,1.09677451800803
"1954",278.25,0.8,1,1.10157641088703
"1955",278.5,0.8,1,1.10471628171816
"1956",278.75,0.8,1,1.10705833987336
"1957",279,0.8,1,1.1090913243388
"1958",279.25,0.8,1,1.11085258237268
"1959",279.5,0.8,1,1.11236332327959
"1960",279.75,0.8,1,1.11375825353475
"1961",280,0.8,1,1.11495550413344
"1962",280.25,0.8,1,1.11587471202533
"1963",280.5,0.8,1,1.11662809775674
"1964",280.75,0.8,1,1.11705004969141
"1965",281,0.8,1,1.11719232340473
"1966",281.25,0.8,1,1.11701662305693
"1967",281.5,0.8,1,1.1164972257909
"1968",281.75,0.8,1,1.11560409032715
"1969",282,0.8,1,1.11430364805386
"1970",282.25,0.8,1,1.11257258447405
"1971",282.5,0.8,1,1.11029983719737
"1972",282.75,0.8,1,1.1075223842799
"1973",283,0.8,1,1.10428165290735
"1974",283.25,0.8,1,1.10038949705276
"1975",283.5,0.8,1,1.09588340204134
"1976",283.75,0.8,1,1.09065984713339
"1977",284,0.8,1,1.08481740740159
"1978",284.25,0.8,1,1.078250370967
"1979",284.5,0.8,1,1.07084529407091
"1980",284.75,0.8,1,1.06264787861915
"1981",285,0.8,1,1.05360527377516
"1982",285.25,0.8,1,1.04370677178905
"1983",285.5,0.8,1,1.03294278885077
"1984",285.75,0.8,1,1.02125750488763
"1985",286,0.8,1,1.00874123161491
"1986",286.25,0.8,1,0.995324585767904
"1987",286.5,0.8,1,0.980934155216512
"1988",286.75,0.8,1,0.965646334143993
"1989",287,0.8,1,0.949473789392417
"1990",287.25,0.8,1,0.932232686766636
"1991",287.5,0.8,1,0.914262430781829
"1992",287.75,0.8,1,0.895146427891824
"1993",288,0.8,1,0.874550445779968
"1994",288.25,0.8,1,0.853320252113608
"1995",288.5,0.8,1,0.831983178999496
"1996",288.75,0.8,1,0.808866995380281
"1997",289,0.8,1,0.783078244291548
"1998",289.25,0.8,1,0.757416679861123
"1999",289.5,0.8,1,0.733287714109451
"2000",289.75,0.8,1,0.70613771168794
"2001",290,0.8,1,0.67441100411422
"2002",290.25,0.8,1,0.645791262193605
"2003",290.5,0.8,1,0.611871300166492
"2004",290.75,0.8,1,0.584210413417921
"2005",291,0.8,1,0.551225335409961
"2006",291.25,0.8,1,0.510725083563886
"2007",291.5,0.8,1,0.482595833182196
"2008",291.75,0.8,1,0.448242033970533
"2009",292,0.8,1,0.405080409854661
"2010",292.25,0.8,1,0.383440497651423
"2011",292.5,0.8,1,0.322369068405294
"2012",292.75,0.8,1,0.287819443854988
"2013",293,0.8,1,0.239928665819562
"2014",278,0.825,1,1.09470466230384
"2015",278.25,0.825,1,1.09735655481925
"2016",278.5,0.825,1,1.09954065509191
"2017",278.75,0.825,1,1.10155746182485
"2018",279,0.825,1,1.10336623378667
"2019",279.25,0.825,1,1.1050397927049
"2020",279.5,0.825,1,1.10651058138462
"2021",279.75,0.825,1,1.107871273388
"2022",280,0.825,1,1.1090443915424
"2023",280.25,0.825,1,1.10996055935437
"2024",280.5,0.825,1,1.1106567306678
"2025",280.75,0.825,1,1.11116453148038
"2026",281,0.825,1,1.11133762860883
"2027",281.25,0.825,1,1.11121206423498
"2028",281.5,0.825,1,1.11075337185171
"2029",281.75,0.825,1,1.10987209370776
"2030",282,0.825,1,1.10867141110394
"2031",282.25,0.825,1,1.10706001618736
"2032",282.5,0.825,1,1.10493276677201
"2033",282.75,0.825,1,1.10231939382218
"2034",283,0.825,1,1.09918885632572
"2035",283.25,0.825,1,1.09551375440721
"2036",283.5,0.825,1,1.09125356862925
"2037",283.75,0.825,1,1.08637779698902
"2038",284,0.825,1,1.08082864792711
"2039",284.25,0.825,1,1.07453372263778
"2040",284.5,0.825,1,1.06755538108653
"2041",284.75,0.825,1,1.05974782982684
"2042",285,0.825,1,1.05112669374251
"2043",285.25,0.825,1,1.04165070919295
"2044",285.5,0.825,1,1.03128801439397
"2045",285.75,0.825,1,1.01996055574489
"2046",286,0.825,1,1.00779443094356
"2047",286.25,0.825,1,0.994705282740834
"2048",286.5,0.825,1,0.980802933797457
"2049",286.75,0.825,1,0.965884617487873
"2050",287,0.825,1,0.950096715231783
"2051",287.25,0.825,1,0.933286071105689
"2052",287.5,0.825,1,0.915782038096417
"2053",287.75,0.825,1,0.897140135558637
"2054",288,0.825,1,0.877924379233785
"2055",288.25,0.825,1,0.857341834959096
"2056",288.5,0.825,1,0.834634036668606
"2057",288.75,0.825,1,0.813640611694617
"2058",289,0.825,1,0.787782185664778
"2059",289.25,0.825,1,0.765376545802807
"2060",289.5,0.825,1,0.740345188649186
"2061",289.75,0.825,1,0.711426722435812
"2062",290,0.825,1,0.683997751651229
"2063",290.25,0.825,1,0.651203386759018
"2064",290.5,0.825,1,0.622097080969498
"2065",290.75,0.825,1,0.586775687859458
"2066",291,0.825,1,0.558574884615415
"2067",291.25,0.825,1,0.524068019766372
"2068",291.5,0.825,1,0.501934943717984
"2069",291.75,0.825,1,0.451468738964722
"2070",292,0.825,1,0.414853620771283
"2071",292.25,0.825,1,0.399520195274156
"2072",292.5,0.825,1,0.346180253757835
"2073",292.75,0.825,1,0.318709797135347
"2074",293,0.825,1,0.28407052843344
"2075",278,0.85,1,1.08686438670696
"2076",278.25,0.85,1,1.08892863370676
"2077",278.5,0.85,1,1.09082852740433
"2078",278.75,0.85,1,1.09261548926085
"2079",279,0.85,1,1.09430706777522
"2080",279.25,0.85,1,1.09588108467809
"2081",279.5,0.85,1,1.09731823740394
"2082",279.75,0.85,1,1.0985470335187
"2083",280,0.85,1,1.09964846108744
"2084",280.25,0.85,1,1.1005076391664
"2085",280.5,0.85,1,1.1011587013579
"2086",280.75,0.85,1,1.10163605552009
"2087",281,0.85,1,1.10180116817586
"2088",281.25,0.85,1,1.1016818542381
"2089",281.5,0.85,1,1.10119549786196
"2090",281.75,0.85,1,1.1004256881548
"2091",282,0.85,1,1.09928928056342
"2092",282.25,0.85,1,1.09770969784822
"2093",282.5,0.85,1,1.09576198394712
"2094",282.75,0.85,1,1.09329374157306
"2095",283,0.85,1,1.09033801268017
"2096",283.25,0.85,1,1.08686559767349
"2097",283.5,0.85,1,1.08283402757383
"2098",283.75,0.85,1,1.0782259630591
"2099",284,0.85,1,1.07294962744641
"2100",284.25,0.85,1,1.0670506434413
"2101",284.5,0.85,1,1.0604051475305
"2102",284.75,0.85,1,1.05303190340387
"2103",285,0.85,1,1.04493282812759
"2104",285.25,0.85,1,1.03596674740677
"2105",285.5,0.85,1,1.02610016199519
"2106",285.75,0.85,1,1.01537426047913
"2107",286,0.85,1,1.00365210869721
"2108",286.25,0.85,1,0.99106278292651
"2109",286.5,0.85,1,0.977563645920617
"2110",286.75,0.85,1,0.963167347248369
"2111",287,0.85,1,0.9476989546316
"2112",287.25,0.85,1,0.931442381870695
"2113",287.5,0.85,1,0.9145174974377
"2114",287.75,0.85,1,0.896407955104366
"2115",288,0.85,1,0.877811168809148
"2116",288.25,0.85,1,0.85773815606073
"2117",288.5,0.85,1,0.83725238015375
"2118",288.75,0.85,1,0.814581308567004
"2119",289,0.85,1,0.791567020189132
"2120",289.25,0.85,1,0.768968690991371
"2121",289.5,0.85,1,0.743158695279333
"2122",289.75,0.85,1,0.718298800481649
"2123",290,0.85,1,0.688824846495436
"2124",290.25,0.85,1,0.661318732250847
"2125",290.5,0.85,1,0.627570329914349
"2126",290.75,0.85,1,0.598010424336227
"2127",291,0.85,1,0.57613970025303
"2128",291.25,0.85,1,0.53232316966226
"2129",291.5,0.85,1,0.496045408314335
"2130",291.75,0.85,1,0.473620009533292
"2131",292,0.85,1,0.44533325644313
"2132",292.25,0.85,1,0.409677367055436
"2133",292.5,0.85,1,0.36418575298221
"2134",292.75,0.85,1,0.342561654184072
"2135",293,0.85,1,0.27407174117791
"2136",278,0.875,1,1.07484636354436
"2137",278.25,0.875,1,1.07662075674469
"2138",278.5,0.875,1,1.07832850033088
"2139",278.75,0.875,1,1.0799305060991
"2140",279,0.875,1,1.0814410614552
"2141",279.25,0.875,1,1.08280600306679
"2142",279.5,0.875,1,1.08409200666642
"2143",279.75,0.875,1,1.08520259824175
"2144",280,0.875,1,1.08617884803904
"2145",280.25,0.875,1,1.08692383701512
"2146",280.5,0.875,1,1.08747110655628
"2147",280.75,0.875,1,1.08780568789288
"2148",281,0.875,1,1.08790051251307
"2149",281.25,0.875,1,1.08773512631353
"2150",281.5,0.875,1,1.08728658953879
"2151",281.75,0.875,1,1.08647659393641
"2152",282,0.875,1,1.08536905918665
"2153",282.25,0.875,1,1.08384905322437
"2154",282.5,0.875,1,1.08198671839374
"2155",282.75,0.875,1,1.07964783698295
"2156",283,0.875,1,1.07684868947813
"2157",283.25,0.875,1,1.073571186872
"2158",283.5,0.875,1,1.06978008257573
"2159",283.75,0.875,1,1.06544401446766
"2160",284,0.875,1,1.06049900048472
"2161",284.25,0.875,1,1.05498275059785
"2162",284.5,0.875,1,1.0487439363593
"2163",284.75,0.875,1,1.04187612974632
"2164",285,0.875,1,1.03424981378993
"2165",285.25,0.875,1,1.02585569553765
"2166",285.5,0.875,1,1.01665436500635
"2167",285.75,0.875,1,1.00656966717405
"2168",286,0.875,1,0.995610421881702
"2169",286.25,0.875,1,0.983657675418156
"2170",286.5,0.875,1,0.970686793798133
"2171",286.75,0.875,1,0.956851438190593
"2172",287,0.875,1,0.942091734389825
"2173",287.25,0.875,1,0.926537239799337
"2174",287.5,0.875,1,0.909912156593122
"2175",287.75,0.875,1,0.892561282102782
"2176",288,0.875,1,0.87470639071888
"2177",288.25,0.875,1,0.855430871333404
"2178",288.5,0.875,1,0.835638966191195
"2179",288.75,0.875,1,0.813537136017965
"2180",289,0.875,1,0.790750440108679
"2181",289.25,0.875,1,0.76800166171314
"2182",289.5,0.875,1,0.746049277845752
"2183",289.75,0.875,1,0.720353149774234
"2184",290,0.875,1,0.68855892954117
"2185",290.25,0.875,1,0.666128011124714
"2186",290.5,0.875,1,0.638691514716454
"2187",290.75,0.875,1,0.603951987142122
"2188",291,0.875,1,0.573925197605316
"2189",291.25,0.875,1,0.535349721967122
"2190",291.5,0.875,1,0.505613629503766
"2191",291.75,0.875,1,0.467219606785515
"2192",292,0.875,1,0.444202705263088
"2193",292.25,0.875,1,0.414323938671823
"2194",292.5,0.875,1,0.375853931832749
"2195",292.75,0.875,1,0.326098240355751
"2196",293,0.875,1,0.303016834578149
"2197",278,0.9,1,1.0582183613662
"2198",278.25,0.9,1,1.05970185641454
"2199",278.5,0.9,1,1.06114923079969
"2200",278.75,0.9,1,1.06250680228576
"2201",279,0.9,1,1.06374693381035
"2202",279.25,0.9,1,1.06489233641843
"2203",279.5,0.9,1,1.06589105793658
"2204",279.75,0.9,1,1.0668156211612
"2205",280,0.9,1,1.06755925848888
"2206",280.25,0.9,1,1.06814922147883
"2207",280.5,0.9,1,1.06859023528351
"2208",280.75,0.9,1,1.06877921874517
"2209",281,0.9,1,1.06869973013203
"2210",281.25,0.9,1,1.06841609179423
"2211",281.5,0.9,1,1.06787527830786
"2212",281.75,0.9,1,1.06705300777912
"2213",282,0.9,1,1.06588771526743
"2214",282.25,0.9,1,1.0643879116201
"2215",282.5,0.9,1,1.06256474529311
"2216",282.75,0.9,1,1.06033033189914
"2217",283,0.9,1,1.0576874825795
"2218",283.25,0.9,1,1.05459504941345
"2219",283.5,0.9,1,1.05105651663671
"2220",283.75,0.9,1,1.04702005066537
"2221",284,0.9,1,1.04242961246031
"2222",284.25,0.9,1,1.03729565898571
"2223",284.5,0.9,1,1.03151639351464
"2224",284.75,0.9,1,1.02511645810566
"2225",285,0.9,1,1.01811367561087
"2226",285.25,0.9,1,1.01033751390088
"2227",285.5,0.9,1,1.0018216248982
"2228",285.75,0.9,1,0.992526012449163
"2229",286,0.9,1,0.982412331488902
"2230",286.25,0.9,1,0.971377243056226
"2231",286.5,0.9,1,0.959384459940243
"2232",286.75,0.9,1,0.946276236574327
"2233",287,0.9,1,0.932232815959764
"2234",287.25,0.9,1,0.917161757102615
"2235",287.5,0.9,1,0.901280813677611
"2236",287.75,0.9,1,0.884855913863111
"2237",288,0.9,1,0.866881427736483
"2238",288.25,0.9,1,0.848201829690921
"2239",288.5,0.9,1,0.829156694508218
"2240",288.75,0.9,1,0.810001851169383
"2241",289,0.9,1,0.788033289307842
"2242",289.25,0.9,1,0.765715391402197
"2243",289.5,0.9,1,0.743749759698052
"2244",289.75,0.9,1,0.71686210091501
"2245",290,0.9,1,0.690188147460728
"2246",290.25,0.9,1,0.665330695951471
"2247",290.5,0.9,1,0.633242560590557
"2248",290.75,0.9,1,0.604060197840167
"2249",291,0.9,1,0.580843883633418
"2250",291.25,0.9,1,0.550196246496803
"2251",291.5,0.9,1,0.509418937293455
"2252",291.75,0.9,1,0.478551870245655
"2253",292,0.9,1,0.463174271194723
"2254",292.25,0.9,1,0.413639713675957
"2255",292.5,0.9,1,0.381692650276487
"2256",292.75,0.9,1,0.339929787036715
"2257",293,0.9,1,0.324744054167382
"2258",278,0.925,1,1.03571792021978
"2259",278.25,0.925,1,1.03682067415198
"2260",278.5,0.925,1,1.0378636857394
"2261",278.75,0.925,1,1.03881265296105
"2262",279,0.925,1,1.03973811829703
"2263",279.25,0.925,1,1.04053780957728
"2264",279.5,0.925,1,1.04126671384982
"2265",279.75,0.925,1,1.0418237278573
"2266",280,0.925,1,1.04224044595796
"2267",280.25,0.925,1,1.04255496101897
"2268",280.5,0.925,1,1.04268155857739
"2269",280.75,0.925,1,1.04264167978038
"2270",281,0.925,1,1.04239489290822
"2271",281.25,0.925,1,1.04196426077359
"2272",281.5,0.925,1,1.04129503185662
"2273",281.75,0.925,1,1.04034100415312
"2274",282,0.925,1,1.03913810312915
"2275",282.25,0.925,1,1.03761671136946
"2276",282.5,0.925,1,1.03578311057149
"2277",282.75,0.925,1,1.03363757676351
"2278",283,0.925,1,1.03110973529948
"2279",283.25,0.925,1,1.02821427345986
"2280",283.5,0.925,1,1.02487278719822
"2281",283.75,0.925,1,1.02113233915015
"2282",284,0.925,1,1.01690962907198
"2283",284.25,0.925,1,1.01218313942534
"2284",284.5,0.925,1,1.0069585434321
"2285",284.75,0.925,1,1.00117205161124
"2286",285,0.925,1,0.994811116715257
"2287",285.25,0.925,1,0.98776490393183
"2288",285.5,0.925,1,0.980063986500352
"2289",285.75,0.925,1,0.971658456103657
"2290",286,0.925,1,0.96249040742063
"2291",286.25,0.925,1,0.952531152844755
"2292",286.5,0.925,1,0.941713058645469
"2293",286.75,0.925,1,0.929958277447914
"2294",287,0.925,1,0.916713229123397
"2295",287.25,0.925,1,0.902965088551782
"2296",287.5,0.925,1,0.887531866218951
"2297",287.75,0.925,1,0.872328319407182
"2298",288,0.925,1,0.855622989824939
"2299",288.25,0.925,1,0.836219492085141
"2300",288.5,0.925,1,0.818314790548146
"2301",288.75,0.925,1,0.800415963372649
"2302",289,0.925,1,0.778910573262299
"2303",289.25,0.925,1,0.756789091817697
"2304",289.5,0.925,1,0.734626738583152
"2305",289.75,0.925,1,0.713180223741919
"2306",290,0.925,1,0.684983603374247
"2307",290.25,0.925,1,0.657270570780425
"2308",290.5,0.925,1,0.631755300546008
"2309",290.75,0.925,1,0.610710189272318
"2310",291,0.925,1,0.581383223500739
"2311",291.25,0.925,1,0.540737104322075
"2312",291.5,0.925,1,0.506463267957894
"2313",291.75,0.925,1,0.483521983601327
"2314",292,0.925,1,0.451066756524299
"2315",292.25,0.925,1,0.43600297254273
"2316",292.5,0.925,1,0.381682925686813
"2317",292.75,0.925,1,0.347231038050312
"2318",293,0.925,1,0.339909424010771
"2319",278,0.95,1,1.0046203853354
"2320",278.25,0.95,1,1.00519470864111
"2321",278.5,0.95,1,1.00572477926717
"2322",278.75,0.95,1,1.00618647453557
"2323",279,0.95,1,1.00654171265157
"2324",279.25,0.95,1,1.0068301283635
"2325",279.5,0.95,1,1.007033663606
"2326",279.75,0.95,1,1.00714514543768
"2327",280,0.95,1,1.00717346135266
"2328",280.25,0.95,1,1.00706092374848
"2329",280.5,0.95,1,1.00681131163413
"2330",280.75,0.95,1,1.00639304623435
"2331",281,0.95,1,1.00579776486604
"2332",281.25,0.95,1,1.00502790127406
"2333",281.5,0.95,1,1.00406179822741
"2334",281.75,0.95,1,1.00291394331244
"2335",282,0.95,1,1.00153064100897
"2336",282.25,0.95,1,0.999924711349381
"2337",282.5,0.95,1,0.998050948871273
"2338",282.75,0.95,1,0.995911914230467
"2339",283,0.95,1,0.993487167610788
"2340",283.25,0.95,1,0.990751097015094
"2341",283.5,0.95,1,0.987709167808052
"2342",283.75,0.95,1,0.984286301587966
"2343",284,0.95,1,0.980531845917738
"2344",284.25,0.95,1,0.976372123647158
"2345",284.5,0.95,1,0.971775133296754
"2346",284.75,0.95,1,0.966706940516153
"2347",285,0.95,1,0.961094784295504
"2348",285.25,0.95,1,0.954909881364711
"2349",285.5,0.95,1,0.948179366209013
"2350",285.75,0.95,1,0.94083589624953
"2351",286,0.95,1,0.932823031370684
"2352",286.25,0.95,1,0.924142638545465
"2353",286.5,0.95,1,0.914759752840493
"2354",286.75,0.95,1,0.904609568546015
"2355",287,0.95,1,0.893591527534557
"2356",287.25,0.95,1,0.881409882999621
"2357",287.5,0.95,1,0.866551340551283
"2358",287.75,0.95,1,0.85147819378964
"2359",288,0.95,1,0.83613171910085
"2360",288.25,0.95,1,0.820635406470924
"2361",288.5,0.95,1,0.801463776453802
"2362",288.75,0.95,1,0.781058044446979
"2363",289,0.95,1,0.765282402961204
"2364",289.25,0.95,1,0.743971632592935
"2365",289.5,0.95,1,0.722240207014028
"2366",289.75,0.95,1,0.700696286864432
"2367",290,0.95,1,0.669791870640559
"2368",290.25,0.95,1,0.650208159193614
"2369",290.5,0.95,1,0.620954528044183
"2370",290.75,0.95,1,0.594448509674717
"2371",291,0.95,1,0.573394896732533
"2372",291.25,0.95,1,0.541011927099984
"2373",291.5,0.95,1,0.516981488183683
"2374",291.75,0.95,1,0.480694108185886
"2375",292,0.95,1,0.457672283359777
"2376",292.25,0.95,1,0.422950362901179
"2377",292.5,0.95,1,0.374401192873549
"2378",292.75,0.95,1,0.34785671518097
"2379",293,0.95,1,0.349174790098001
"2380",278,0.975,1,0.958869407203994
"2381",278.25,0.975,1,0.958575849770502
"2382",278.5,0.975,1,0.958235007826403
"2383",278.75,0.975,1,0.957862464896177
"2384",279,0.975,1,0.957442445987554
"2385",279.25,0.975,1,0.956974788954303
"2386",279.5,0.975,1,0.956438461508221
"2387",279.75,0.975,1,0.955808111340133
"2388",280,0.975,1,0.955073911355456
"2389",280.25,0.975,1,0.954259058975558
"2390",280.5,0.975,1,0.953351669486489
"2391",280.75,0.975,1,0.952340864234691
"2392",281,0.975,1,0.951226389713375
"2393",281.25,0.975,1,0.949982598352781
"2394",281.5,0.975,1,0.948609807372878
"2395",281.75,0.975,1,0.947082850322311
"2396",282,0.975,1,0.945407018079289
"2397",282.25,0.975,1,0.94355858373202
"2398",282.5,0.975,1,0.941534335078968
"2399",282.75,0.975,1,0.939329171809074
"2400",283,0.975,1,0.936934925649526
"2401",283.25,0.975,1,0.93434025450744
"2402",283.5,0.975,1,0.931527829022613
"2403",283.75,0.975,1,0.928488725468959
"2404",284,0.975,1,0.925172345288056
"2405",284.25,0.975,1,0.92156971997718
"2406",284.5,0.975,1,0.917629691187679
"2407",284.75,0.975,1,0.913336400035948
"2408",285,0.975,1,0.908670850220493
"2409",285.25,0.975,1,0.903619653768252
"2410",285.5,0.975,1,0.898158483206679
"2411",285.75,0.975,1,0.892190862233867
"2412",286,0.975,1,0.885793762451004
"2413",286.25,0.975,1,0.878931562164653
"2414",286.5,0.975,1,0.87156627255728
"2415",286.75,0.975,1,0.86367010582152
"2416",287,0.975,1,0.855191673638277
"2417",287.25,0.975,1,0.846043737602433
"2418",287.5,0.975,1,0.835814822831964
"2419",287.75,0.975,1,0.820865763766898
"2420",288,0.975,1,0.803924806482335
"2421",288.25,0.975,1,0.786041693803357
"2422",288.5,0.975,1,0.774728798182155
"2423",288.75,0.975,1,0.755899824127139
"2424",289,0.975,1,0.735978352863354
"2425",289.25,0.975,1,0.715008152586371
"2426",289.5,0.975,1,0.693170185297178
"2427",289.75,0.975,1,0.670875576861961
"2428",290,0.975,1,0.648849217909953
"2429",290.25,0.975,1,0.628279071083669
"2430",290.5,0.975,1,0.610945744945514
"2431",290.75,0.975,1,0.578520761497232
"2432",291,0.975,1,0.5501256386813
"2433",291.25,0.975,1,0.529004461226926
"2434",291.5,0.975,1,0.491610636406893
"2435",291.75,0.975,1,0.465240881285956
"2436",292,0.975,1,0.455251754134979
"2437",292.25,0.975,1,0.39631055732866
"2438",292.5,0.975,1,0.393620117717231
"2439",292.75,0.975,1,0.339155684737455
"2440",293,0.975,1,0.311148784801983
"2441",278,1,1,0.873126934634947
"2442",278.25,1,1,0.871022818684468
"2443",278.5,1,1,0.868890355225742
"2444",278.75,1,1,0.866729310861401
"2445",279,1,1,0.864539454026426
"2446",279.25,1,1,0.8623205551158
"2447",279.5,1,1,0.860072386614873
"2448",279.75,1,1,0.857794723232466
"2449",280,1,1,0.855487342036698
"2450",280.25,1,1,0.853150022593554
"2451",280.5,1,1,0.850782547108184
"2452",280.75,1,1,0.848384700568939
"2453",281,1,1,0.845956270894129
"2454",281.25,1,1,0.843497049081507
"2455",281.5,1,1,0.841006829360467
"2456",281.75,1,1,0.838485409346935
"2457",282,1,1,0.835932590200946
"2458",282.25,1,1,0.833348176786895
"2459",282.5,1,1,0.830731977836422
"2460",282.75,1,1,0.828083806113929
"2461",283,1,1,0.825403478584684
"2462",283.25,1,1,0.822690816585496
"2463",283.5,1,1,0.819945645997915
"2464",283.75,1,1,0.817167797423925
"2465",284,1,1,0.814357106364096
"2466",284.25,1,1,0.811513413398129
"2467",284.5,1,1,0.808636564367778
"2468",284.75,1,1,0.805726410562059
"2469",285,1,1,0.802782808904725
"2470",285.25,1,1,0.799805622143916
"2471",285.5,1,1,0.796794719043941
"2472",285.75,1,1,0.793749974579109
"2473",286,1,1,0.790671270129543
"2474",286.25,1,1,0.787558493678893
"2475",286.5,1,1,0.784411540013868
"2476",286.75,1,1,0.781230310925497
"2477",287,1,1,0.778014715412023
"2478",287.25,1,1,0.774764669883345
"2479",287.5,1,1,0.771480098366881
"2480",287.75,1,1,0.717500638013342
"2481",288,1,1,0.692718749854857
"2482",288.25,1,1,0.674378104384466
"2483",288.5,1,1,0.66017755924882
"2484",288.75,1,1,0.645601033052329
"2485",289,1,1,0.627910199830873
"2486",289.25,1,1,0.606444792259476
"2487",289.5,1,1,0.58203255771855
"2488",289.75,1,1,0.556578659793359
"2489",290,1,1,0.532744323764583
"2490",290.25,1,1,0.513567063405547
"2491",290.5,1,1,0.501990633811003
"2492",290.75,1,1,0.500248456133878
"2493",291,1,1,0.508834257865236
"2494",291.25,1,1,0.473140705563836
"2495",291.5,1,1,0.456549382723883
"2496",291.75,1,1,0.402971810045746
"2497",292,1,1,0.433251014198893
"2498",292.25,1,1,0.379128911843379
"2499",292.5,1,1,0.354729707147714
"2500",292.75,1,1,0.361474788892154
"2501",293,1,1,0.296896635751191
