"T","kappa","Y","Lambda"
"1",280,0,1,1.38350849403752e-15
"2",280.25,0,1,1.02130280851996e-15
"3",280.5,0,1,7.50753907200412e-16
"4",280.75,0,1,5.49529139151681e-16
"5",281,0,1,4.00509956003125e-16
"6",281.25,0,1,2.90632735831301e-16
"7",281.5,0,1,2.09972910412746e-16
"8",281.75,0,1,1.51024766400512e-16
"9",282,0,1,1.08137824388202e-16
"10",282.25,0,1,7.70778793729317e-17
"11",282.5,0,1,5.46867891497392e-17
"12",282.75,0,1,3.86200856738101e-17
"13",283,0,1,2.71456046668147e-17
"14",283.25,0,1,1.89897096300032e-17
"15",283.5,0,1,1.3220458940123e-17
"16",283.75,0,1,9.15926555974396e-18
"17",284,0,1,6.31447080852554e-18
"18",284.25,0,1,4.33163114825894e-18
"19",284.5,0,1,2.95651383161676e-18
"20",284.75,0,1,2.00769514927808e-18
"21",285,0,1,1.35637640892868e-18
"22",285.25,0,1,9.11595579401734e-19
"23",285.5,0,1,6.09450397017729e-19
"24",285.75,0,1,4.05287358501974e-19
"25",286,0,1,2.68071336989483e-19
"26",286.25,0,1,1.76349462976971e-19
"27",286.5,0,1,1.15373978228355e-19
"28",286.75,0,1,7.50628072287951e-20
"29",287,0,1,4.85621495149358e-20
"30",287.25,0,1,3.12391951053037e-20
"31",287.5,0,1,1.99803450241703e-20
"32",287.75,0,1,1.27051393835268e-20
"33",288,0,1,8.03157986049037e-21
"34",288.25,0,1,5.04706766984013e-21
"35",288.5,0,1,3.15257243133608e-21
"36",288.75,0,1,1.95726541658088e-21
"37",289,0,1,1.20771282149544e-21
"38",289.25,0,1,7.40588962636662e-22
"39",289.5,0,1,4.51294863412317e-22
"40",289.75,0,1,2.73264255899852e-22
"41",290,0,1,1.64404584178432e-22
"42",290.25,0,1,9.82704035147549e-23
"43",290.5,0,1,5.83549943540172e-23
"44",290.75,0,1,3.44229608110853e-23
"45",291,0,1,2.01697924365171e-23
"46",291.25,0,1,1.17383064944289e-23
"47",291.5,0,1,6.78465454796139e-24
"48",291.75,0,1,3.89435426705971e-24
"49",292,0,1,2.21970577465607e-24
"50",280,0.025,1,0
"51",280.25,0.025,1,0
"52",280.5,0.025,1,0
"53",280.75,0.025,1,0
"54",281,0.025,1,0
"55",281.25,0.025,1,0
"56",281.5,0.025,1,0
"57",281.75,0.025,1,0
"58",282,0.025,1,0
"59",282.25,0.025,1,0
"60",282.5,0.025,1,0
"61",282.75,0.025,1,0
"62",283,0.025,1,0
"63",283.25,0.025,1,0
"64",283.5,0.025,1,0
"65",283.75,0.025,1,0
"66",284,0.025,1,0
"67",284.25,0.025,1,0
"68",284.5,0.025,1,0
"69",284.75,0.025,1,0
"70",285,0.025,1,0
"71",285.25,0.025,1,0
"72",285.5,0.025,1,0
"73",285.75,0.025,1,0
"74",286,0.025,1,0
"75",286.25,0.025,1,0
"76",286.5,0.025,1,0
"77",286.75,0.025,1,0
"78",287,0.025,1,0
"79",287.25,0.025,1,0
"80",287.5,0.025,1,0
"81",287.75,0.025,1,0
"82",288,0.025,1,0
"83",288.25,0.025,1,0
"84",288.5,0.025,1,0
"85",288.75,0.025,1,0
"86",289,0.025,1,1.6172848576614e-13
"87",289.25,0.025,1,8.49334999063716e-14
"88",289.5,0.025,1,4.33802018060951e-14
"89",289.75,0.025,1,2.15429773042999e-14
"90",290,0.025,1,1.04007858425773e-14
"91",290.25,0.025,1,4.88186304394011e-15
"92",290.5,0.025,1,2.22817287166383e-15
"93",290.75,0.025,1,9.8927242668638e-16
"94",291,0.025,1,4.27487253652742e-16
"95",291.25,0.025,1,1.79921840679393e-16
"96",291.5,0.025,1,7.3822185425829e-17
"97",291.75,0.025,1,2.95592011031718e-17
"98",292,0.025,1,1.15645782275025e-17
"99",280,0.05,1,0.0870953629490662
"100",280.25,0.05,1,0.0834484583882802
"101",280.5,0.05,1,0.0799005926507568
"102",280.75,0.05,1,0.0764515100918126
"103",281,0.05,1,0.0731008556774368
"104",281.25,0.05,1,0.0698481762016827
"105",281.5,0.05,1,0.0666929217309492
"106",281.75,0.05,1,0.0636344472725154
"107",282,0.05,1,0.0606720146638002
"108",282.25,0.05,1,0.0578047946779351
"109",282.5,0.05,1,0.0550318693403463
"110",282.75,0.05,1,0.0523522344501614
"111",283,0.05,1,0.0497648022993827
"112",283.25,0.05,1,0.0472684045819287
"113",283.5,0.05,1,0.0448617954837675
"114",283.75,0.05,1,0.0425436549446186
"115",284,0.05,1,0.0403125920808612
"116",284.25,0.05,1,0.0381671487586046
"117",284.5,0.05,1,0.0361058033050945
"118",284.75,0.05,1,0.0341269743460609
"119",285,0.05,1,0.0322290247559538
"120",285.25,0.05,1,0.0304102657074911
"121",285.5,0.05,1,0.0286689608064578
"122",285.75,0.05,1,0.0270033302972842
"123",286,0.05,1,0.0254115553245944
"124",286.25,0.05,1,0
"125",286.5,0.05,1,0
"126",286.75,0.05,1,0
"127",287,0.05,1,0
"128",287.25,0.05,1,0
"129",287.5,0.05,1,0
"130",287.75,0.05,1,0
"131",288,0.05,1,0
"132",288.25,0.05,1,0
"133",288.5,0.05,1,0
"134",288.75,0.05,1,0
"135",289,0.05,1,0
"136",289.25,0.05,1,0
"137",289.5,0.05,1,0
"138",289.75,0.05,1,0
"139",290,0.05,1,0
"140",290.25,0.05,1,0
"141",290.5,0.05,1,0
"142",290.75,0.05,1,0
"143",291,0.05,1,0
"144",291.25,0.05,1,0
"145",291.5,0.05,1,1.23298357960407e-13
"146",291.75,0.05,1,5.42736134479502e-14
"147",292,0.05,1,2.30200202556758e-14
"148",280,0.075,1,0.0870884106434923
"149",280.25,0.075,1,0.0834416602946427
"150",280.5,0.075,1,0.0798939538037505
"151",280.75,0.075,1,0.0764450354195099
"152",281,0.075,1,0.0730945499767426
"153",281.25,0.075,1,0.0698420441110235
"154",281.5,0.075,1,0.0666869677001487
"155",281.75,0.075,1,0.063628675529875
"156",282,0.075,1,0.0606664291804869
"157",282.25,0.075,1,0.0577993991298774
"158",282.5,0.075,1,0.0550266670679534
"159",282.75,0.075,1,0.0523472284163069
"160",283,0.075,1,0.0497599950462374
"161",283.25,0.075,1,0.0472637981873552
"162",283.5,0.075,1,0.0448573915181673
"163",283.75,0.075,1,0.0425394544292245
"164",284,0.075,1,0.0403085954486217
"165",284.25,0.075,1,0.038163355818866
"166",284.5,0.075,1,0.0361022132133981
"167",284.75,0.075,1,0.0341235855803463
"168",285,0.075,1,0.0322258351004353
"169",285.25,0.075,1,0.0304072722453674
"170",285.5,0.075,1,0.0286661599224433
"171",285.75,0.075,1,0.0270007176907116
"172",286,0.075,1,0.0254091260335384
"173",286.25,0.075,1,0.0238895306721745
"174",286.5,0.075,1,0.0224400469046869
"175",286.75,0.075,1,0.0210587639550136
"176",287,0.075,1,0.0197437493129002
"177",287.25,0.075,1,0.0184930530596067
"178",287.5,0.075,1,0.0173047121464753
"179",287.75,0.075,1,0.0161767546288202
"180",288,0.075,1,0.0151072038300096
"181",288.25,0.075,1,0.0140940824251512
"182",288.5,0.075,1,0.013135416430392
"183",288.75,0.075,1,0.0122292390850126
"184",289,0.075,1,0.011373594614228
"185",289.25,0.075,1,0.0105665418613276
"186",289.5,0.075,1,0.00980615777866798
"187",289.75,0.075,1,0.00909054076774154
"188",290,0.075,1,0
"189",290.25,0.075,1,0
"190",290.5,0.075,1,0
"191",290.75,0.075,1,0
"192",291,0.075,1,0
"193",291.25,0.075,1,0
"194",291.5,0.075,1,0
"195",291.75,0.075,1,0
"196",292,0.075,1,0
"197",280,0.1,1,0.0870799334593411
"198",280.25,0.1,1,0.0834333139667515
"199",280.5,0.1,1,0.0798857463170863
"200",280.75,0.1,1,0.0764369749312112
"201",281,0.1,1,0.0730866447910683
"202",281.25,0.1,1,0.0698343026475486
"203",281.5,0.1,1,0.0666793984545189
"204",281.75,0.1,1,0.0636212870265072
"205",282,0.1,1,0.0606592299167164
"206",282.25,0.1,1,0.0577923975112214
"207",282.5,0.1,1,0.0550198713343826
"208",282.75,0.1,1,0.0523406465597033
"209",283,0.1,1,0.0497536347195567
"210",283.25,0.1,1,0.047257666606425
"211",283.5,0.1,1,0.0448514953574796
"212",283.75,0.1,1,0.0425337997135935
"213",284,0.1,1,0.0403031874430469
"214",284.25,0.1,1,0.0381581989194279
"215",284.5,0.1,1,0.0360973108424313
"216",284.75,0.1,1,0.0341189400894632
"217",285,0.1,1,0.0322214476851712
"218",285.25,0.1,1,0.0304031428752371
"219",285.5,0.1,1,0.028662287290019
"220",285.75,0.1,1,0.0269970991829248
"221",286,0.1,1,0.0254057577277702
"222",286.25,0.1,1,0.0238864073588511
"223",286.5,0.1,1,0.0224371621370657
"224",286.75,0.1,1,0.0210561101251982
"225",287,0.1,1,0.0197413177554272
"226",287.25,0.1,1,0.0184908341722846
"227",287.5,0.1,1,0.0173026955346308
"228",287.75,0.1,1,0.0161749292607692
"229",288,0.1,1,0.015105558201517
"230",288.25,0.1,1,0.0140926047268913
"231",288.5,0.1,1,0.0131340947129952
"232",288.75,0.1,1,0.0122280614166648
"233",289,0.1,1,0.0113725492264193
"234",289.25,0.1,1,0.0105656172792245
"235",289.5,0.1,1,0.00980534293376999
"236",289.75,0.1,1,0.00908982508961293
"237",290,0.1,1,0.00841718735010267
"238",290.25,0.1,1,0.00778558101225906
"239",290.5,0.1,1,0.00719318788690023
"240",290.75,0.1,1,0.00663822293753222
"241",291,0.1,1,0.00611893673500592
"242",291.25,0.1,1,0.00563361772347554
"243",291.5,0.1,1,0.00518059429428878
"244",291.75,0.1,1,0
"245",292,0.1,1,0
"246",280,0.125,1,0.0870693127806851
"247",280.25,0.125,1,0.0834227733850169
"248",280.5,0.125,1,0.0798752968931471
"249",280.75,0.125,1,0.0764266284218378
"250",281,0.125,1,0.0730764136528984
"251",281.25,0.125,1,0.0698242000296345
"252",281.5,0.125,1,0.0666694381770451
"253",281.75,0.125,1,0.0636114835432527
"254",282,0.125,1,0.0606495982587361
"255",282.25,0.125,1,0.0577829532093302
"256",282.5,0.125,1,0.0550106303182549
"257",282.75,0.125,1,0.0523316250318032
"258",283,0.125,1,0.0497448490027385
"259",283.25,0.125,1,0.0472491329648561
"260",283.5,0.125,1,0.0448432297916616
"261",283.75,0.125,1,0.042525817731501
"262",284,0.125,1,0.0402955038109525
"263",284.25,0.125,1,0.0381508273975657
"264",284.5,0.125,1,0.0360902639123449
"265",284.75,0.125,1,0.0341122286814493
"266",285,0.125,1,0.0322150809156115
"267",285.25,0.125,1,0.0303971278045269
"268",285.5,0.125,1,0.0286566287122901
"269",285.75,0.125,1,0.0269917994584561
"270",286,0.125,1,0.025400816667971
"271",286.25,0.125,1,0.0238818221718713
"272",286.5,0.125,1,0.0224329274395231
"273",286.75,0.125,1,0.0210522180223427
"274",287,0.125,1,0.0197377579885178
"275",287.25,0.125,1,0.0184875943283107
"276",287.5,0.125,1,0.0172997613100989
"277",287.75,0.125,1,0.016172284768381
"278",288,0.125,1,0.0151031863064711
"279",288.25,0.125,1,0.0140904873984068
"280",288.5,0.125,1,0.0131322133765654
"281",288.75,0.125,1,0.0122263972934491
"282",289,0.125,1,0.0113710836479493
"283",289.25,0.125,1,0.0105643319679842
"284",289.5,0.125,1,0.00980422024270521
"285",289.75,0.125,1,0.00908884819842004
"286",290,0.125,1,0.00841634041305251
"287",290.25,0.125,1,0.00778484926437332
"288",290.5,0.125,1,0.00719255770751687
"289",290.75,0.125,1,0.00663768187748715
"290",291,0.125,1,0.00611847351256308
"291",291.25,0.125,1,0.00563322219478784
"292",291.5,0.125,1,0.00518025740411465
"293",291.75,0.125,1,0.00475795038330408
"294",292,0.125,1,0.00436471581132649
"295",280,0.15,1,0.0870556622763346
"296",280.25,0.15,1,0.0834090990863497
"297",280.5,0.15,1,0.0798616116714912
"298",280.75,0.15,1,0.0764129467190741
"299",281,0.15,1,0.073062751588586
"300",281.25,0.15,1,0.0698105754968953
"301",281.5,0.15,1,0.0666558709216527
"302",281.75,0.15,1,0.0635979952193306
"303",282,0.15,1,0.0606362124536628
"304",282.25,0.15,1,0.0577696954297028
"305",282.5,0.15,1,0.0549975279282205
"306",282.75,0.15,1,0.0523187071349715
"307",283,0.15,1,0.0497321462592523
"308",283.25,0.15,1,0.0472366773362929
"309",283.5,0.15,1,0.0448310542080983
"310",283.75,0.15,1,0.042513955678007
"311",284,0.15,1,0.0402839888343104
"312",284.25,0.15,1,0.038139692538677
"313",284.5,0.15,1,0.0360795410750945
"314",284.75,0.15,1,0.0341019479546368
"315",285,0.15,1,0.0322052698703815
"316",285.25,0.15,1,0.0303878107951074
"317",285.5,0.15,1,0.0286478262119347
"318",285.75,0.15,1,0.0269835274648451
"319",286,0.15,1,0.0253930862121998
"320",286.25,0.15,1,0.0238746389622321
"321",286.5,0.15,1,0.0224262916654228
"322",286.75,0.15,1,0.021046124335156
"323",287,0.15,1,0.0197321956655659
"324",287.25,0.15,1,0.0184825476144393
"325",287.5,0.15,1,0.0172952099196816
"326",287.75,0.15,1,0.0161682045202217
"327",288,0.15,1,0.0150995498561266
"328",288.25,0.15,1,0.0140872650276935
"329",288.5,0.15,1,0.0131293737988271
"330",288.75,0.15,1,0.012223908435463
"331",289,0.15,1,0.0113689133746092
"332",289.25,0.15,1,0.0105624487233072
"333",289.5,0.15,1,0.00980259358924962
"334",289.75,0.15,1,0.00908744924590392
"335",290,0.15,1,0.00841514213495248
"336",290.25,0.15,1,0.00778382670796336
"337",290.5,0.15,1,0.00719168810779355
"338",290.75,0.15,1,0.00663694468865353
"339",291,0.15,1,0.00611785037231213
"340",291.25,0.15,1,0.005632696836792
"341",291.5,0.15,1,0.00517981553325018
"342",291.75,0.15,1,0.00475757952652716
"343",292,0.15,1,0.00436440515513073
"344",280,0.175,1,0.387734300966599
"345",280.25,0.175,1,0.383344423699345
"346",280.5,0.175,1,0.378944183827238
"347",280.75,0.175,1,0.374536375822916
"348",281,0.175,1,0.370123990594289
"349",281.25,0.175,1,0.365710199232531
"350",281.5,0.175,1,0.361298326435141
"351",281.75,0.175,1,0.356891811529952
"352",282,0.175,1,0.352494155010497
"353",282.25,0.175,1,0.348108848621734
"354",282.5,0.175,1,0.343739287356993
"355",282.75,0.175,1,0.339388662292925
"356",283,0.175,1,0.335059834044629
"357",283.25,0.175,1,0.330755187798731
"358",283.5,0.175,1,0.326476472378008
"359",283.75,0.175,1,0.322224627556865
"360",284,0.175,1,0.317999605749262
"361",284.25,0.175,1,0.313800195961661
"362",284.5,0.175,1,0.309623859047426
"363",284.75,0.175,1,0.305466582894541
"364",285,0.175,1,0.30132276244217
"365",285.25,0.175,1,0.0303722791434581
"366",285.5,0.175,1,0.0286330629695744
"367",285.75,0.175,1,0.0269695860796156
"368",286,0.175,1,0.0253800104320465
"369",286.25,0.175,1,0.0238624613864216
"370",286.5,0.175,1,0.0224150326833706
"371",286.75,0.175,1,0.0210357915362792
"372",287,0.175,1,0.0197227837713235
"373",287.25,0.175,1,0.0184740389441994
"374",287.5,0.175,1,0.0172875753598366
"375",287.75,0.175,1,0.0161614049263139
"376",288,0.175,1,0.0150935377856842
"377",288.25,0.175,1,0.0140819866808883
"378",288.5,0.175,1,0.0131247710369923
"379",288.75,0.175,1,0.0122199207538572
"380",289,0.175,1,0.0113654797235113
"381",289.25,0.175,1,0.0105595090970932
"382",289.5,0.175,1,0.00980009033240457
"383",289.75,0.175,1,0.00908532805396475
"384",290,0.175,1,0.00841335275394227
"385",290.25,0.175,1,0.00778232335586839
"386",290.5,0.175,1,0.00719042965516005
"387",290.75,0.175,1,0.00663589464258979
"388",291,0.175,1,0.00611697670996417
"389",291.25,0.175,1,0.00563197173202601
"390",291.5,0.175,1,0.00517921501519628
"391",291.75,0.175,1,0.00475708310213586
"392",292,0.175,1,0.00436399542096165
"393",280,0.2,1,0.476542452595904
"394",280.25,0.2,1,0.471397728682255
"395",280.5,0.2,1,0.46625219889818
"396",280.75,0.2,1,0.461111957414629
"397",281,0.2,1,0.455983556385891
"398",281.25,0.2,1,0.45087393621358
"399",281.5,0.2,1,0.445790317328368
"400",281.75,0.2,1,0.440740045988518
"401",282,0.2,1,0.435730387114567
"402",282.25,0.2,1,0.430768258673175
"403",282.5,0.2,1,0.425859904941157
"404",282.75,0.2,1,0.421010510485197
"405",283,0.2,1,0.41622376319291
"406",283.25,0.2,1,0.411501383334767
"407",283.5,0.2,1,0.31869455828975
"408",283.75,0.2,1,0.314433858907532
"409",284,0.2,1,0.31025410551676
"410",284.25,0.2,1,0.306159233669745
"411",284.5,0.2,1,0.302151088127203
"412",284.75,0.2,1,0.298229004165246
"413",285,0.2,1,0.294389432557577
"414",285.25,0.2,1,0.290625643614424
"415",285.5,0.2,1,0.286927546974495
"416",285.75,0.2,1,0.283281662604422
"417",286,0.2,1,0.279671271619761
"418",286.25,0.2,1,0.276076762989092
"419",286.5,0.2,1,0.272476170974221
"420",286.75,0.2,1,0.268845860413978
"421",287,0.2,1,0.265161236193268
"422",287.25,0.2,1,0.0184581795707516
"423",287.5,0.2,1,0.0172734325119581
"424",287.75,0.2,1,0.0161489108089472
"425",288,0.2,1,0.0150826009639253
"426",288.25,0.2,1,0.0140724974481062
"427",288.5,0.2,1,0.0131166071231392
"428",288.75,0.2,1,0.0122129529320511
"429",289,0.2,1,0.011359576939634
"430",289.25,0.2,1,0.0105545428553337
"431",289.5,0.2,1,0.00979593817344504
"432",289.75,0.2,1,0.00908187608440929
"433",290,0.2,1,0.00841049726533333
"434",290.25,0.2,1,0.00777997164195523
"435",290.5,0.2,1,0.00718850017308732
"436",290.75,0.2,1,0.00663431667421616
"437",291,0.2,1,0.00611568967481744
"438",291.25,0.2,1,0.00563092428486766
"439",291.5,0.2,1,0.00517836403664323
"440",291.75,0.2,1,0.0047563926647471
"441",292,0.2,1,0.00436343578887331
"442",280,0.225,1,0.518157284899436
"443",280.25,0.225,1,0.512848860472276
"444",280.5,0.225,1,0.507547901323573
"445",280.75,0.225,1,0.502264086850308
"446",281,0.225,1,0.497008151903616
"447",281.25,0.225,1,0.491791789153719
"448",281.5,0.225,1,0.486627458187299
"449",281.75,0.225,1,0.481528076157597
"450",282,0.225,1,0.476506564088259
"451",282.25,0.225,1,0.47157522471264
"452",282.5,0.225,1,0.466744933194067
"453",282.75,0.225,1,0.462024132622769
"454",283,0.225,1,0.457417643382048
"455",283.25,0.225,1,0.45292532087823
"456",283.5,0.225,1,0.388364527903057
"457",283.75,0.225,1,0.383945398076749
"458",284,0.225,1,0.379757549506393
"459",284.25,0.225,1,0.375802049656225
"460",284.5,0.225,1,0.372070748473888
"461",284.75,0.225,1,0.368544833296714
"462",285,0.225,1,0.365193884915764
"463",285.25,0.225,1,0.361975737995451
"464",285.5,0.225,1,0.35883745208073
"465",285.75,0.225,1,0.355717625882297
"466",286,0.225,1,0.352550107195149
"467",286.25,0.225,1,0.265172744814584
"468",286.5,0.225,1,0.262509884853452
"469",286.75,0.225,1,0.259899359292438
"470",287,0.225,1,0.257296613685086
"471",287.25,0.225,1,0.254655188774038
"472",287.5,0.225,1,0.251928859353885
"473",287.75,0.225,1,0.249073818482521
"474",288,0.225,1,0.246050676967597
"475",288.25,0.225,1,0.242825860485053
"476",288.5,0.225,1,0.0131003312561203
"477",288.75,0.225,1,0.0121993315734783
"478",289,0.225,1,0.0113482820020759
"479",289.25,0.225,1,0.0105452551247576
"480",289.5,0.225,1,0.00978835778194173
"481",289.75,0.225,1,0.00907572952142101
"482",290,0.225,1,0.00840554124687745
"483",290.25,0.225,1,0.00777599437705779
"484",290.5,0.225,1,0.00718532065725655
"485",290.75,0.225,1,0.00663178264029456
"486",291,0.225,1,0.00611367474041173
"487",291.25,0.225,1,0.00562932473692127
"488",291.5,0.225,1,0.00517709556877007
"489",291.75,0.225,1,0.00475538728034572
"490",292,0.225,1,0.00436263899305363
"491",280,0.25,1,0.547698566142106
"492",280.25,0.25,1,0.542218958929148
"493",280.5,0.25,1,0.536735489586779
"494",280.75,0.25,1,0.531265523209574
"495",281,0.25,1,0.525829854717651
"496",281.25,0.25,1,0.520452769618539
"497",281.5,0.25,1,0.515161903070099
"498",281.75,0.25,1,0.509987834651164
"499",282,0.25,1,0.504963354741923
"500",282.25,0.25,1,0.500122340163418
"501",282.5,0.25,1,0.495498184625242
"502",282.75,0.25,1,0.491121743447462
"503",283,0.25,1,0.487018774266733
"504",283.25,0.25,1,0.483206887245337
"505",283.5,0.25,1,0.479692064591418
"506",283.75,0.25,1,0.476464872116772
"507",284,0.25,1,0.473496571723043
"508",284.25,0.25,1,0.408879483513156
"509",284.5,0.25,1,0.406364442396802
"510",284.75,0.25,1,0.404261160918789
"511",285,0.25,1,0.402493549292959
"512",285.25,0.25,1,0.400952344343726
"513",285.5,0.25,1,0.399495215882861
"514",285.75,0.25,1,0.397950730924702
"515",286,0.25,1,0.3257185679175
"516",286.25,0.25,1,0.325545614102564
"517",286.5,0.25,1,0.325397571146751
"518",286.75,0.25,1,0.32508998202339
"519",287,0.25,1,0.324442391444995
"520",287.25,0.25,1,0.323299107733622
"521",287.5,0.25,1,0.238456507222746
"522",287.75,0.25,1,0.237477800627355
"523",288,0.25,1,0.236315111297721
"524",288.25,0.25,1,0.234893651522665
"525",288.5,0.25,1,0.233151721616555
"526",288.75,0.25,1,0.231043101925727
"527",289,0.25,1,0.228538068265888
"528",289.25,0.25,1,0.225622375232516
"529",289.5,0.25,1,0.00977266687079104
"530",289.75,0.25,1,0.00906342387130045
"531",290,0.25,1,0.00839595118561842
"532",290.25,0.25,1,0.00776855785016432
"533",290.5,0.25,1,0.00717957567648037
"534",290.75,0.25,1,0.00662735602631944
"535",291,0.25,1,0.00611026936359432
"536",291.25,0.25,1,0.00562670678167652
"537",291.5,0.25,1,0.00517508276257794
"538",291.75,0.25,1,0.00475383857035868
"539",292,0.25,1,0.00436144582552366
"540",280,0.275,1,0.60152568244693
"541",280.25,0.275,1,0.596038022548827
"542",280.5,0.275,1,0.590542481403419
"543",280.75,0.275,1,0.585074053402388
"544",281,0.275,1,0.579673896026289
"545",281.25,0.275,1,0.57438891469915
"546",281.5,0.275,1,0.569270892477159
"547",281.75,0.275,1,0.56437507712771
"548",282,0.275,1,0.559758145845588
"549",282.25,0.275,1,0.555475481395922
"550",282.5,0.275,1,0.551582009882161
"551",282.75,0.275,1,0.548114862181869
"552",283,0.275,1,0.545101697447148
"553",283.25,0.275,1,0.491154910613324
"554",283.5,0.275,1,0.488596053102659
"555",283.75,0.275,1,0.486739509241786
"556",284,0.275,1,0.485564049791811
"557",284.25,0.275,1,0.48501056797868
"558",284.5,0.275,1,0.484980304010932
"559",284.75,0.275,1,0.485330227842132
"560",285,0.275,1,0.421142810511897
"561",285.25,0.275,1,0.422910215076318
"562",285.5,0.275,1,0.425085208774574
"563",285.75,0.275,1,0.427403146637723
"564",286,0.275,1,0.429535821272557
"565",286.25,0.275,1,0.355659584634616
"566",286.5,0.275,1,0.360003724393885
"567",286.75,0.275,1,0.363901646650781
"568",287,0.275,1,0.366872516142926
"569",287.25,0.275,1,0.368454568276344
"570",287.5,0.275,1,0.294030980030001
"571",287.75,0.275,1,0.297715749391846
"572",288,0.275,1,0.300178018661323
"573",288.25,0.275,1,0.301203618967746
"574",288.5,0.275,1,0.21842842869258
"575",288.75,0.275,1,0.2191332803562
"576",289,0.275,1,0.219211622563584
"577",289.25,0.275,1,0.218615359792393
"578",289.5,0.275,1,0.217329035925747
"579",289.75,0.275,1,0.215365493846941
"580",290,0.275,1,0.212759158047074
"581",290.25,0.275,1,0.00775269418268915
"582",290.5,0.275,1,0.00716787010427736
"583",290.75,0.275,1,0.0066187337123629
"584",291,0.275,1,0.00610392012677139
"585",291.25,0.275,1,0.00562202705544118
"586",291.5,0.275,1,0.0051716268244796
"587",291.75,0.275,1,0.00475127928950474
"588",292,0.275,1,0.00435954406098078
"589",280,0.3,1,0.63192965889039
"590",280.25,0.3,1,0.625857825749666
"591",280.5,0.3,1,0.61981639735942
"592",280.75,0.3,1,0.613868539853445
"593",281,0.3,1,0.608087161884497
"594",281.25,0.3,1,0.602553351355934
"595",281.5,0.3,1,0.597354328486583
"596",281.75,0.3,1,0.592581175002816
"597",282,0.3,1,0.588323782759185
"598",282.25,0.3,1,0.584666435871447
"599",282.5,0.3,1,0.581681706876981
"600",282.75,0.3,1,0.579423141839953
"601",283,0.3,1,0.577917259797866
"602",283.25,0.3,1,0.577155455801319
"603",283.5,0.3,1,0.530747377464046
"604",283.75,0.3,1,0.531764124380392
"605",284,0.3,1,0.533671959990287
"606",284.25,0.3,1,0.536329328167769
"607",284.5,0.3,1,0.539524406889426
"608",284.75,0.3,1,0.490634004571152
"609",285,0.3,1,0.495529371825371
"610",285.25,0.3,1,0.500689875347908
"611",285.5,0.3,1,0.505739933675689
"612",285.75,0.3,1,0.451361735081235
"613",286,0.3,1,0.457068645885858
"614",286.25,0.3,1,0.462301124209269
"615",286.5,0.3,1,0.466482721356315
"616",286.75,0.3,1,0.399829115535223
"617",287,0.3,1,0.404069058807657
"618",287.25,0.3,1,0.408934303155113
"619",287.5,0.3,1,0.32608421606713
"620",287.75,0.3,1,0.336593760636455
"621",288,0.3,1,0.344445834634978
"622",288.25,0.3,1,0.264923209607539
"623",288.5,0.3,1,0.273771993815824
"624",288.75,0.3,1,0.280166952932819
"625",289,0.3,1,0.283797982634312
"626",289.25,0.3,1,0.202591672175625
"627",289.5,0.3,1,0.205007457006415
"628",289.75,0.3,1,0.206245165643961
"629",290,0.3,1,0.2063442750197
"630",290.25,0.3,1,0.205386129806708
"631",290.5,0.3,1,0.203478222830727
"632",290.75,0.3,1,0.00659934696001103
"633",291,0.3,1,0.00609046030184119
"634",291.25,0.3,1,0.00561264924970834
"635",291.5,0.3,1,0.00516506104367241
"636",291.75,0.3,1,0.00474665496004269
"637",292,0.3,1,0.00435626525866006
"638",280,0.325,1,0.644074649892114
"639",280.25,0.325,1,0.665698342596524
"640",280.5,0.325,1,0.660108362702952
"641",280.75,0.325,1,0.654732788466798
"642",281,0.325,1,0.649675320317578
"643",281.25,0.325,1,0.64504868078048
"644",281.5,0.325,1,0.640970197511893
"645",281.75,0.325,1,0.637555546422839
"646",282,0.325,1,0.634910699388892
"647",282.25,0.325,1,0.597541710741749
"648",282.5,0.325,1,0.596793656490674
"649",282.75,0.325,1,0.597290477933003
"650",283,0.325,1,0.599032672733732
"651",283.25,0.325,1,0.60197147040767
"652",283.5,0.325,1,0.605990230658214
"653",283.75,0.325,1,0.610901949589232
"654",284,0.325,1,0.581304812453808
"655",284.25,0.325,1,0.588884569391705
"656",284.5,0.325,1,0.596804582790605
"657",284.75,0.325,1,0.604616868524861
"658",285,0.325,1,0.576925471841443
"659",285.25,0.325,1,0.585282350930086
"660",285.5,0.325,1,0.59260005296961
"661",285.75,0.325,1,0.560503118467325
"662",286,0.325,1,0.566771660813823
"663",286.25,0.325,1,0.57134490724059
"664",286.5,0.325,1,0.530958713283086
"665",286.75,0.325,1,0.533999736050196
"666",287,0.325,1,0.481576690584492
"667",287.25,0.325,1,0.482917992658013
"668",287.5,0.325,1,0.482272544436816
"669",287.75,0.325,1,0.410538040574107
"670",288,0.325,1,0.407404865919008
"671",288.25,0.325,1,0.294436200609129
"672",288.5,0.325,1,0.312576370530691
"673",288.75,0.325,1,0.325966466317708
"674",289,0.325,1,0.245077911158651
"675",289.25,0.325,1,0.257938208618577
"676",289.5,0.325,1,0.26658808808307
"677",289.75,0.325,1,0.270912419090518
"678",290,0.325,1,0.191669187839561
"679",290.25,0.325,1,0.194818110672848
"680",290.5,0.325,1,0.196239349273722
"681",290.75,0.325,1,0.196142611147223
"682",291,0.325,1,0.194754698950225
"683",291.25,0.325,1,0.00559080650116508
"684",291.5,0.325,1,0.00515082552963183
"685",291.75,0.325,1,0.00473727704206204
"686",292,0.325,1,0.00435001499565965
"687",280,0.35,1,0.669472491099219
"688",280.25,0.35,1,0.662709469969352
"689",280.5,0.35,1,0.683427558175566
"690",280.75,0.35,1,0.678574321739198
"691",281,0.35,1,0.674355972051066
"692",281.25,0.35,1,0.670956684871723
"693",281.5,0.35,1,0.668557206752573
"694",281.75,0.35,1,0.667321702485006
"695",282,0.35,1,0.667385684337508
"696",282.25,0.35,1,0.642298861772816
"697",282.5,0.35,1,0.646359414960595
"698",282.75,0.35,1,0.652083279107643
"699",283,0.35,1,0.659355197073182
"700",283.25,0.35,1,0.667948376824743
"701",283.5,0.35,1,0.677502075499267
"702",283.75,0.35,1,0.666994596174063
"703",284,0.35,1,0.678688022723943
"704",284.25,0.35,1,0.689749896502757
"705",284.5,0.35,1,0.699480127754636
"706",284.75,0.35,1,0.689107269841444
"707",285,0.35,1,0.69656224901031
"708",285.25,0.35,1,0.680965404650217
"709",285.5,0.35,1,0.68567137861519
"710",285.75,0.35,1,0.688428972050491
"711",286,0.35,1,0.666664008835176
"712",286.25,0.35,1,0.667831670713998
"713",286.5,0.35,1,0.640140981684523
"714",286.75,0.35,1,0.640365743089384
"715",287,0.35,1,0.606038457169823
"716",287.25,0.35,1,0.605707227266278
"717",287.5,0.35,1,0.563421493403131
"718",287.75,0.35,1,0.562276453061759
"719",288,0.35,1,0.508378129469952
"720",288.25,0.35,1,0.505173355151164
"721",288.5,0.35,1,0.429954748502998
"722",288.75,0.35,1,0.420341229921726
"723",289,0.35,1,0.279298163620825
"724",289.25,0.35,1,0.302042764268514
"725",289.5,0.35,1,0.316903288054088
"726",289.75,0.35,1,0.238056645099893
"727",290,0.35,1,0.251428646432159
"728",290.25,0.35,1,0.258673528810729
"729",290.5,0.35,1,0.180398788993675
"730",290.75,0.35,1,0.185140114807666
"731",291,0.35,1,0.187508221069575
"732",291.25,0.35,1,0.187902798213344
"733",291.5,0.35,1,0.186707243631402
"734",291.75,0.35,1,0.00471515515703622
"735",292,0.35,1,0.00433644098076448
"736",280,0.375,1,0.705657163903524
"737",280.25,0.375,1,0.70037296030118
"738",280.5,0.375,1,0.695929504235153
"739",280.75,0.375,1,0.692612802937556
"740",281,0.375,1,0.690698336929858
"741",281.25,0.375,1,0.690432927425966
"742",281.5,0.375,1,0.692023561508441
"743",281.75,0.375,1,0.695623910275037
"744",282,0.375,1,0.701314373509754
"745",282.25,0.375,1,0.70906251657839
"746",282.5,0.375,1,0.718673423827789
"747",282.75,0.375,1,0.729735785286955
"748",283,0.375,1,0.741556735567238
"749",283.25,0.375,1,0.742261667781428
"750",283.5,0.375,1,0.753998809822683
"751",283.75,0.375,1,0.763571741213351
"752",284,0.375,1,0.760211307652073
"753",284.25,0.375,1,0.765597622572049
"754",284.5,0.375,1,0.768796261579986
"755",284.75,0.375,1,0.759067361017048
"756",285,0.375,1,0.760030850723806
"757",285.25,0.375,1,0.746702698603785
"758",285.5,0.375,1,0.746710144876596
"759",285.75,0.375,1,0.730493735945551
"760",286,0.375,1,0.730192374976113
"761",286.25,0.375,1,0.711289017137188
"762",286.5,0.375,1,0.68861696677753
"763",286.75,0.375,1,0.689128049735253
"764",287,0.375,1,0.663154267605587
"765",287.25,0.375,1,0.663553665350432
"766",287.5,0.375,1,0.633795607186158
"767",287.75,0.375,1,0.597540528125439
"768",288,0.375,1,0.599109202002779
"769",288.25,0.375,1,0.556116627724754
"770",288.5,0.375,1,0.556746098318972
"771",288.75,0.375,1,0.50444947330201
"772",289,0.375,1,0.432225464926987
"773",289.25,0.375,1,0.428660874303982
"774",289.5,0.375,1,0.413335868174893
"775",289.75,0.375,1,0.28276181181022
"776",290,0.375,1,0.303282052109316
"777",290.25,0.375,1,0.22376857262737
"778",290.5,0.375,1,0.240319138832356
"779",290.75,0.375,1,0.24899406511509
"780",291,0.375,1,0.172024839435129
"781",291.25,0.375,1,0.177611849062764
"782",291.5,0.375,1,0.180270746530256
"783",291.75,0.375,1,0.180626276143634
"784",292,0.375,1,0.179221475180548
"785",280,0.4,1,0.729161688201814
"786",280.25,0.4,1,0.725836473351784
"787",280.5,0.4,1,0.724063693056562
"788",280.75,0.4,1,0.724190907048087
"789",281,0.4,1,0.726511381103974
"790",281.25,0.4,1,0.731242529079729
"791",281.5,0.4,1,0.738484744279348
"792",281.75,0.4,1,0.7481387628903
"793",282,0.4,1,0.759823366318102
"794",282.25,0.4,1,0.77265768882612
"795",282.5,0.4,1,0.785372707813674
"796",282.75,0.4,1,0.796613818230907
"797",283,0.4,1,0.799262477776805
"798",283.25,0.4,1,0.805858901361361
"799",283.5,0.4,1,0.809978867758893
"800",283.75,0.4,1,0.812233826608221
"801",284,0.4,1,0.806909787165083
"802",284.25,0.4,1,0.807426914301955
"803",284.5,0.4,1,0.799765324891636
"804",284.75,0.4,1,0.799749292190964
"805",285,0.4,1,0.790433197660331
"806",285.25,0.4,1,0.790206212138951
"807",285.5,0.4,1,0.779532086960049
"808",285.75,0.4,1,0.766989154151273
"809",286,0.4,1,0.766994115379337
"810",286.25,0.4,1,0.753099763803699
"811",286.5,0.4,1,0.736958823464006
"812",286.75,0.4,1,0.718355349318802
"813",287,0.4,1,0.719499360356021
"814",287.25,0.4,1,0.699136200566482
"815",287.5,0.4,1,0.675502162487847
"816",287.75,0.4,1,0.647964191854504
"817",288,0.4,1,0.650560144389467
"818",288.25,0.4,1,0.619937420812202
"819",288.5,0.4,1,0.583386262162796
"820",288.75,0.4,1,0.539361674963929
"821",289,0.4,1,0.543800677993334
"822",289.25,0.4,1,0.490535492682913
"823",289.5,0.4,1,0.492808368976303
"824",289.75,0.4,1,0.421346733846303
"825",290,0.4,1,0.410166188431182
"826",290.25,0.4,1,0.271819171425393
"827",290.5,0.4,1,0.294869338251144
"828",290.75,0.4,1,0.216501738424747
"829",291,0.4,1,0.233758662456593
"830",291.25,0.4,1,0.241667036137861
"831",291.5,0.4,1,0.166620779232301
"832",291.75,0.4,1,0.172025392948918
"833",292,0.4,1,0.174201791966962
"834",280,0.425,1,0.747131979283089
"835",280.25,0.425,1,0.747493975358094
"836",280.5,0.425,1,0.75037259297419
"837",280.75,0.425,1,0.756012654970973
"838",281,0.425,1,0.773121408325053
"839",281.25,0.425,1,0.782896191664086
"840",281.5,0.425,1,0.794663037172073
"841",281.75,0.425,1,0.807158243993074
"842",282,0.425,1,0.818755234211795
"843",282.25,0.425,1,0.824118315610938
"844",282.5,0.425,1,0.831065179704814
"845",282.75,0.425,1,0.835501636272697
"846",283,0.425,1,0.83816106617567
"847",283.25,0.425,1,0.839714344909434
"848",283.5,0.425,1,0.836459348118957
"849",283.75,0.425,1,0.837185705028174
"850",284,0.425,1,0.832560477067073
"851",284.25,0.425,1,0.833140685703654
"852",284.5,0.425,1,0.827524446193251
"853",284.75,0.425,1,0.828025864398834
"854",285,0.425,1,0.821542291843256
"855",285.25,0.425,1,0.813915149600366
"856",285.5,0.425,1,0.814444516944519
"857",285.75,0.425,1,0.806054205866262
"858",286,0.425,1,0.79646219902692
"859",286.25,0.425,1,0.78555776039772
"860",286.5,0.425,1,0.773206230684699
"861",286.75,0.425,1,0.759316508769953
"862",287,0.425,1,0.743632738706162
"863",287.25,0.425,1,0.726036971807505
"864",287.5,0.425,1,0.706224980080989
"865",287.75,0.425,1,0.709697024206391
"866",288,0.425,1,0.688368124820116
"867",288.25,0.425,1,0.664210778249718
"868",288.5,0.425,1,0.636619121237155
"869",288.75,0.425,1,0.604647771462523
"870",289,0.425,1,0.567281729810085
"871",289.25,0.425,1,0.573084847224645
"872",289.5,0.425,1,0.530371782909615
"873",289.75,0.425,1,0.477387610688709
"874",290,0.425,1,0.481023921434671
"875",290.25,0.425,1,0.410739997925903
"876",290.5,0.425,1,0.254455389772047
"877",290.75,0.425,1,0.269786772120947
"878",291,0.425,1,0.189605835761782
"879",291.25,0.425,1,0.215496839182485
"880",291.5,0.425,1,0.230368775692466
"881",291.75,0.425,1,0.154869556539852
"882",292,0.425,1,0.163424321826257
"883",280,0.45,1,0.776534081132561
"884",280.25,0.45,1,0.781422761702873
"885",280.5,0.45,1,0.789375129147464
"886",280.75,0.45,1,0.800107955093116
"887",281,0.45,1,0.816840641587075
"888",281.25,0.45,1,0.828851346773196
"889",281.5,0.45,1,0.839497012840873
"890",281.75,0.45,1,0.847629674406137
"891",282,0.45,1,0.853176508444074
"892",282.25,0.45,1,0.854165691873959
"893",282.5,0.45,1,0.856561416724592
"894",282.75,0.45,1,0.858309588472453
"895",283,0.45,1,0.859763480185462
"896",283.25,0.45,1,0.857836411057637
"897",283.5,0.45,1,0.859224953920455
"898",283.75,0.45,1,0.860519630049341
"899",284,0.45,1,0.858151995214016
"900",284.25,0.45,1,0.855068332149817
"901",284.5,0.45,1,0.856830507844351
"902",284.75,0.45,1,0.853621322353018
"903",285,0.45,1,0.849737674767144
"904",285.25,0.45,1,0.851673749811239
"905",285.5,0.45,1,0.847413232958999
"906",285.75,0.45,1,0.842373892609534
"907",286,0.45,1,0.836364363877301
"908",286.25,0.45,1,0.82929017701461
"909",286.5,0.45,1,0.821019892181532
"910",286.75,0.45,1,0.811339743303611
"911",287,0.45,1,0.78596048109835
"912",287.25,0.45,1,0.772016363207768
"913",287.5,0.45,1,0.7565063119505
"914",287.75,0.45,1,0.73946104895834
"915",288,0.45,1,0.720745246218697
"916",288.25,0.45,1,0.700173337934311
"917",288.5,0.45,1,0.677512446903384
"918",288.75,0.45,1,0.652210432077451
"919",289,0.45,1,0.623670067647564
"920",289.25,0.45,1,0.591257012400249
"921",289.5,0.45,1,0.553852236997674
"922",289.75,0.45,1,0.509878250757194
"923",290,0.45,1,0.519077424891573
"924",290.25,0.45,1,0.46683495137026
"925",290.5,0.45,1,0.398041723899681
"926",290.75,0.45,1,0.399327097042531
"927",291,0.45,1,0.240164160181595
"928",291.25,0.45,1,0.273809172376438
"929",291.5,0.45,1,0.195876267372456
"930",291.75,0.45,1,0.217897694229596
"931",292,0.45,1,0.227490556809666
"932",280,0.475,1,0.805822703870545
"933",280.25,0.475,1,0.815847475491072
"934",280.5,0.475,1,0.831007257137459
"935",280.75,0.475,1,0.842554240851909
"936",281,0.475,1,0.852632253576193
"937",281.25,0.475,1,0.860193085299476
"938",281.5,0.475,1,0.865345255618326
"939",281.75,0.475,1,0.868817986396424
"940",282,0.475,1,0.871355650837071
"941",282.25,0.475,1,0.873484487957251
"942",282.5,0.475,1,0.875519718990897
"943",282.75,0.475,1,0.877551478458462
"944",283,0.475,1,0.877532979528163
"945",283.25,0.475,1,0.879946380785284
"946",283.5,0.475,1,0.879916615946279
"947",283.75,0.475,1,0.88320610293508
"948",284,0.475,1,0.883997116540559
"949",284.25,0.475,1,0.888523162951521
"950",284.5,0.475,1,0.890640910272288
"951",284.75,0.475,1,0.893262057955525
"952",285,0.475,1,0.896234715324148
"953",285.25,0.475,1,0.89922928130622
"954",285.5,0.475,1,0.901633793449485
"955",285.75,0.475,1,0.902892115725046
"956",286,0.475,1,0.902656001518267
"957",286.25,0.475,1,0.900314511559949
"958",286.5,0.475,1,0.895817081276864
"959",286.75,0.475,1,0.880869473268668
"960",287,0.475,1,0.871085830043922
"961",287.25,0.475,1,0.858519069186369
"962",287.5,0.475,1,0.829681314225688
"963",287.75,0.475,1,0.811052379285491
"964",288,0.475,1,0.79036254237988
"965",288.25,0.475,1,0.768204180865776
"966",288.5,0.475,1,0.721049328585451
"967",288.75,0.475,1,0.696238043297377
"968",289,0.475,1,0.670719444377786
"969",289.25,0.475,1,0.643847226186795
"970",289.5,0.475,1,0.614645473663559
"971",289.75,0.475,1,0.581881179205858
"972",290,0.475,1,0.544442757562616
"973",290.25,0.475,1,0.500947335487399
"974",290.5,0.475,1,0.448767671682634
"975",290.75,0.475,1,0.45851154460764
"976",291,0.475,1,0.390287873923628
"977",291.25,0.475,1,0.25831149386337
"978",291.5,0.475,1,0.254730262104005
"979",291.75,0.475,1,0.176911618070161
"980",292,0.475,1,0.20522087077429
"981",280,0.5,1,0.839777344215092
"982",280.25,0.5,1,0.850892735810794
"983",280.5,0.5,1,0.860758738573815
"984",280.75,0.5,1,0.869711214068541
"985",281,0.5,1,0.874863106570426
"986",281.25,0.5,1,0.878453143536409
"987",281.5,0.5,1,0.881275745024227
"988",281.75,0.5,1,0.883813678438267
"989",282,0.5,1,0.886365456930245
"990",282.25,0.5,1,0.889126967080068
"991",282.5,0.5,1,0.892193825718771
"992",282.75,0.5,1,0.895740678702897
"993",283,0.5,1,0.898561813445967
"994",283.25,0.5,1,0.904309940050072
"995",283.5,0.5,1,0.909910654182702
"996",283.75,0.5,1,0.919369670040595
"997",284,0.5,1,0.928974020719759
"998",284.25,0.5,1,0.939644405100947
"999",284.5,0.5,1,0.949994490167551
"1000",284.75,0.5,1,0.96083405517079
"1001",285,0.5,1,0.965590035925853
"1002",285.25,0.5,1,0.970027310992604
"1003",285.5,0.5,1,0.972493258383578
"1004",285.75,0.5,1,0.973133596308241
"1005",286,0.5,1,0.972333781644699
"1006",286.25,0.5,1,0.966122943647105
"1007",286.5,0.5,1,0.962395263809011
"1008",286.75,0.5,1,0.95142937690994
"1009",287,0.5,1,0.945050336251253
"1010",287.25,0.5,1,0.928816120814497
"1011",287.5,0.5,1,0.919201735263763
"1012",287.75,0.5,1,0.89596221825514
"1013",288,0.5,1,0.881712512901245
"1014",288.25,0.5,1,0.86372344452446
"1015",288.5,0.5,1,0.825036991000984
"1016",288.75,0.5,1,0.796947204168819
"1017",289,0.5,1,0.739065065038778
"1018",289.25,0.5,1,0.704420999453121
"1019",289.5,0.5,1,0.671569935314014
"1020",289.75,0.5,1,0.640563585807465
"1021",290,0.5,1,0.609385460090047
"1022",290.25,0.5,1,0.576066870604369
"1023",290.5,0.5,1,0.538681444781763
"1024",290.75,0.5,1,0.49585494380313
"1025",291,0.5,1,0.444440456793224
"1026",291.25,0.5,1,0.377401247166734
"1027",291.5,0.5,1,0.380540839215718
"1028",291.75,0.5,1,0.235890655623584
"1029",292,0.5,1,0.26770916819606
"1030",280,0.525,1,0.866786714465382
"1031",280.25,0.525,1,0.874376576000361
"1032",280.5,0.525,1,0.880868658077162
"1033",280.75,0.525,1,0.884752605470202
"1034",281,0.525,1,0.887826232734986
"1035",281.25,0.525,1,0.890670362520203
"1036",281.5,0.525,1,0.894676297261567
"1037",281.75,0.525,1,0.898012054157925
"1038",282,0.525,1,0.90188774265555
"1039",282.25,0.525,1,0.905551999334216
"1040",282.5,0.525,1,0.912000349501507
"1041",282.75,0.525,1,0.920734933663939
"1042",283,0.525,1,0.932272601395886
"1043",283.25,0.525,1,0.94528357203233
"1044",283.5,0.525,1,0.960173298286083
"1045",283.75,0.525,1,0.972883112070995
"1046",284,0.525,1,0.983071378046789
"1047",284.25,0.525,1,0.99070537111167
"1048",284.5,0.525,1,0.996405246892238
"1049",284.75,0.525,1,1.00071352107104
"1050",285,0.525,1,1.00387243064299
"1051",285.25,0.525,1,1.0061286987772
"1052",285.5,0.525,1,1.00750266560579
"1053",285.75,0.525,1,1.00572201734766
"1054",286,0.525,1,1.00534487299093
"1055",286.25,0.525,1,1.00065550943426
"1056",286.5,0.525,1,0.998145146201314
"1057",286.75,0.525,1,0.990487614492107
"1058",287,0.525,1,0.980377624981786
"1059",287.25,0.525,1,0.974471171424922
"1060",287.5,0.525,1,0.960765861353942
"1061",287.75,0.525,1,0.943891494880921
"1062",288,0.525,1,0.923311801169161
"1063",288.25,0.525,1,0.912428498548628
"1064",288.5,0.525,1,0.886091549173216
"1065",288.75,0.525,1,0.853180900658585
"1066",289,0.525,1,0.835845955366133
"1067",289.25,0.525,1,0.788846106678761
"1068",289.5,0.525,1,0.758314511705011
"1069",289.75,0.525,1,0.718866841496144
"1070",290,0.525,1,0.639475773316811
"1071",290.25,0.525,1,0.599849687374412
"1072",290.5,0.525,1,0.562792778844578
"1073",290.75,0.525,1,0.524002785466729
"1074",291,0.525,1,0.480331034568976
"1075",291.25,0.525,1,0.429300929918554
"1076",291.5,0.525,1,0.364501326669544
"1077",291.75,0.525,1,0.373078288545509
"1078",292,0.525,1,0.219158123659786
"1079",280,0.55,1,0.884371785053707
"1080",280.25,0.55,1,0.888592262042759
"1081",280.5,0.55,1,0.892681257898139
"1082",280.75,0.55,1,0.895810054087938
"1083",281,0.55,1,0.899047498578897
"1084",281.25,0.55,1,0.902687053971916
"1085",281.5,0.55,1,0.907894684129548
"1086",281.75,0.55,1,0.913656387240135
"1087",282,0.55,1,0.921576445010907
"1088",282.25,0.55,1,0.93195643989284
"1089",282.5,0.55,1,0.946176570024937
"1090",282.75,0.55,1,0.961835123644796
"1091",283,0.55,1,0.976117613648084
"1092",283.25,0.55,1,0.98745803098872
"1093",283.5,0.55,1,0.99628663701738
"1094",283.75,0.55,1,1.00416401347175
"1095",284,0.55,1,1.01043397079224
"1096",284.25,0.55,1,1.01601290628855
"1097",284.5,0.55,1,1.02103331601185
"1098",284.75,0.55,1,1.0254093296737
"1099",285,0.55,1,1.02927945097824
"1100",285.25,0.55,1,1.03135471845372
"1101",285.5,0.55,1,1.03361987740238
"1102",285.75,0.55,1,1.0336585627154
"1103",286,0.55,1,1.03207217008023
"1104",286.25,0.55,1,1.03181318480145
"1105",286.5,0.55,1,1.02778785875887
"1106",286.75,0.55,1,1.02219823734966
"1107",287,0.55,1,1.01469222301556
"1108",287.25,0.55,1,1.00515059964001
"1109",287.5,0.55,1,0.993678477156059
"1110",287.75,0.55,1,0.979827052507436
"1111",288,0.55,1,0.96347400817044
"1112",288.25,0.55,1,0.944139660671876
"1113",288.5,0.55,1,0.921603727490748
"1114",288.75,0.55,1,0.894762990530534
"1115",289,0.55,1,0.882633081811517
"1116",289.25,0.55,1,0.849612542459397
"1117",289.5,0.55,1,0.808953096848571
"1118",289.75,0.55,1,0.789381453468058
"1119",290,0.55,1,0.731270766431449
"1120",290.25,0.55,1,0.693494143406893
"1121",290.5,0.55,1,0.646132082898506
"1122",290.75,0.55,1,0.552708042791146
"1123",291,0.55,1,0.510048582670745
"1124",291.25,0.55,1,0.465520079162811
"1125",291.5,0.55,1,0.414575075458924
"1126",291.75,0.55,1,0.430051491407293
"1127",292,0.55,1,0.364100116493737
"1128",280,0.575,1,0.894827656537017
"1129",280.25,0.575,1,0.898055013379313
"1130",280.5,0.575,1,0.901973620613631
"1131",280.75,0.575,1,0.905771828744686
"1132",281,0.575,1,0.91040856334169
"1133",281.25,0.575,1,0.917181909907548
"1134",281.5,0.575,1,0.925830262914086
"1135",281.75,0.575,1,0.937967995506733
"1136",282,0.575,1,0.952990976313509
"1137",282.25,0.575,1,0.968189924188585
"1138",282.5,0.575,1,0.981232323940722
"1139",282.75,0.575,1,0.991514788647542
"1140",283,0.575,1,1.00047352019504
"1141",283.25,0.575,1,1.00816343024531
"1142",283.5,0.575,1,1.0157863130679
"1143",283.75,0.575,1,1.02267528016315
"1144",284,0.575,1,1.02925131630044
"1145",284.25,0.575,1,1.03551165567163
"1146",284.5,0.575,1,1.04139887222828
"1147",284.75,0.575,1,1.04669640536658
"1148",285,0.575,1,1.05072577827196
"1149",285.25,0.575,1,1.05482715154435
"1150",285.5,0.575,1,1.05709655161733
"1151",285.75,0.575,1,1.05832168280408
"1152",286,0.575,1,1.05822613027749
"1153",286.25,0.575,1,1.05886591451771
"1154",286.5,0.575,1,1.05659459014359
"1155",286.75,0.575,1,1.04989280461943
"1156",287,0.575,1,1.04423757909322
"1157",287.25,0.575,1,1.03700893166962
"1158",287.5,0.575,1,1.02807963279745
"1159",287.75,0.575,1,1.01715738795254
"1160",288,0.575,1,0.996855792002363
"1161",288.25,0.575,1,0.981356765134447
"1162",288.5,0.575,1,0.963349433273204
"1163",288.75,0.575,1,0.942671243311372
"1164",289,0.575,1,0.918956672672619
"1165",289.25,0.575,1,0.891544908098471
"1166",289.5,0.575,1,0.859705169465278
"1167",289.75,0.575,1,0.821853665927983
"1168",290,0.575,1,0.775914037391397
"1169",290.25,0.575,1,0.756814885402498
"1170",290.5,0.575,1,0.693081543880677
"1171",290.75,0.575,1,0.655593308823175
"1172",291,0.575,1,0.604940265787832
"1173",291.25,0.575,1,0.499520190209815
"1174",291.5,0.575,1,0.452478522753858
"1175",291.75,0.575,1,0.401201511672059
"1176",292,0.575,1,0.419987632510619
"1177",280,0.6,1,0.902740524626799
"1178",280.25,0.6,1,0.906882103306572
"1179",280.5,0.6,1,0.911424558691369
"1180",280.75,0.6,1,0.91790250003746
"1181",281,0.6,1,0.926457059757344
"1182",281.25,0.6,1,0.938440531360458
"1183",281.5,0.6,1,0.953354907744418
"1184",281.75,0.6,1,0.967846791753236
"1185",282,0.6,1,0.980063050039486
"1186",282.25,0.6,1,0.990082177451207
"1187",282.5,0.6,1,0.998778688753222
"1188",282.75,0.6,1,1.00723183563498
"1189",283,0.6,1,1.01542630496419
"1190",283.25,0.6,1,1.02334314423591
"1191",283.5,0.6,1,1.0310258949534
"1192",283.75,0.6,1,1.03887702033906
"1193",284,0.6,1,1.04627644308859
"1194",284.25,0.6,1,1.05298142993524
"1195",284.5,0.6,1,1.05963070953115
"1196",284.75,0.6,1,1.0658079328614
"1197",285,0.6,1,1.0708119434461
"1198",285.25,0.6,1,1.07583187466157
"1199",285.5,0.6,1,1.07928484024626
"1200",285.75,0.6,1,1.08173311044688
"1201",286,0.6,1,1.0831112314859
"1202",286.25,0.6,1,1.08333366844669
"1203",286.5,0.6,1,1.08227568477534
"1204",286.75,0.6,1,1.07768042325255
"1205",287,0.6,1,1.07377608273807
"1206",287.25,0.6,1,1.06466981621729
"1207",287.5,0.6,1,1.05774647920918
"1208",287.75,0.6,1,1.04339456323823
"1209",288,0.6,1,1.0329252926559
"1210",288.25,0.6,1,1.01230861554539
"1211",288.5,0.6,1,0.997820557742676
"1212",288.75,0.6,1,0.980634644921599
"1213",289,0.6,1,0.948634805046211
"1214",289.25,0.6,1,0.925783729768706
"1215",289.5,0.6,1,0.899411351708714
"1216",289.75,0.6,1,0.869118434620004
"1217",290,0.6,1,0.833922853472692
"1218",290.25,0.6,1,0.792235695243739
"1219",290.5,0.6,1,0.741435715491965
"1220",290.75,0.6,1,0.721198272913697
"1221",291,0.6,1,0.650655089368197
"1222",291.25,0.6,1,0.609383368332075
"1223",291.5,0.6,1,0.55540956503904
"1224",291.75,0.6,1,0.441838427839608
"1225",292,0.6,1,0.461058406603525
"1226",280,0.625,1,0.910860038204275
"1227",280.25,0.625,1,0.916649274039486
"1228",280.5,0.625,1,0.924438601636593
"1229",280.75,0.625,1,0.935607270796548
"1230",281,0.625,1,0.949394682603317
"1231",281.25,0.625,1,0.963245429391941
"1232",281.5,0.625,1,0.975112374560089
"1233",281.75,0.625,1,0.984929430462025
"1234",282,0.625,1,0.993769155703897
"1235",282.25,0.625,1,1.00235872826538
"1236",282.5,0.625,1,1.01095027676212
"1237",282.75,0.625,1,1.01942997023887
"1238",283,0.625,1,1.02806950073438
"1239",283.25,0.625,1,1.03651362665796
"1240",283.5,0.625,1,1.04488802434859
"1241",283.75,0.625,1,1.05338379666217
"1242",284,0.625,1,1.06123542045935
"1243",284.25,0.625,1,1.06908328303879
"1244",284.5,0.625,1,1.07650094031628
"1245",284.75,0.625,1,1.0830126504903
"1246",285,0.625,1,1.08951530379204
"1247",285.25,0.625,1,1.09473485385655
"1248",285.5,0.625,1,1.09911289262743
"1249",285.75,0.625,1,1.102696914034
"1250",286,0.625,1,1.10505210897414
"1251",286.25,0.625,1,1.10504599125919
"1252",286.5,0.625,1,1.10529042045713
"1253",286.75,0.625,1,1.10192203193659
"1254",287,0.625,1,1.0994615942942
"1255",287.25,0.625,1,1.09270484622363
"1256",287.5,0.625,1,1.08343720825496
"1257",287.75,0.625,1,1.076383009268
"1258",288,0.625,1,1.06310606260846
"1259",288.25,0.625,1,1.04666294926231
"1260",288.5,0.625,1,1.02648898217161
"1261",288.75,0.625,1,1.01255008011784
"1262",289,0.625,1,0.986129075921419
"1263",289.25,0.625,1,0.952959290518179
"1264",289.5,0.625,1,0.931523940079671
"1265",289.75,0.625,1,0.906506464382152
"1266",290,0.625,1,0.854290060842962
"1267",290.25,0.625,1,0.818357760653345
"1268",290.5,0.625,1,0.775564336583945
"1269",290.75,0.625,1,0.723420433038275
"1270",291,0.625,1,0.707188885279206
"1271",291.25,0.625,1,0.636751888691999
"1272",291.5,0.625,1,0.605426030060631
"1273",291.75,0.625,1,0.556233575771752
"1274",292,0.625,1,0.50153439272326
"1275",280,0.65,1,0.920906537148636
"1276",280.25,0.65,1,0.930506670309553
"1277",280.5,0.65,1,0.942831895311237
"1278",280.75,0.65,1,0.956186250954448
"1279",281,0.65,1,0.967725366930093
"1280",281.25,0.65,1,0.977502853109036
"1281",281.5,0.65,1,0.986215326204908
"1282",281.75,0.65,1,0.99474640351638
"1283",282,0.65,1,1.00338910506673
"1284",282.25,0.65,1,1.01220981282699
"1285",282.5,0.65,1,1.02112287024513
"1286",282.75,0.65,1,1.03016019833403
"1287",283,0.65,1,1.03924001793734
"1288",283.25,0.65,1,1.0483831179717
"1289",283.5,0.65,1,1.0574205637745
"1290",283.75,0.65,1,1.06635033561209
"1291",284,0.65,1,1.07502258507344
"1292",284.25,0.65,1,1.08330359675727
"1293",284.5,0.65,1,1.09146221547142
"1294",284.75,0.65,1,1.0988047123164
"1295",285,0.65,1,1.10591231255453
"1296",285.25,0.65,1,1.11211503239842
"1297",285.5,0.65,1,1.11742261455027
"1298",285.75,0.65,1,1.12115893926422
"1299",286,0.65,1,1.12464344075894
"1300",286.25,0.65,1,1.12570055902266
"1301",286.5,0.65,1,1.12699528238064
"1302",286.75,0.65,1,1.12540632404156
"1303",287,0.65,1,1.122026184223
"1304",287.25,0.65,1,1.11681204362588
"1305",287.5,0.65,1,1.10968496960889
"1306",287.75,0.65,1,1.10041460348045
"1307",288,0.65,1,1.08908308926434
"1308",288.25,0.65,1,1.07527602022891
"1309",288.5,0.65,1,1.0588703762775
"1310",288.75,0.65,1,1.03942119199954
"1311",289,0.65,1,1.0166450361699
"1312",289.25,0.65,1,0.98947008638311
"1313",289.5,0.65,1,0.956643365102331
"1314",289.75,0.65,1,0.936873392464188
"1315",290,0.65,1,0.892852125781016
"1316",290.25,0.65,1,0.865193388460033
"1317",290.5,0.65,1,0.832349013492399
"1318",290.75,0.65,1,0.793924875324482
"1319",291,0.65,1,0.748293223376469
"1320",291.25,0.65,1,0.692468731699543
"1321",291.5,0.65,1,0.621515025134063
"1322",291.75,0.65,1,0.595502230680575
"1323",292,0.65,1,0.554598818287183
"1324",280,0.675,1,0.935089064711396
"1325",280.25,0.675,1,0.94737810206031
"1326",280.5,0.675,1,0.958895143617112
"1327",280.75,0.675,1,0.968588039932617
"1328",281,0.675,1,0.977161682027567
"1329",281.25,0.675,1,0.985524070698271
"1330",281.5,0.675,1,0.99397564152806
"1331",281.75,0.675,1,1.00268403112069
"1332",282,0.675,1,1.01163386123203
"1333",282.25,0.675,1,1.02074286324488
"1334",282.5,0.675,1,1.03006742908461
"1335",282.75,0.675,1,1.0395163501705
"1336",283,0.675,1,1.04910086583721
"1337",283.25,0.675,1,1.05865663880656
"1338",283.5,0.675,1,1.06818312879224
"1339",283.75,0.675,1,1.07766826158697
"1340",284,0.675,1,1.08696964853785
"1341",284.25,0.675,1,1.09604934385772
"1342",284.5,0.675,1,1.10456826756739
"1343",284.75,0.675,1,1.11292405848668
"1344",285,0.675,1,1.12045971178258
"1345",285.25,0.675,1,1.12740437027859
"1346",285.5,0.675,1,1.13295275299516
"1347",285.75,0.675,1,1.13829531856161
"1348",286,0.675,1,1.14161003112743
"1349",286.25,0.675,1,1.14497288210532
"1350",286.5,0.675,1,1.14603253129599
"1351",286.75,0.675,1,1.14570099184825
"1352",287,0.675,1,1.14371089652291
"1353",287.25,0.675,1,1.14000388706624
"1354",287.5,0.675,1,1.13198286206804
"1355",287.75,0.675,1,1.12477042108498
"1356",288,0.675,1,1.11528554379386
"1357",288.25,0.675,1,1.09911800403595
"1358",288.5,0.675,1,1.08544529236223
"1359",288.75,0.675,1,1.06053489770876
"1360",289,0.675,1,1.04120021121972
"1361",289.25,0.675,1,1.01848488992761
"1362",289.5,0.675,1,0.991891235409323
"1363",289.75,0.675,1,0.960434090016836
"1364",290,0.675,1,0.922364130572884
"1365",290.25,0.675,1,0.901138870785445
"1366",290.5,0.675,1,0.849453849219234
"1367",290.75,0.675,1,0.818043014600658
"1368",291,0.675,1,0.780172748354778
"1369",291.25,0.675,1,0.734535810937
"1370",291.5,0.675,1,0.678607373642043
"1371",291.75,0.675,1,0.607751872235794
"1372",292,0.675,1,0.584660547060255
"1373",280,0.7,1,0.949045280123692
"1374",280.25,0.7,1,0.958801421305634
"1375",280.5,0.7,1,0.967253941532741
"1376",280.75,0.7,1,0.975244477578721
"1377",281,0.7,1,0.983342556054045
"1378",281.25,0.7,1,0.991694266955786
"1379",281.5,0.7,1,1.00038997645587
"1380",281.75,0.7,1,1.00935686434879
"1381",282,0.7,1,1.01855773240226
"1382",282.25,0.7,1,1.02802160780048
"1383",282.5,0.7,1,1.03773555571559
"1384",282.75,0.7,1,1.04763058036983
"1385",283,0.7,1,1.05758247725326
"1386",283.25,0.7,1,1.06760975379335
"1387",283.5,0.7,1,1.0775869060219
"1388",283.75,0.7,1,1.08760475653364
"1389",284,0.7,1,1.0974078720871
"1390",284.25,0.7,1,1.10699769429146
"1391",284.5,0.7,1,1.11622170764567
"1392",284.75,0.7,1,1.12487768588
"1393",285,0.7,1,1.13310525570397
"1394",285.25,0.7,1,1.14067445128774
"1395",285.5,0.7,1,1.14743511056368
"1396",285.75,0.7,1,1.15304986327731
"1397",286,0.7,1,1.15735342628673
"1398",286.25,0.7,1,1.16056618383748
"1399",286.5,0.7,1,1.16249814690198
"1400",286.75,0.7,1,1.1632224251468
"1401",287,0.7,1,1.16230646151559
"1402",287.25,0.7,1,1.1579720692904
"1403",287.5,0.7,1,1.15384729651453
"1404",287.75,0.7,1,1.1453310079604
"1405",288,0.7,1,1.13344189968238
"1406",288.25,0.7,1,1.12440910633965
"1407",288.5,0.7,1,1.10758935077819
"1408",288.75,0.7,1,1.08621602762448
"1409",289,0.7,1,1.07073466154006
"1410",289.25,0.7,1,1.0410865258825
"1411",289.5,0.7,1,1.01951086291663
"1412",289.75,0.7,1,0.99401672505651
"1413",290,0.7,1,0.964182924271661
"1414",290.25,0.7,1,0.929111128891863
"1415",290.5,0.7,1,0.88671695473955
"1416",290.75,0.7,1,0.832998534801287
"1417",291,0.7,1,0.803512738257214
"1418",291.25,0.7,1,0.766636126010686
"1419",291.5,0.7,1,0.721747392436073
"1420",291.75,0.7,1,0.66643630508018
"1421",292,0.7,1,0.596259437110498
"1422",280,0.725,1,0.956970917057459
"1423",280.25,0.725,1,0.96460918155631
"1424",280.5,0.725,1,0.972224901261632
"1425",280.75,0.725,1,0.98004094858691
"1426",281,0.725,1,0.988275810929271
"1427",281.25,0.725,1,0.996831241414978
"1428",281.5,0.725,1,1.00571827650498
"1429",281.75,0.725,1,1.01488528275753
"1430",282,0.725,1,1.02436835596245
"1431",282.25,0.725,1,1.03415693522091
"1432",282.5,0.725,1,1.04418067868792
"1433",282.75,0.725,1,1.05437030718775
"1434",283,0.725,1,1.0647178161634
"1435",283.25,0.725,1,1.07518153047196
"1436",283.5,0.725,1,1.08555202882687
"1437",283.75,0.725,1,1.09589761408293
"1438",284,0.725,1,1.10616892018123
"1439",284.25,0.725,1,1.11626477824608
"1440",284.5,0.725,1,1.12596039429969
"1441",284.75,0.725,1,1.13524332812622
"1442",285,0.725,1,1.14409006444718
"1443",285.25,0.725,1,1.15219129350204
"1444",285.5,0.725,1,1.15942869337068
"1445",285.75,0.725,1,1.16558484991373
"1446",286,0.725,1,1.17066274834692
"1447",286.25,0.725,1,1.17479485779195
"1448",286.5,0.725,1,1.17770233913722
"1449",286.75,0.725,1,1.17907057787209
"1450",287,0.725,1,1.17814748335465
"1451",287.25,0.725,1,1.17495979795617
"1452",287.5,0.725,1,1.16953490683245
"1453",287.75,0.725,1,1.16198385296234
"1454",288,0.725,1,1.15625550430687
"1455",288.25,0.725,1,1.14486410445593
"1456",288.5,0.725,1,1.1309036617548
"1457",288.75,0.725,1,1.11413394127887
"1458",289,0.725,1,1.09411515704621
"1459",289.25,0.725,1,1.07005897778092
"1460",289.5,0.725,1,1.04043880165806
"1461",289.75,0.725,1,1.01991230616315
"1462",290,0.725,1,0.979113215200702
"1463",290.25,0.725,1,0.949875700093787
"1464",290.5,0.725,1,0.91460314001732
"1465",290.75,0.725,1,0.871618543467823
"1466",291,0.725,1,0.817464185733283
"1467",291.25,0.725,1,0.790045644736593
"1468",291.5,0.725,1,0.708940286059248
"1469",291.75,0.725,1,0.659986156529211
"1470",292,0.725,1,0.656182033367824
"1471",280,0.75,1,0.961120566355207
"1472",280.25,0.75,1,0.968356673013706
"1473",280.5,0.75,1,0.975921349620588
"1474",280.75,0.75,1,0.983879308877636
"1475",281,0.75,1,0.992211523827112
"1476",281.25,0.75,1,1.00091960429686
"1477",281.5,0.75,1,1.00997229161147
"1478",281.75,0.75,1,1.01937016765428
"1479",282,0.75,1,1.02908927072882
"1480",282.25,0.75,1,1.03907043179839
"1481",282.5,0.75,1,1.04934395294836
"1482",282.75,0.75,1,1.05981022391069
"1483",283,0.75,1,1.07045120989125
"1484",283.25,0.75,1,1.08117060845035
"1485",283.5,0.75,1,1.09195911983502
"1486",283.75,0.75,1,1.10277026577147
"1487",284,0.75,1,1.11342532371991
"1488",284.25,0.75,1,1.12384115428231
"1489",284.5,0.75,1,1.13401689925107
"1490",284.75,0.75,1,1.14376913583901
"1491",285,0.75,1,1.15304746219892
"1492",285.25,0.75,1,1.16163184276044
"1493",285.5,0.75,1,1.16951654694066
"1494",285.75,0.75,1,1.17644373905811
"1495",286,0.75,1,1.18236833367316
"1496",286.25,0.75,1,1.18635356808329
"1497",286.5,0.75,1,1.19016956840527
"1498",286.75,0.75,1,1.19147088326863
"1499",287,0.75,1,1.19084634833476
"1500",287.25,0.75,1,1.18859813194789
"1501",287.5,0.75,1,1.18472714677457
"1502",287.75,0.75,1,1.17918034485431
"1503",288,0.75,1,1.17162276376487
"1504",288.25,0.75,1,1.16186374756036
"1505",288.5,0.75,1,1.14420364441579
"1506",288.75,0.75,1,1.1298146100088
"1507",289,0.75,1,1.11255228274053
"1508",289.25,0.75,1,1.09204342862639
"1509",289.5,0.75,1,1.0681017416277
"1510",289.75,0.75,1,1.03978943032399
"1511",290,0.75,1,1.00542854649521
"1512",290.25,0.75,1,0.961929855885051
"1513",290.5,0.75,1,0.93430576143605
"1514",290.75,0.75,1,0.899923412316899
"1515",291,0.75,1,0.857560953373412
"1516",291.25,0.75,1,0.804025892378843
"1517",291.5,0.75,1,0.778091981577057
"1518",291.75,0.75,1,0.69798863234078
"1519",292,0.75,1,0.650923274844952
"1520",280,0.775,1,0.963871821303171
"1521",280.25,0.775,1,0.971096359831788
"1522",280.5,0.775,1,0.978753176751544
"1523",280.75,0.775,1,0.986790733990082
"1524",281,0.775,1,0.995221412325937
"1525",281.25,0.775,1,1.00402874240612
"1526",281.5,0.775,1,1.01321409147826
"1527",281.75,0.775,1,1.02276319161177
"1528",282,0.775,1,1.03265148060862
"1529",282.25,0.775,1,1.04282330873828
"1530",282.5,0.775,1,1.05324225022997
"1531",282.75,0.775,1,1.06393221133605
"1532",283,0.775,1,1.0748625166176
"1533",283.25,0.775,1,1.08588107397684
"1534",283.5,0.775,1,1.09687389745382
"1535",283.75,0.775,1,1.10797312164224
"1536",284,0.775,1,1.11897657910574
"1537",284.25,0.775,1,1.12973441581674
"1538",284.5,0.775,1,1.14032257168563
"1539",284.75,0.775,1,1.15050770488574
"1540",285,0.775,1,1.16016809320064
"1541",285.25,0.775,1,1.16928596186205
"1542",285.5,0.775,1,1.17762081968534
"1543",285.75,0.775,1,1.18500303050499
"1544",286,0.775,1,1.19113472683867
"1545",286.25,0.775,1,1.19655512841049
"1546",286.5,0.775,1,1.20017658109061
"1547",286.75,0.775,1,1.20226696366892
"1548",287,0.775,1,1.20281438554012
"1549",287.25,0.775,1,1.20197793431463
"1550",287.5,0.775,1,1.19928297042391
"1551",287.75,0.775,1,1.19251569122457
"1552",288,0.775,1,1.18641184651991
"1553",288.25,0.775,1,1.17481975433375
"1554",288.5,0.775,1,1.15883928128177
"1555",288.75,0.775,1,1.14759992582536
"1556",289,0.775,1,1.12523499101555
"1557",289.25,0.775,1,1.10865972012844
"1558",289.5,0.775,1,1.0765495900499
"1559",289.75,0.775,1,1.05277895590601
"1560",290,0.775,1,1.02401453917226
"1561",290.25,0.775,1,0.988909288666837
"1562",290.5,0.775,1,0.944978656669041
"1563",290.75,0.775,1,0.91939910228355
"1564",291,0.775,1,0.886134354415445
"1565",291.25,0.775,1,0.807663856251852
"1566",291.5,0.775,1,0.793276126001334
"1567",291.75,0.775,1,0.724705581859082
"1568",292,0.775,1,0.690805718170743
"1569",280,0.8,1,0.965828082531525
"1570",280.25,0.8,1,0.973087259236936
"1571",280.5,0.8,1,0.980763398031987
"1572",280.75,0.8,1,0.98883169077361
"1573",281,0.8,1,0.997317938087944
"1574",281.25,0.8,1,1.0061806740669
"1575",281.5,0.8,1,1.01546552774616
"1576",281.75,0.8,1,1.02510367007463
"1577",282,0.8,1,1.03509998684296
"1578",282.25,0.8,1,1.04545204667695
"1579",282.5,0.8,1,1.05607015178152
"1580",282.75,0.8,1,1.06685882743388
"1581",283,0.8,1,1.0778777427127
"1582",283.25,0.8,1,1.08913734572856
"1583",283.5,0.8,1,1.10038848886191
"1584",283.75,0.8,1,1.11169757526772
"1585",284,0.8,1,1.12291532865114
"1586",284.25,0.8,1,1.13400831049063
"1587",284.5,0.8,1,1.14491196903788
"1588",284.75,0.8,1,1.15541132886976
"1589",285,0.8,1,1.16543992770632
"1590",285.25,0.8,1,1.17482046454748
"1591",285.5,0.8,1,1.18350653658323
"1592",285.75,0.8,1,1.19141457641263
"1593",286,0.8,1,1.1981775698276
"1594",286.25,0.8,1,1.20399453863985
"1595",286.5,0.8,1,1.20833119505916
"1596",286.75,0.8,1,1.21118215459236
"1597",287,0.8,1,1.21176762128849
"1598",287.25,0.8,1,1.21174870038303
"1599",287.5,0.8,1,1.20839257952352
"1600",287.75,0.8,1,1.20186742737725
"1601",288,0.8,1,1.1976550158762
"1602",288.25,0.8,1,1.18802071059857
"1603",288.5,0.8,1,1.1756814936613
"1604",288.75,0.8,1,1.16058882365253
"1605",289,0.8,1,1.14212307369874
"1606",289.25,0.8,1,1.11953184615629
"1607",289.5,0.8,1,1.09168802460616
"1608",289.75,0.8,1,1.07364667225152
"1609",290,0.8,1,1.03466865907745
"1610",290.25,0.8,1,1.0070571453005
"1611",290.5,0.8,1,0.972818128913327
"1612",290.75,0.8,1,0.929797180266151
"1613",291,0.8,1,0.87361168906447
"1614",291.25,0.8,1,0.841103400036494
"1615",291.5,0.8,1,0.797940245333498
"1616",291.75,0.8,1,0.740503000936552
"1617",292,0.8,1,0.719152950351801
"1618",280,0.825,1,0.967044884761052
"1619",280.25,0.825,1,0.974293932299599
"1620",280.5,0.825,1,0.981928880233576
"1621",280.75,0.825,1,0.990013325617319
"1622",281,0.825,1,0.998495711258055
"1623",281.25,0.825,1,1.00740674501016
"1624",281.5,0.825,1,1.0167095229745
"1625",281.75,0.825,1,1.02634882432102
"1626",282,0.825,1,1.03637142934072
"1627",282.25,0.825,1,1.04669067706145
"1628",282.5,0.825,1,1.05743961268725
"1629",282.75,0.825,1,1.06845322676858
"1630",283,0.825,1,1.07962329665675
"1631",283.25,0.825,1,1.0909115787006
"1632",283.5,0.825,1,1.10237984746941
"1633",283.75,0.825,1,1.11379657228349
"1634",284,0.825,1,1.12527943868594
"1635",284.25,0.825,1,1.136597160292
"1636",284.5,0.825,1,1.14770285587398
"1637",284.75,0.825,1,1.15846789950861
"1638",285,0.825,1,1.16878877160582
"1639",285.25,0.825,1,1.17844670826481
"1640",285.5,0.825,1,1.18750014505913
"1641",285.75,0.825,1,1.19574905724847
"1642",286,0.825,1,1.20287200563382
"1643",286.25,0.825,1,1.20876756263364
"1644",286.5,0.825,1,1.21363902455239
"1645",286.75,0.825,1,1.21718933651915
"1646",287,0.825,1,1.21770434510115
"1647",287.25,0.825,1,1.21887895740849
"1648",287.5,0.825,1,1.21675416887426
"1649",287.75,0.825,1,1.21252165271381
"1650",288,0.825,1,1.2061340121041
"1651",288.25,0.825,1,1.19752471391485
"1652",288.5,0.825,1,1.18168119848178
"1653",288.75,0.825,1,1.16901084990457
"1654",289,0.825,1,1.15344884315494
"1655",289.25,0.825,1,1.13474399015888
"1656",289.5,0.825,1,1.11282904841794
"1657",289.75,0.825,1,1.08715408093294
"1658",290,0.825,1,1.05629853301235
"1659",290.25,0.825,1,1.01674903677007
"1660",290.5,0.825,1,0.99095165068362
"1661",290.75,0.825,1,0.957938580793281
"1662",291,0.825,1,0.916968855104313
"1663",291.25,0.825,1,0.863397921311063
"1664",291.5,0.825,1,0.832864135054309
"1665",291.75,0.825,1,0.745150485823579
"1666",292,0.825,1,0.737005588960233
"1667",280,0.85,1,0.967507744632961
"1668",280.25,0.85,1,0.974643392249725
"1669",280.5,0.85,1,0.982203893666562
"1670",280.75,0.85,1,0.990190003447025
"1671",281,0.85,1,0.998616316830807
"1672",281.25,0.85,1,1.00747889550416
"1673",281.5,0.85,1,1.01671601508012
"1674",281.75,0.85,1,1.02640826473134
"1675",282,0.85,1,1.03646151747544
"1676",282.25,0.85,1,1.04674115411901
"1677",282.5,0.85,1,1.05746480596542
"1678",282.75,0.85,1,1.06837123906613
"1679",283,0.85,1,1.07970669374593
"1680",283.25,0.85,1,1.09106324580926
"1681",283.5,0.85,1,1.10257369937016
"1682",283.75,0.85,1,1.11415406577286
"1683",284,0.85,1,1.12586524002173
"1684",284.25,0.85,1,1.1373878038693
"1685",284.5,0.85,1,1.14854464057886
"1686",284.75,0.85,1,1.15965915891143
"1687",285,0.85,1,1.17002250053475
"1688",285.25,0.85,1,1.18011475232628
"1689",285.5,0.85,1,1.18945937047703
"1690",285.75,0.85,1,1.19785992620871
"1691",286,0.85,1,1.20547171862601
"1692",286.25,0.85,1,1.21206740790364
"1693",286.5,0.85,1,1.21759575723189
"1694",286.75,0.85,1,1.2219057178201
"1695",287,0.85,1,1.22465816616175
"1696",287.25,0.85,1,1.22580380960169
"1697",287.5,0.85,1,1.22503796169141
"1698",287.75,0.85,1,1.22203776291449
"1699",288,0.85,1,1.21483632784684
"1700",288.25,0.85,1,1.20739987496247
"1701",288.5,0.85,1,1.19340267280816
"1702",288.75,0.85,1,1.18123114602521
"1703",289,0.85,1,1.16136597467331
"1704",289.25,0.85,1,1.13410868219039
"1705",289.5,0.85,1,1.11676338953736
"1706",289.75,0.85,1,1.09498380019539
"1707",290,0.85,1,1.05076531741977
"1708",290.25,0.85,1,1.01688801065595
"1709",290.5,0.85,1,1.00056600451113
"1710",290.75,0.85,1,0.950112452296023
"1711",291,0.85,1,0.918071741473045
"1712",291.25,0.85,1,0.874776003168361
"1713",291.5,0.85,1,0.816193330463148
"1714",291.75,0.85,1,0.787261165858891
"1715",292,0.85,1,0.744387569909278
"1716",280,0.875,1,0.966966870679639
"1717",280.25,0.875,1,0.973976583388371
"1718",280.5,0.875,1,0.981386850690771
"1719",280.75,0.875,1,0.989245134134194
"1720",281,0.875,1,0.997557809724108
"1721",281.25,0.875,1,1.00625006655029
"1722",281.5,0.875,1,1.01536606328362
"1723",281.75,0.875,1,1.02489560564245
"1724",282,0.875,1,1.0348696228001
"1725",282.25,0.875,1,1.04507752901708
"1726",282.5,0.875,1,1.05573802663121
"1727",282.75,0.875,1,1.06662966907391
"1728",283,0.875,1,1.0778610943969
"1729",283.25,0.875,1,1.08919768592708
"1730",283.5,0.875,1,1.10071835119045
"1731",283.75,0.875,1,1.11249627511176
"1732",284,0.875,1,1.1241312820453
"1733",284.25,0.875,1,1.13565822162211
"1734",284.5,0.875,1,1.14715199091247
"1735",284.75,0.875,1,1.15836909204287
"1736",285,0.875,1,1.16928382363461
"1737",285.25,0.875,1,1.17953394445337
"1738",285.5,0.875,1,1.1893437082484
"1739",285.75,0.875,1,1.19842843095306
"1740",286,0.875,1,1.20719576817862
"1741",286.25,0.875,1,1.21509587106456
"1742",286.5,0.875,1,1.2232948654125
"1743",286.75,0.875,1,1.23034087487417
"1744",287,0.875,1,1.23579309585574
"1745",287.25,0.875,1,1.23947609733664
"1746",287.5,0.875,1,1.24053523219886
"1747",287.75,0.875,1,1.23603341956401
"1748",288,0.875,1,1.23292406371273
"1749",288.25,0.875,1,1.22400931028976
"1750",288.5,0.875,1,1.21123521946198
"1751",288.75,0.875,1,1.19449380352817
"1752",289,0.875,1,1.17309271171114
"1753",289.25,0.875,1,1.14666917560804
"1754",289.5,0.875,1,1.13020945031866
"1755",289.75,0.875,1,1.09811563073913
"1756",290,0.875,1,1.05747235880175
"1757",290.25,0.875,1,1.03269772218905
"1758",290.5,0.875,1,1.00110279257924
"1759",290.75,0.875,1,0.960173811274972
"1760",291,0.875,1,0.905867160452356
"1761",291.25,0.875,1,0.874534386085068
"1762",291.5,0.875,1,0.829826669731876
"1763",291.75,0.875,1,0.767931677830035
"1764",292,0.875,1,0.739172604742708
"1765",280,0.9,1,0.965462816966627
"1766",280.25,0.9,1,0.972250659693429
"1767",280.5,0.9,1,0.979449153114024
"1768",280.75,0.9,1,0.987135596820814
"1769",281,0.9,1,0.995204271862339
"1770",281.25,0.9,1,1.00371794551018
"1771",281.5,0.9,1,1.01267780127703
"1772",281.75,0.9,1,1.0219226288924
"1773",282,0.9,1,1.03171443938844
"1774",282.25,0.9,1,1.04181804523229
"1775",282.5,0.9,1,1.05227360587892
"1776",282.75,0.9,1,1.06293936427551
"1777",283,0.9,1,1.07409850728789
"1778",283.25,0.9,1,1.08533975958288
"1779",283.5,0.9,1,1.09672297929258
"1780",283.75,0.9,1,1.10834663225738
"1781",284,0.9,1,1.11997852263683
"1782",284.25,0.9,1,1.13163188508028
"1783",284.5,0.9,1,1.14314148035419
"1784",284.75,0.9,1,1.15440532133878
"1785",285,0.9,1,1.1656218596011
"1786",285.25,0.9,1,1.17666193398407
"1787",285.5,0.9,1,1.18772359473154
"1788",285.75,0.9,1,1.19934038552863
"1789",286,0.9,1,1.21195607304513
"1790",286.25,0.9,1,1.22381186692193
"1791",286.5,0.9,1,1.23300876865046
"1792",286.75,0.9,1,1.2388527102194
"1793",287,0.9,1,1.24214863928097
"1794",287.25,0.9,1,1.24326542325867
"1795",287.5,0.9,1,1.24185557379424
"1796",287.75,0.9,1,1.23659686546811
"1797",288,0.9,1,1.22948971581732
"1798",288.25,0.9,1,1.22105017502346
"1799",288.5,0.9,1,1.21130153464591
"1800",288.75,0.9,1,1.19936658334738
"1801",289,0.9,1,1.18433442818533
"1802",289.25,0.9,1,1.16585839578539
"1803",289.5,0.9,1,1.12955681321251
"1804",289.75,0.9,1,1.10057089851594
"1805",290,0.9,1,1.0829462412882
"1806",290.25,0.9,1,1.04229339613346
"1807",290.5,0.9,1,0.990511889756033
"1808",290.75,0.9,1,0.959568156026815
"1809",291,0.9,1,0.91791858699096
"1810",291.25,0.9,1,0.860688619195635
"1811",291.5,0.9,1,0.830661142884212
"1812",291.75,0.9,1,0.784997949736374
"1813",292,0.9,1,0.719197864666859
"1814",280,0.925,1,0.962882193317841
"1815",280.25,0.925,1,0.969392768500017
"1816",280.5,0.925,1,0.976371150986143
"1817",280.75,0.925,1,0.983738553946792
"1818",281,0.925,1,0.991507300480276
"1819",281.25,0.925,1,0.999706404651594
"1820",281.5,0.925,1,1.0084078588651
"1821",281.75,0.925,1,1.0175159952518
"1822",282,0.925,1,1.02686465565312
"1823",282.25,0.925,1,1.03672024517039
"1824",282.5,0.925,1,1.04695721111604
"1825",282.75,0.925,1,1.05741811758915
"1826",283,0.925,1,1.06820866696657
"1827",283.25,0.925,1,1.07916727029037
"1828",283.5,0.925,1,1.09051629956377
"1829",283.75,0.925,1,1.10181836822004
"1830",284,0.925,1,1.11340761019416
"1831",284.25,0.925,1,1.12485807331159
"1832",284.5,0.925,1,1.13620482473425
"1833",284.75,0.925,1,1.14791210241902
"1834",285,0.925,1,1.15984263482859
"1835",285.25,0.925,1,1.17321954893339
"1836",285.5,0.925,1,1.18808964903149
"1837",285.75,0.925,1,1.202431036934
"1838",286,0.925,1,1.21369803194988
"1839",286.25,0.925,1,1.22234040897492
"1840",286.5,0.925,1,1.22880379559875
"1841",286.75,0.925,1,1.23332122169694
"1842",287,0.925,1,1.2358513915131
"1843",287.25,0.925,1,1.23584547660248
"1844",287.5,0.925,1,1.23535651795316
"1845",287.75,0.925,1,1.23187350983916
"1846",288,0.925,1,1.22364839275647
"1847",288.25,0.925,1,1.21754815645478
"1848",288.5,0.925,1,1.20765318531208
"1849",288.75,0.925,1,1.19231525516843
"1850",289,0.925,1,1.16727216386174
"1851",289.25,0.925,1,1.1564788767568
"1852",289.5,0.925,1,1.12194748939355
"1853",289.75,0.925,1,1.10476620371317
"1854",290,0.925,1,1.08103372426343
"1855",290.25,0.925,1,1.0496064388391
"1856",290.5,0.925,1,1.00646867231276
"1857",290.75,0.925,1,0.948531376290658
"1858",291,0.925,1,0.918574943176838
"1859",291.25,0.925,1,0.876762355146598
"1860",291.5,0.925,1,0.816567135587291
"1861",291.75,0.925,1,0.788567035604822
"1862",292,0.925,1,0.741567693382171
"1863",280,0.95,1,0.959219829990772
"1864",280.25,0.95,1,0.965448635947798
"1865",280.5,0.95,1,0.972033113896311
"1866",280.75,0.95,1,0.979020295915268
"1867",281,0.95,1,0.986476098927797
"1868",281.25,0.95,1,0.994341976748967
"1869",281.5,0.95,1,1.00246040216329
"1870",281.75,0.95,1,1.01131816285814
"1871",282,0.95,1,1.02027529078
"1872",282.25,0.95,1,1.02972044707412
"1873",282.5,0.95,1,1.03960013813465
"1874",282.75,0.95,1,1.04966845121105
"1875",283,0.95,1,1.06009895940276
"1876",283.25,0.95,1,1.07053662820685
"1877",283.5,0.95,1,1.081632895498
"1878",283.75,0.95,1,1.09269058429971
"1879",284,0.95,1,1.10372425973307
"1880",284.25,0.95,1,1.11530453253467
"1881",284.5,0.95,1,1.12720002545113
"1882",284.75,0.95,1,1.1399735263821
"1883",285,0.95,1,1.15486118754812
"1884",285.25,0.95,1,1.17048882220517
"1885",285.5,0.95,1,1.18352705213791
"1886",285.75,0.95,1,1.19364591635085
"1887",286,0.95,1,1.20267459502035
"1888",286.25,0.95,1,1.21045341587666
"1889",286.5,0.95,1,1.21709553569883
"1890",286.75,0.95,1,1.22234806032626
"1891",287,0.95,1,1.2254439397011
"1892",287.25,0.95,1,1.2264868078435
"1893",287.5,0.95,1,1.22495486230267
"1894",287.75,0.95,1,1.22125515185341
"1895",288,0.95,1,1.21209297051538
"1896",288.25,0.95,1,1.20707306512517
"1897",288.5,0.95,1,1.19513243343834
"1898",288.75,0.95,1,1.17770631909223
"1899",289,0.95,1,1.15634428724
"1900",289.25,0.95,1,1.13158184566632
"1901",289.5,0.95,1,1.12522640715924
"1902",289.75,0.95,1,1.09554398783574
"1903",290,0.95,1,1.05412481970597
"1904",290.25,0.95,1,1.03531573825285
"1905",290.5,0.95,1,1.00671174438182
"1906",290.75,0.95,1,0.967682259519404
"1907",291,0.95,1,0.909971106680581
"1908",291.25,0.95,1,0.880397254998585
"1909",291.5,0.95,1,0.838437470637387
"1910",291.75,0.95,1,0.776207771386321
"1911",292,0.95,1,0.749209087434587
"1912",280,0.975,1,0.954498257091842
"1913",280.25,0.975,1,0.960237200962336
"1914",280.5,0.975,1,0.966364934836052
"1915",280.75,0.975,1,0.972926943822232
"1916",281,0.975,1,0.979889594653284
"1917",281.25,0.975,1,0.987361807611368
"1918",281.5,0.975,1,0.995051606116022
"1919",281.75,0.975,1,1.00332144119449
"1920",282,0.975,1,1.01176372228207
"1921",282.25,0.975,1,1.02065148750159
"1922",282.5,0.975,1,1.02996933280137
"1923",282.75,0.975,1,1.03955355163735
"1924",283,0.975,1,1.04955385551955
"1925",283.25,0.975,1,1.05981867615592
"1926",283.5,0.975,1,1.07010776304361
"1927",283.75,0.975,1,1.08082979401338
"1928",284,0.975,1,1.09179241479169
"1929",284.25,0.975,1,1.10334360632313
"1930",284.5,0.975,1,1.11687856562903
"1931",284.75,0.975,1,1.13238075599529
"1932",285,0.975,1,1.14596684744989
"1933",285.25,0.975,1,1.15731925264407
"1934",285.5,0.975,1,1.16754095515981
"1935",285.75,0.975,1,1.17696442865935
"1936",286,0.975,1,1.18569132177278
"1937",286.25,0.975,1,1.19345391858236
"1938",286.5,0.975,1,1.20027136495549
"1939",286.75,0.975,1,1.20568274115751
"1940",287,0.975,1,1.20992588807781
"1941",287.25,0.975,1,1.21171389961173
"1942",287.5,0.975,1,1.21103527563073
"1943",287.75,0.975,1,1.2068351924339
"1944",288,0.975,1,1.20070544998679
"1945",288.25,0.975,1,1.19210374249259
"1946",288.5,0.975,1,1.1808185361178
"1947",288.75,0.975,1,1.16684302767141
"1948",289,0.975,1,1.13719842405641
"1949",289.25,0.975,1,1.12162138841102
"1950",289.5,0.975,1,1.10125375857059
"1951",289.75,0.975,1,1.07642693987542
"1952",290,0.975,1,1.04473384398913
"1953",290.25,0.975,1,1.002590594867
"1954",290.5,0.975,1,0.98854012232071
"1955",290.75,0.975,1,0.921376630376685
"1956",291,0.975,1,0.881192369548114
"1957",291.25,0.975,1,0.819051208825397
"1958",291.5,0.975,1,0.790449321434631
"1959",291.75,0.975,1,0.742841347637525
"1960",292,0.975,1,0.669159850898783
"1961",280,1,1,0.948497361922173
"1962",280.25,1,1,0.953731335108433
"1963",280.5,1,1,0.959390456962361
"1964",280.75,1,1,0.965461004303586
"1965",281,1,1,0.971871694599491
"1966",281.25,1,1,0.978509447749292
"1967",281.5,1,1,0.985816310809658
"1968",281.75,1,1,0.993416377144644
"1969",282,1,1,1.00118102318105
"1970",282.25,1,1,1.00950741973214
"1971",282.5,1,1,1.01798663050202
"1972",282.75,1,1,1.0272263539904
"1973",283,1,1,1.03625786768315
"1974",283.25,1,1,1.04588330505771
"1975",283.5,1,1,1.05590257795193
"1976",283.75,1,1,1.06596905986237
"1977",284,1,1,1.07730240119319
"1978",284.25,1,1,1.09066443637083
"1979",284.5,1,1,1.10472756027176
"1980",284.75,1,1,1.11666226751837
"1981",285,1,1,1.12700810952259
"1982",285.25,1,1,1.13715868415919
"1983",285.5,1,1,1.14687277040213
"1984",285.75,1,1,1.15620601423413
"1985",286,1,1,1.1643951449784
"1986",286.25,1,1,1.17206589697345
"1987",286.5,1,1,1.17870014225628
"1988",286.75,1,1,1.18430013719875
"1989",287,1,1,1.18858252998946
"1990",287.25,1,1,1.19057364163085
"1991",287.5,1,1,1.19129706987533
"1992",287.75,1,1,1.18910104279489
"1993",288,1,1,1.18286026708029
"1994",288.25,1,1,1.17344701788925
"1995",288.5,1,1,1.15027805274446
"1996",288.75,1,1,1.14551067839127
"1997",289,1,1,1.12880687166596
"1998",289.25,1,1,1.10348398518328
"1999",289.5,1,1,1.08501957975269
"2000",289.75,1,1,1.04318983632101
"2001",290,1,1,1.02415113519125
"2002",290.25,1,1,0.994910035395977
"2003",290.5,1,1,0.957010494140133
"2004",290.75,1,1,0.901046197734214
"2005",291,1,1,0.881570301591931
"2006",291.25,1,1,0.777072656198997
"2007",291.5,1,1,0.781926077012465
"2008",291.75,1,1,0.67876486024207
"2009",292,1,1,0.623774822306656
